0.250631 0.174553
-0.691925 0.0310853
0.535543 0.064929
0.050144 -0.958351
-0.0459515 -0.970389
0.884581 0.00977201
-1.06722 0.0103221
-0.131454 -0.237179
-0.375317 0.17405
-0.242965 0.194569
0.137674 -0.249241
0.384188 0.161716
0.702805 0.0240533
-0.872826 0.0163968
-0.525616 0.0719175
0.0014825 -1.17952
1.07979 0.00325279
-1.27424 0.00822725
-1.49315 0.00802275
1.28757 0.000866086
0.31713 0.20017
-0.60852 0.0453699
0.618946 0.0389438
0.093509 -0.590778
-0.0222345 -1.11484
0.981991 0.00572409
-0.969815 0.0126199
-0.0880885 -0.580457
-0.308817 0.216503
-0.18681 0.0623979
0.193829 0.0360294
0.459616 0.104973
0.793483 0.0147408
-0.782148 0.0220255
-0.450186 0.114102
0.025199 -1.11519
1.1835 0.00197653
-1.17054 0.0089449
-1.38351 0.00794629
1.39721 3.28266e-05
0.28388 0.198679
-0.650222 0.0372699
0.577244 0.0500032
0.0718265 -0.781606
-0.034093 -1.04849
0.933286 0.00752336
-1.01852 0.011355
-0.109771 -0.396064
-0.342067 0.199078
-0.214887 0.144844
0.165752 -0.0859669
0.421901 0.132061
0.748144 0.0187817
-0.827487 0.0189252
-0.487901 0.0903523
0.0133405 -1.1609
1.13165 0.00256478
-1.22239 0.00850281
-1.43833 0.00795025
1.34239 0.000418508
0.35038 0.185266
-0.56682 0.0562399
0.660648 0.0306156
0.115192 -0.409381
-0.010376 -1.15748
1.0307 0.00435516
-0.92111 0.0142376
-0.066406 -0.776681
-0.275568 0.217967
-0.158732 -0.0609679
0.221907 0.118514
0.49733 0.0822522
0.838821 0.0116763
-0.736808 0.0259646
-0.412473 0.142692
0.0370575 -1.04571
1.23535 0.00145529
-1.11868 0.00955229
-1.32869 0.00801624
1.45203 -0.000266464
0.267255 0.189617
-0.671073 0.0337666
0.556394 0.057257
0.0609855 -0.875361
-0.040022 -1.01101
0.908933 0.00862835
-1.04287 0.0108164
-0.120613 -0.312927
-0.358692 0.187028
-0.228927 0.173117
0.151713 -0.163282
0.403045 0.146584
0.725474 0.0211991
-0.850156 0.0176055
-0.506758 0.0806366
0.0074115 -1.17252
1.10572 0.00289088
-1.24831 0.00834691
-1.46574 0.00798646
1.31498 0.000653066
0.333755 0.194375
-0.58767 0.0502944
0.639797 0.0343443
0.10435 -0.497829
-0.016305 -1.14018
1.00634 0.00501434
-0.945462 0.0133745
-0.0772475 -0.67817
-0.292192 0.219865
-0.172771 0.00631031
0.207868 0.0820096
0.478472 0.0928194
0.816152 0.013102
-0.759478 0.0238689
-0.43133 0.127821
0.0311285 -1.08497
1.20942 0.0017144
-1.14461 0.00920561
-1.3561 0.00795702
1.42462 -0.00013503
0.300505 0.202021
-0.629371 0.0408845
0.598094 0.043972
0.082668 -0.686228
-0.0281635 -1.08589
0.957638 0.00655772
-0.994167 0.0119378
-0.0989295 -0.485594
-0.325442 0.209363
-0.200848 0.108487
0.17979 -0.0195813
0.440758 0.118036
0.770814 0.0166421
-0.804817 0.0203757
-0.469044 0.101394
0.0192695 -1.14191
1.15757 0.00226762
-1.19646 0.00869495
-1.41092 0.00792339
1.3698 0.000211186
0.367005 0.173957
-0.545968 0.0634226
0.681499 0.0269743
0.126033 -0.326621
-0.004447 -1.16698
1.05505 0.00378392
-0.896757 0.0152093
-0.0555645 -0.875358
-0.258943 0.209759
-0.144694 -0.140067
0.235946 0.147416
0.516186 0.0729886
0.86149 0.010495
-0.714139 0.0283765
-0.393616 0.158352
0.0429865 -1.00606
1.26128 0.00119349
-1.09276 0.00991769
-1.30128 0.0080875
1.47944 -0.000325593
0.258943 0.182519
-0.681499 0.0325417
0.545968 0.0608707
0.0555645 -0.919256
-0.0429865 -0.989577
0.896757 0.00920833
-1.05505 0.0105679
-0.126033 -0.274136
-0.367005 0.180581
-0.235946 0.184608
0.144694 -0.205691
0.393616 0.153976
0.714139 0.0225477
-0.86149 0.0169952
-0.516186 0.0759519
0.004447 -1.17583
1.09276 0.00305802
-1.26128 0.00827165
-1.47944 0.00800393
1.30128 0.000748816
0.325442 0.197717
-0.598094 0.0477831
0.629371 0.0365154
0.0989295 -0.543747
-0.0192695 -1.12877
0.994167 0.00535436
-0.957638 0.0129798
-0.082668 -0.629086
-0.300505 0.218918
-0.17979 0.0354103
0.200848 0.0601125
0.469044 0.0988588
0.804817 0.01389
-0.770814 0.0229246
-0.440758 0.120753
0.0281635 -1.09927
1.19646 0.0018448
-1.15757 0.0090605
-1.3698 0.00793824
1.41092 -5.28254e-05
0.292192 0.201173
-0.639797 0.0389653
0.58767 0.047015
0.0772475 -0.734343
-0.0311285 -1.0674
0.945462 0.00702371
-1.00634 0.0116424
-0.10435 -0.4404
-0.333755 0.20442
-0.207868 0.127537
0.172771 -0.0516083
0.43133 0.125146
0.759478 0.0176646
-0.816152 0.0196196
-0.478472 0.0959374
0.016305 -1.15226
1.14461 0.00240372
-1.20942 0.00858345
-1.42462 0.00793547
1.3561 0.000325415
0.358692 0.179809
-0.556394 0.0595302
0.671073 0.028751
0.120613 -0.367293
-0.0074115 -1.16416
1.04287 0.00405526
-0.908933 0.014706
-0.0609855 -0.826913
-0.267255 0.214759
-0.151713 -0.0986763
0.228927 0.134136
0.506758 0.0772916
0.850156 0.0110389
-0.725474 0.0271224
-0.403045 0.150495
0.040022 -1.02713
1.24831 0.00132525
-1.10572 0.00973496
-1.31498 0.00804175
1.46574 -0.000310517
0.275568 0.194956
-0.660648 0.035449
0.56682 0.0533675
0.066406 -0.829734
-0.0370575 -1.03081
0.92111 0.00805799
-1.0307 0.0110703
-0.115192 -0.353643
-0.35038 0.193201
-0.221907 0.160244
0.158732 -0.122984
0.412473 0.139362
0.736808 0.0199412
-0.838821 0.0182479
-0.49733 0.0851724
0.010376 -1.16867
1.11868 0.00272678
-1.23535 0.00842352
-1.45203 0.00796637
1.32869 0.000535789
0.342067 0.190075
-0.577244 0.0533104
0.650222 0.0323682
0.109771 -0.453253
-0.0133405 -1.14973
1.01852 0.00468171
-0.933286 0.0138001
-0.0718265 -0.727698
-0.28388 0.219787
-0.165752 -0.0260821
0.214887 0.101161
0.487901 0.0876133
0.827487 0.0123565
-0.748144 0.0248827
-0.421901 0.135347
0.034093 -1.0657
1.22239 0.00156113
-1.13165 0.0093776
-1.34239 0.00797453
1.43833 -0.000214567
0.308817 0.201823
-0.618946 0.042996
0.60852 0.0414156
0.0880885 -0.638297
-0.025199 -1.09983
0.969815 0.00612407
-0.981991 0.0122615
-0.093509 -0.532291
-0.31713 0.213395
-0.193829 0.0866256
0.18681 0.0093211
0.450186 0.111325
0.782148 0.0156607
-0.793483 0.0211705
-0.459616 0.107702
0.0222345 -1.12985
1.17054 0.0021096
-1.1835 0.00880517
-1.39721 0.00793417
1.38351 0.000121146
0.375317 0.16763
-0.535543 0.0671098
0.691925 0.0256402
0.131454 -0.287497
-0.0014825 -1.16836
1.06722 0.00351561
-0.884581 0.0157513
-0.050144 -0.924023
-0.250631 0.202334
-0.137674 -0.184352
0.242965 0.159892
0.525616 0.0685992
0.872826 0.0100363
-0.702805 0.0296888
-0.384188 0.166483
0.0459515 -0.982207
1.27424 0.00103447
-1.07979 0.0101299
-1.28757 0.0081399
1.49315 -0.000304236
