4243
0.0138304
0.00778733
0.00587681
0.00531086
0.00434883
0.00398802
0.00387217
0.00367432
0.00342662
0.00307665
0.00311632
0.00309395
0.00290903
0.00262378
0.00259531
0.00253467
0.00238316
0.00228683
0.00224914
0.002145
0.00207208
0.00196184
0.00192703
0.00192169
0.00201551
0.00201162
0.00216719
0.00235324
0.00243053
0.00245499
0.00243745
0.00235233
0.00225303
0.00226846
0.00223067
0.00213916
0.00206012
0.0020456
0.00214555
0.00227073
0.00236114
0.00245161
0.00253546
0.00259942
0.00255713
0.00240621
0.00226972
0.00209221
0.00191575
0.00182067
0.00175723
0.00189899
0.00200471
0.00206651
0.00207906
0.00204019
0.00196889
0.00192429
0.00184938
0.00174656
0.00177937
0.00180539
0.00179842
0.00175641
0.00175578
0.00179668
0.00181483
0.00180669
0.00176999
0.00170392
0.00160928
0.00148841
0.00148034
0.00144948
0.00139091
0.00132161
0.00134931
0.00148914
0.00158831
0.00164574
0.00166248
0.00178505
0.00189101
0.00195446
0.0019764
0.00196297
0.00204129
0.0020804
0.00207957
0.00204115
0.00198437
0.00197732
0.00196365
0.00191694
0.00186814
0.00183005
0.00179123
0.00175633
0.00169602
0.00161339
0.00152231
0.00154198
0.0015394
0.00151582
0.00151071
0.0015155
0.00153186
0.0015475
0.00154733
0.00158132
0.00159569
0.00162767
0.00167058
0.00169286
0.00169452
0.00167631
0.00164631
0.00159616
0.0015274
0.001442
0.00136149
0.00135613
0.0013942
0.00142437
0.00144615
0.00145919
0.00146327
0.00145828
0.00144423
0.00142119
0.00138932
0.00134882
0.00129993
0.00124294
0.00117818
0.00110602
0.0010269
0.000941305
0.00084982
0.000753101
0.0006519
0.00057336
0.000564794
0.000553285
0.000538763
0.000521209
0.000500647
0.000477157
0.000450881
0.00042202
0.000438215
0.000514847
0.000585719
0.000650457
0.000708792
0.000760573
0.000806712
0.000850863
0.000888345
0.000919524
0.000944811
0.000964637
0.000979436
0.000989617
0.000995554
0.000997568
0.000995924
0.000990828
0.000982414
0.000970777
0.000955958
0.000937952
0.000916732
0.000892259
0.000864493
0.000833407
0.000799001
0.000761308
0.000720409
0.00067643
0.000636929
0.000665443
0.000688017
0.00070425
0.000713853
0.000716653
0.000712594
0.000701856
0.000688667
0.000668301
0.000641091
0.000607481
0.000568014
0.000523319
0.000474094
0.000437438
0.000433096
0.000424319
0.000411352
0.00042734
0.000449638
0.000467547
0.000481094
0.000490352
0.000495435
0.000496496
0.000493724
0.000487336
0.000477577
0.000464712
0.000449019
0.000444056
0.000444626
0.000445742
0.000450018
0.000455512
0.000460068
0.000463705
0.000466443
0.000468304
0.000469314
0.000469497
0.000468881
0.000467495
0.000465368
0.00046253
0.000459012
0.000454848
0.000450068
0.000451219
0.000466875
0.000481069
0.000493622
0.000504353
0.000513088
0.00051966
0.000523917
0.000525728
0.000524985
0.000521607
0.000515548
0.000506794
0.00049537
0.000481335
0.000487924
0.000494804
0.000501078
0.000506706
0.000511652
0.000515881
0.000519361
0.000522062
0.000525421
0.000529919
0.000533491
0.000536108
0.000537743
0.000538378
0.000537996
0.000536588
0.000534147
0.000530673
0.000526171
0.000520651
0.000514126
0.000506616
0.000498144
0.000488739
0.000478431
0.000467256
0.000455254
0.000442465
0.000428937
0.000414715
0.000399849
0.000384391
0.000368394
0.000351911
0.000334998
0.000317709
0.000310752
0.000309205
0.000313295
0.000315901
0.00031699
0.000316542
0.000314553
0.000311034
0.000306008
0.000299515
0.000291606
0.000283846
0.000275262
0.000265721
0.000255291
0.000244047
0.00023529
0.000235026
0.000236514
0.00023923
0.000241805
0.000243931
0.000245611
0.000246854
0.000247666
0.000248059
0.000249091
0.0002509
0.000252314
0.000253339
0.00025398
0.000254245
0.000254142
0.000255667
0.000257213
0.000258392
0.000259205
0.000259656
0.000259747
0.000259485
0.000258875
0.000257923
0.000256639
0.000257864
0.000259269
0.000260317
0.000261038
0.000261482
0.000261613
0.000261441
0.000260976
0.00026023
0.000259211
0.000257929
0.000256654
0.000255688
0.000254335
0.000252599
0.000250485
0.000247998
0.000245144
0.000241931
0.000238367
0.000234459
0.000230219
0.000225655
0.000221749
0.00021783
0.000213782
0.000209614
0.000205333
0.000200948
0.000196467
0.000191899
0.00018743
0.000183109
0.000178744
0.000174343
0.000169913
0.000165462
0.000160996
0.000156523
0.000156543
0.000157975
0.000159211
0.000160248
0.000161087
0.000161727
0.000162169
0.000162415
0.000162464
0.000162319
0.000161983
0.000161458
0.000160746
0.00015985
0.000158775
0.000157524
0.0001561
0.000154509
0.000152754
0.000150839
0.000148915
0.000147089
0.000145117
0.000143004
0.000140755
0.000138373
0.000135864
0.000133232
0.000135394
0.000137197
0.000138631
0.000139704
0.000140424
0.000140802
0.000140848
0.000140574
0.000139991
0.000139114
0.000137955
0.000136531
0.000137472
0.000140871
0.000143991
0.000146827
0.000149378
0.000151643
0.000154765
0.000157614
0.000160175
0.000162441
0.00016441
0.000166079
0.000167447
0.000168516
0.000169287
0.000169763
0.000169951
0.000169857
0.000169486
0.00016885
0.000167956
0.000166815
0.00016544
0.000163842
0.000162034
0.00016003
0.000157843
0.00015549
0.000152983
0.000158549
0.000165385
0.000172131
0.000178769
0.000186246
0.000193963
0.000201646
0.000209244
0.000216686
0.00022396
0.000231051
0.000237943
0.000244626
0.000251084
0.000257307
0.000263281
0.000268997
0.000274442
0.000279606
0.00028448
0.000289054
0.000293319
0.000297267
0.000300889
0.000304178
0.000307262
0.000310089
0.000312557
0.000314658
0.000316386
0.000317736
0.000318702
0.000319282
0.00031947
0.000319266
0.000318666
0.00031767
0.000316276
0.000314486
0.0003123
0.000309721
0.000306751
0.000303394
0.000299654
0.000295537
0.000291049
0.000286197
0.000280988
0.000275431
0.000269537
0.000263314
0.000256774
0.000249929
0.000242792
0.000235395
0.000228428
0.000221386
0.000214221
0.000206843
0.000199263
0.000191494
0.000183547
0.000175435
0.000167172
0.000158771
0.000150244
0.00014185
0.000134068
0.000126198
0.000118467
0.000117735
0.000116925
0.000116037
0.000115073
0.000114035
0.000112924
0.000111742
0.000110491
0.000109174
0.000107791
0.000106344
0.000104837
0.00010327
0.000101647
9.99682e-05
9.8237e-05
9.7414e-05
9.67604e-05
9.60323e-05
9.523e-05
9.45405e-05
0.000100258
0.000105674
0.000110785
0.000115588
0.000120081
0.000124263
0.000128134
0.000131695
0.000134945
0.000137887
0.000140524
0.000142858
0.000144893
0.000146633
0.000148084
0.00014925
0.000150137
0.000151086
0.000152159
0.00015295
0.000153466
0.000153714
0.0001537
0.000153431
0.000152917
0.000152164
0.000151183
0.000149981
0.000148569
0.000146956
0.000145152
0.000143208
0.000141116
0.000138863
0.00013646
0.000133918
0.000131248
0.00012846
0.000125565
0.000122573
0.00012306
0.000125848
0.000128528
0.000131011
0.000133292
0.000135367
0.000137232
0.000138884
0.000140322
0.000141542
0.000142544
0.000143326
0.000143888
0.000144231
0.000144353
0.000144258
0.000143945
0.000143417
0.000142676
0.000141726
0.000140618
0.00013941
0.000138012
0.000136426
0.000134659
0.000132714
0.000131042
0.000129937
0.000128905
0.000127722
0.000126391
0.000124917
0.000123301
0.000121548
0.000119661
0.000117643
0.000115498
0.000113232
0.000110847
0.000108348
0.000105741
0.000103028
0.000100216
9.73094e-05
9.43125e-05
9.12307e-05
8.80691e-05
8.4919e-05
8.24341e-05
7.98782e-05
7.93646e-05
7.99057e-05
8.06041e-05
8.12613e-05
8.18772e-05
8.24512e-05
8.29834e-05
8.34733e-05
8.39207e-05
8.43255e-05
8.46874e-05
8.50063e-05
8.5282e-05
8.55144e-05
8.57034e-05
8.58489e-05
8.59509e-05
8.60092e-05
8.6024e-05
8.59953e-05
8.59231e-05
8.58075e-05
8.56485e-05
8.54464e-05
8.52014e-05
8.49135e-05
8.4864e-05
8.47882e-05
8.46743e-05
8.45225e-05
8.43329e-05
8.41058e-05
8.39635e-05
8.38076e-05
8.36158e-05
8.33882e-05
8.31251e-05
8.28269e-05
8.24939e-05
8.21264e-05
8.17247e-05
8.12892e-05
8.08203e-05
8.03184e-05
7.97837e-05
7.92169e-05
7.86182e-05
7.79881e-05
7.73271e-05
7.66357e-05
7.59142e-05
7.51632e-05
7.43832e-05
7.35746e-05
7.27381e-05
7.18741e-05
7.15018e-05
7.17021e-05
7.18903e-05
7.19892e-05
7.20007e-05
7.19268e-05
7.17696e-05
7.15314e-05
7.12146e-05
7.08214e-05
7.03545e-05
6.98164e-05
6.92099e-05
6.85376e-05
6.79619e-05
6.74342e-05
6.68587e-05
6.62378e-05
6.55737e-05
6.49138e-05
6.46924e-05
6.44223e-05
6.41048e-05
6.37414e-05
6.33337e-05
6.28832e-05
6.23917e-05
6.18607e-05
6.12918e-05
6.06868e-05
6.00647e-05
6.05388e-05
6.22826e-05
6.396e-05
6.55679e-05
6.71033e-05
6.85634e-05
6.99456e-05
7.12472e-05
7.24661e-05
7.36e-05
7.46471e-05
7.56054e-05
7.64735e-05
7.72499e-05
7.79335e-05
7.85233e-05
7.90185e-05
7.9747e-05
8.05394e-05
8.12285e-05
8.18135e-05
8.22939e-05
8.26693e-05
8.29395e-05
8.33191e-05
8.36055e-05
8.37822e-05
8.38496e-05
8.38083e-05
8.36594e-05
8.3404e-05
8.30435e-05
8.26699e-05
8.23306e-05
8.20527e-05
8.17925e-05
8.14279e-05
8.09606e-05
8.03925e-05
7.97256e-05
7.89621e-05
7.81045e-05
7.71554e-05
7.62952e-05
7.5505e-05
7.47348e-05
7.38752e-05
7.29287e-05
7.18979e-05
7.10314e-05
7.01276e-05
6.91411e-05
6.80745e-05
6.69307e-05
6.57123e-05
6.44223e-05
6.30636e-05
6.17295e-05
6.04583e-05
5.91208e-05
5.77198e-05
5.62582e-05
5.47391e-05
5.31655e-05
5.15405e-05
4.9947e-05
4.91195e-05
4.82265e-05
4.72698e-05
4.63344e-05
4.54973e-05
4.45982e-05
4.46766e-05
4.48217e-05
4.50126e-05
4.51832e-05
4.53335e-05
4.54635e-05
4.55733e-05
4.56627e-05
4.57318e-05
4.57806e-05
4.58092e-05
4.58627e-05
4.59228e-05
4.59619e-05
4.59801e-05
4.59775e-05
4.59542e-05
4.59103e-05
4.58459e-05
4.5761e-05
4.56559e-05
4.55307e-05
4.53855e-05
4.52206e-05
4.50361e-05
4.48322e-05
4.46091e-05
4.43671e-05
4.41064e-05
4.38273e-05
4.353e-05
4.32148e-05
4.28821e-05
4.2532e-05
4.2165e-05
4.17814e-05
4.13814e-05
4.09655e-05
4.0534e-05
4.00873e-05
3.96258e-05
3.91499e-05
3.86599e-05
3.81564e-05
3.76396e-05
3.71101e-05
3.65683e-05
3.60147e-05
3.60889e-05
3.63085e-05
3.67323e-05
3.71068e-05
3.74329e-05
3.77112e-05
3.79428e-05
3.81284e-05
3.82692e-05
3.83662e-05
3.84205e-05
3.87505e-05
3.91859e-05
3.95737e-05
3.99145e-05
4.02089e-05
4.04573e-05
4.09784e-05
4.1521e-05
4.26103e-05
4.39605e-05
4.52903e-05
4.65977e-05
4.78808e-05
4.91377e-05
5.03667e-05
5.15659e-05
5.27338e-05
5.38685e-05
5.49687e-05
5.60328e-05
5.70594e-05
5.80471e-05
5.89946e-05
5.99008e-05
6.07645e-05
6.15847e-05
6.23604e-05
6.30907e-05
6.37748e-05
6.44119e-05
6.50015e-05
6.57877e-05
6.65579e-05
6.72859e-05
6.79708e-05
6.86118e-05
6.92083e-05
6.97595e-05
7.02651e-05
7.07244e-05
7.1137e-05
7.15028e-05
7.18696e-05
7.24292e-05
7.29459e-05
7.34193e-05
7.3849e-05
7.42346e-05
7.45756e-05
7.4872e-05
7.51234e-05
7.53298e-05
7.54911e-05
7.56073e-05
7.57417e-05
7.59035e-05
7.6156e-05
7.63899e-05
7.65813e-05
7.67301e-05
7.68365e-05
7.69003e-05
7.69218e-05
7.69011e-05
7.68384e-05
7.6734e-05
7.65882e-05
7.64014e-05
7.61741e-05
7.59067e-05
7.55998e-05
7.5254e-05
7.48699e-05
7.44483e-05
7.39898e-05
7.34952e-05
7.29654e-05
7.24012e-05
7.18036e-05
7.11736e-05
7.0512e-05
6.98199e-05
6.90984e-05
6.83979e-05
6.80521e-05
6.76775e-05
6.72747e-05
6.68443e-05
6.63869e-05
6.59031e-05
6.53936e-05
6.48592e-05
6.43004e-05
6.37182e-05
6.31132e-05
6.24863e-05
6.18382e-05
6.11699e-05
6.04822e-05
5.97759e-05
5.90519e-05
5.83111e-05
5.75545e-05
5.6783e-05
5.60296e-05
5.53519e-05
5.47615e-05
5.41599e-05
5.35427e-05
5.29106e-05
5.22646e-05
5.16054e-05
5.09338e-05
5.02507e-05
4.95568e-05
4.8853e-05
4.82417e-05
4.77394e-05
4.72259e-05
4.67017e-05
4.61675e-05
4.56238e-05
4.50713e-05
4.4546e-05
4.4095e-05
4.36349e-05
4.31663e-05
4.26895e-05
4.22052e-05
4.17138e-05
4.12157e-05
4.07115e-05
4.02017e-05
3.96867e-05
3.9167e-05
3.86431e-05
3.81155e-05
3.75845e-05
3.70508e-05
3.65146e-05
3.59766e-05
3.5437e-05
3.49833e-05
3.53338e-05
3.56668e-05
3.59815e-05
3.62774e-05
3.65539e-05
3.68102e-05
3.70458e-05
3.72603e-05
3.7453e-05
3.76235e-05
3.77713e-05
3.79293e-05
3.81142e-05
3.82748e-05
3.84107e-05
3.85214e-05
3.86067e-05
3.86661e-05
3.86994e-05
3.87064e-05
3.86869e-05
3.86406e-05
3.86141e-05
3.8682e-05
3.88039e-05
3.88991e-05
3.89673e-05
3.90082e-05
3.90217e-05
3.90076e-05
3.89658e-05
3.88963e-05
3.8799e-05
3.86739e-05
3.85212e-05
3.83408e-05
3.8133e-05
3.78978e-05
3.76356e-05
3.73465e-05
3.70309e-05
3.6689e-05
3.63212e-05
3.5928e-05
3.55096e-05
3.50666e-05
3.45995e-05
3.41087e-05
3.35949e-05
3.30586e-05
3.25003e-05
3.19209e-05
3.13208e-05
3.07008e-05
3.00616e-05
2.94039e-05
2.87285e-05
2.80361e-05
2.73276e-05
2.66037e-05
2.58653e-05
2.51132e-05
2.43483e-05
2.35714e-05
2.27834e-05
2.21126e-05
2.20282e-05
2.19666e-05
2.19298e-05
2.1889e-05
2.18442e-05
2.17955e-05
2.17429e-05
2.16865e-05
2.16264e-05
2.15625e-05
2.14951e-05
2.14241e-05
2.13495e-05
2.12716e-05
2.11903e-05
2.11057e-05
2.1018e-05
2.0927e-05
2.08331e-05
2.07361e-05
2.06363e-05
2.05336e-05
2.04282e-05
2.03202e-05
2.02095e-05
2.00963e-05
1.99807e-05
1.98628e-05
1.97426e-05
1.96202e-05
1.95613e-05
1.9634e-05
1.97013e-05
1.97633e-05
1.982e-05
1.98713e-05
1.99173e-05
1.99579e-05
1.99933e-05
2.00233e-05
2.00481e-05
2.00675e-05
2.03122e-05
2.07318e-05
2.11287e-05
2.15024e-05
2.18532e-05
2.22162e-05
2.25575e-05
2.28765e-05
2.31726e-05
2.34453e-05
2.36941e-05
2.39186e-05
2.41183e-05
2.42929e-05
2.44419e-05
2.45652e-05
2.46624e-05
2.47333e-05
2.47777e-05
2.47956e-05
2.47867e-05
2.47511e-05
2.46887e-05
2.45996e-05
2.44837e-05
2.43413e-05
2.41725e-05
2.39774e-05
2.37564e-05
2.35096e-05
2.32374e-05
2.29401e-05
2.26182e-05
2.27028e-05
2.28951e-05
2.30751e-05
2.32429e-05
2.33985e-05
2.3542e-05
2.36733e-05
2.37926e-05
2.38999e-05
2.39954e-05
2.40791e-05
2.41512e-05
2.42119e-05
2.42612e-05
2.42995e-05
2.43267e-05
2.43433e-05
2.43493e-05
2.43451e-05
2.43307e-05
2.43066e-05
2.42729e-05
2.42299e-05
2.41779e-05
2.41172e-05
2.4048e-05
2.39707e-05
2.38855e-05
2.37928e-05
2.36929e-05
2.35861e-05
2.34727e-05
2.3353e-05
2.32274e-05
2.30962e-05
2.29597e-05
2.28182e-05
2.26721e-05
2.25216e-05
2.23672e-05
2.2209e-05
2.20475e-05
2.18829e-05
2.17156e-05
2.15457e-05
2.13737e-05
2.11997e-05
2.10242e-05
2.08473e-05
2.06692e-05
2.04903e-05
2.03108e-05
2.01309e-05
1.99509e-05
1.97708e-05
1.96293e-05
1.94946e-05
1.93611e-05
1.92289e-05
1.90981e-05
1.89687e-05
1.8841e-05
1.87148e-05
1.85944e-05
1.85246e-05
1.84565e-05
1.83902e-05
1.83256e-05
1.82626e-05
1.82011e-05
1.8141e-05
1.80823e-05
1.80247e-05
1.79683e-05
1.79128e-05
1.78896e-05
1.79686e-05
1.80287e-05
1.80701e-05
1.80931e-05
1.80979e-05
1.80849e-05
1.80544e-05
1.80068e-05
1.79425e-05
1.78617e-05
1.7765e-05
1.78327e-05
1.79127e-05
1.79791e-05
1.8032e-05
1.80716e-05
1.80983e-05
1.81121e-05
1.81134e-05
1.81024e-05
1.80793e-05
1.80451e-05
1.8179e-05
1.83054e-05
1.84238e-05
1.85903e-05
1.87526e-05
1.8906e-05
1.905e-05
1.91842e-05
1.93081e-05
1.94214e-05
1.95238e-05
1.96147e-05
1.96939e-05
1.9761e-05
1.98158e-05
1.98579e-05
1.9887e-05
1.99028e-05
1.99134e-05
1.99347e-05
1.99419e-05
1.99348e-05
1.99132e-05
1.98769e-05
1.98257e-05
1.97597e-05
1.96787e-05
1.95825e-05
1.94713e-05
1.93449e-05
1.92034e-05
1.90468e-05
1.88879e-05
1.87379e-05
1.85984e-05
1.84763e-05
1.83412e-05
1.81932e-05
1.80324e-05
1.78591e-05
1.76733e-05
1.74752e-05
1.72652e-05
1.70433e-05
1.6945e-05
1.68665e-05
1.67825e-05
1.66932e-05
1.65986e-05
1.64989e-05
1.63942e-05
1.62845e-05
1.617e-05
1.60507e-05
1.59268e-05
1.57983e-05
1.56653e-05
1.5528e-05
1.53864e-05
1.52405e-05
1.50906e-05
1.49366e-05
1.47786e-05
1.46566e-05
1.46027e-05
1.45408e-05
1.44709e-05
1.43931e-05
1.43192e-05
1.42446e-05
1.41623e-05
1.40723e-05
1.39749e-05
1.38701e-05
1.38202e-05
1.38553e-05
1.38848e-05
1.39087e-05
1.39271e-05
1.39399e-05
1.39472e-05
1.39489e-05
1.39451e-05
1.39359e-05
1.39213e-05
1.39013e-05
1.38759e-05
1.38452e-05
1.38093e-05
1.37682e-05
1.3722e-05
1.36707e-05
1.36144e-05
1.35532e-05
1.34871e-05
1.34162e-05
1.34632e-05
1.36731e-05
1.38687e-05
1.40498e-05
1.42162e-05
1.4368e-05
1.4505e-05
1.46271e-05
1.47345e-05
1.4827e-05
1.49047e-05
1.49677e-05
1.50159e-05
1.50495e-05
1.50686e-05
1.50732e-05
1.50636e-05
1.50399e-05
1.50023e-05
1.49509e-05
1.48859e-05
1.48077e-05
1.47164e-05
1.46123e-05
1.44957e-05
1.43668e-05
1.42261e-05
1.40738e-05
1.39102e-05
1.37357e-05
1.35506e-05
1.33554e-05
1.31504e-05
1.29361e-05
1.27127e-05
1.24808e-05
1.22407e-05
1.19995e-05
1.17573e-05
1.15084e-05
1.12534e-05
1.09926e-05
1.07265e-05
1.06316e-05
1.06883e-05
1.07421e-05
1.0793e-05
1.08411e-05
1.08862e-05
1.09284e-05
1.09676e-05
1.10038e-05
1.10371e-05
1.10673e-05
1.10944e-05
1.11185e-05
1.11395e-05
1.11574e-05
1.11722e-05
1.12662e-05
1.1385e-05
1.15e-05
1.16109e-05
1.17176e-05
1.18201e-05
1.19182e-05
1.20119e-05
1.21009e-05
1.21854e-05
1.2265e-05
1.23398e-05
1.24097e-05
1.24745e-05
1.25342e-05
1.25888e-05
1.26381e-05
1.26821e-05
1.27207e-05
1.27539e-05
1.27815e-05
1.28037e-05
1.28202e-05
1.28311e-05
1.28364e-05
1.28359e-05
1.28298e-05
1.28178e-05
1.28002e-05
1.27767e-05
1.27475e-05
1.27124e-05
1.26716e-05
1.2625e-05
1.25727e-05
1.25146e-05
1.24507e-05
1.23812e-05
1.2306e-05
1.22251e-05
1.21387e-05
1.20467e-05
1.19492e-05
1.18462e-05
1.17378e-05
1.16241e-05
1.15052e-05
1.13964e-05
1.12855e-05
1.11695e-05
1.10484e-05
1.09223e-05
1.08035e-05
1.06859e-05
1.05635e-05
1.04363e-05
1.03043e-05
1.01678e-05
1.00267e-05
9.88121e-06
9.73144e-06
9.57746e-06
9.4194e-06
9.25736e-06
9.12832e-06
9.21483e-06
9.29422e-06
9.36646e-06
9.43154e-06
9.48944e-06
9.54016e-06
9.58372e-06
9.62015e-06
9.64946e-06
9.67171e-06
9.68898e-06
9.74706e-06
9.79695e-06
9.83866e-06
9.87222e-06
9.89767e-06
9.91504e-06
9.9244e-06
9.92582e-06
9.91938e-06
9.90515e-06
9.88325e-06
9.85379e-06
9.81688e-06
9.77265e-06
9.72124e-06
9.6628e-06
9.59748e-06
9.52544e-06
9.44685e-06
9.3619e-06
9.27077e-06
9.17364e-06
9.12896e-06
9.16192e-06
9.19292e-06
9.22117e-06
9.24669e-06
9.2695e-06
9.28962e-06
9.30709e-06
9.32193e-06
9.33417e-06
9.34386e-06
9.35104e-06
9.35574e-06
9.358e-06
9.35788e-06
9.41673e-06
9.54044e-06
9.65887e-06
9.77199e-06
9.87973e-06
9.98209e-06
1.00902e-05
1.02318e-05
1.03666e-05
1.04946e-05
1.06159e-05
1.07478e-05
1.08755e-05
1.09967e-05
1.11113e-05
1.12196e-05
1.13214e-05
1.14167e-05
1.15057e-05
1.15883e-05
1.16646e-05
1.17348e-05
1.17987e-05
1.18566e-05
1.19084e-05
1.19543e-05
1.19944e-05
1.20288e-05
1.20658e-05
1.21128e-05
1.21545e-05
1.21911e-05
1.22225e-05
1.2249e-05
1.22707e-05
1.22877e-05
1.23e-05
1.23138e-05
1.23452e-05
1.23726e-05
1.2396e-05
1.24155e-05
1.24311e-05
1.2443e-05
1.24521e-05
1.24651e-05
1.24747e-05
1.24811e-05
1.24843e-05
1.24845e-05
1.24817e-05
1.24762e-05
1.2468e-05
1.24572e-05
1.2444e-05
1.24284e-05
1.24106e-05
1.23908e-05
1.2369e-05
1.23453e-05
1.23199e-05
1.22929e-05
1.22695e-05
1.22483e-05
1.22253e-05
1.22006e-05
1.21743e-05
1.21465e-05
1.21174e-05
1.20893e-05
1.20686e-05
1.20465e-05
1.20231e-05
1.19986e-05
1.19729e-05
1.19463e-05
1.19188e-05
1.18905e-05
1.18615e-05
1.18319e-05
1.18017e-05
1.1771e-05
1.174e-05
1.17087e-05
1.16772e-05
1.16455e-05
1.16138e-05
1.15821e-05
1.15504e-05
1.15189e-05
1.14877e-05
1.14566e-05
1.1426e-05
1.13957e-05
1.13658e-05
1.13365e-05
1.13076e-05
1.12794e-05
1.12518e-05
1.12248e-05
1.11986e-05
1.11731e-05
1.11483e-05
1.11244e-05
1.11012e-05
1.10789e-05
1.10575e-05
1.10369e-05
1.10171e-05
1.09983e-05
1.09803e-05
1.09741e-05
1.09718e-05
1.09704e-05
1.097e-05
1.09706e-05
1.09719e-05
1.09741e-05
1.09769e-05
1.09805e-05
1.09847e-05
1.09894e-05
1.09945e-05
1.10001e-05
1.1006e-05
1.10121e-05
1.10184e-05
1.10248e-05
1.10312e-05
1.10375e-05
1.10437e-05
1.10496e-05
1.10551e-05
1.10603e-05
1.1065e-05
1.1069e-05
1.10724e-05
1.1075e-05
1.10767e-05
1.10775e-05
1.10772e-05
1.10758e-05
1.10732e-05
1.10693e-05
1.1064e-05
1.10572e-05
1.10489e-05
1.10389e-05
1.10358e-05
1.10471e-05
1.10548e-05
1.10589e-05
1.10593e-05
1.10559e-05
1.10486e-05
1.10375e-05
1.10223e-05
1.10031e-05
1.09799e-05
1.09525e-05
1.09209e-05
1.08852e-05
1.08453e-05
1.08011e-05
1.07526e-05
1.06999e-05
1.0643e-05
1.05817e-05
1.05209e-05
1.0462e-05
1.03996e-05
1.03336e-05
1.02642e-05
1.01913e-05
1.01274e-05
1.00618e-05
9.99347e-06
9.92223e-06
9.84814e-06
9.77119e-06
9.6914e-06
9.62431e-06
9.55702e-06
9.48742e-06
9.41551e-06
9.3413e-06
9.2648e-06
9.18602e-06
9.10497e-06
9.02167e-06
8.93614e-06
8.8484e-06
8.75848e-06
8.66641e-06
8.57223e-06
8.47596e-06
8.37765e-06
8.27734e-06
8.17507e-06
8.07089e-06
7.96486e-06
7.85702e-06
7.74744e-06
7.63616e-06
7.52325e-06
7.40878e-06
7.2928e-06
7.1754e-06
7.07868e-06
6.99786e-06
6.9261e-06
6.87221e-06
6.81731e-06
6.77053e-06
6.72616e-06
6.6809e-06
6.63473e-06
6.58767e-06
6.53973e-06
6.49847e-06
6.46043e-06
6.42162e-06
6.38205e-06
6.34172e-06
6.30063e-06
6.2588e-06
6.21622e-06
6.17291e-06
6.12887e-06
6.08412e-06
6.03866e-06
5.99252e-06
5.94569e-06
5.8982e-06
5.85007e-06
5.8013e-06
5.75191e-06
5.70192e-06
5.65135e-06
5.60022e-06
5.54854e-06
5.49635e-06
5.47989e-06
5.47305e-06
5.46587e-06
5.45832e-06
5.45042e-06
5.44216e-06
5.43353e-06
5.42454e-06
5.41519e-06
5.40547e-06
5.39537e-06
5.38491e-06
5.37408e-06
5.37026e-06
5.36708e-06
5.36369e-06
5.36009e-06
5.35626e-06
5.3522e-06
5.3479e-06
5.34334e-06
5.33852e-06
5.33342e-06
5.32804e-06
5.32237e-06
5.31639e-06
5.3101e-06
5.30349e-06
5.29654e-06
5.28925e-06
5.28161e-06
5.27361e-06
5.26524e-06
5.2565e-06
5.24737e-06
5.23787e-06
5.23341e-06
5.22864e-06
5.22354e-06
5.2181e-06
5.21232e-06
5.20619e-06
5.19971e-06
5.19287e-06
5.18624e-06
5.1839e-06
5.18127e-06
5.17834e-06
5.1751e-06
5.17156e-06
5.16771e-06
5.16354e-06
5.1616e-06
5.15979e-06
5.1577e-06
5.15533e-06
5.15267e-06
5.14972e-06
5.14647e-06
5.14293e-06
5.13908e-06
5.13492e-06
5.13045e-06
5.12566e-06
5.12055e-06
5.11512e-06
5.10937e-06
5.10328e-06
5.09686e-06
5.09011e-06
5.08302e-06
5.07559e-06
5.06781e-06
5.05969e-06
5.05122e-06
5.04241e-06
5.03324e-06
5.02372e-06
5.01384e-06
5.00361e-06
4.99302e-06
4.98208e-06
4.97078e-06
4.95912e-06
4.94711e-06
4.93473e-06
4.922e-06
4.90892e-06
4.89548e-06
4.88169e-06
4.86754e-06
4.85304e-06
4.83819e-06
4.823e-06
4.80746e-06
4.79158e-06
4.77536e-06
4.75881e-06
4.74192e-06
4.7247e-06
4.70716e-06
4.68929e-06
4.67111e-06
4.65261e-06
4.63381e-06
4.6147e-06
4.5953e-06
4.5756e-06
4.57713e-06
4.60068e-06
4.62285e-06
4.64361e-06
4.66295e-06
4.68479e-06
4.70993e-06
4.73348e-06
4.75542e-06
4.77574e-06
4.79441e-06
4.81143e-06
4.83363e-06
4.85445e-06
4.87341e-06
4.8905e-06
4.90571e-06
4.91903e-06
4.93044e-06
4.93994e-06
4.94751e-06
4.95317e-06
4.9569e-06
4.9587e-06
4.95858e-06
4.95654e-06
4.95259e-06
4.94673e-06
4.96573e-06
4.99818e-06
5.02809e-06
5.05543e-06
5.0802e-06
5.10236e-06
5.12191e-06
5.13885e-06
5.15316e-06
5.16484e-06
5.1739e-06
5.18034e-06
5.18416e-06
5.18538e-06
5.18401e-06
5.18006e-06
5.17355e-06
5.1645e-06
5.15295e-06
5.13891e-06
5.12241e-06
5.1035e-06
5.0822e-06
5.05855e-06
5.0326e-06
5.00439e-06
4.97396e-06
4.94135e-06
4.90663e-06
4.86984e-06
4.83104e-06
4.79029e-06
4.74763e-06
4.70737e-06
4.66944e-06
4.62963e-06
4.58802e-06
4.54465e-06
4.49959e-06
4.45291e-06
4.40468e-06
4.35495e-06
4.30914e-06
4.26573e-06
4.22088e-06
4.17465e-06
4.12711e-06
4.07833e-06
4.02837e-06
3.97732e-06
3.92945e-06
3.9207e-06
3.91819e-06
3.91539e-06
3.91231e-06
3.90894e-06
3.90527e-06
3.9013e-06
3.89702e-06
3.89243e-06
3.88752e-06
3.88229e-06
3.87674e-06
3.87086e-06
3.86464e-06
3.8581e-06
3.85121e-06
3.84399e-06
3.83643e-06
3.82852e-06
3.82028e-06
3.81169e-06
3.80276e-06
3.79348e-06
3.78386e-06
3.7739e-06
3.7636e-06
3.75296e-06
3.74199e-06
3.73068e-06
3.71904e-06
3.70707e-06
3.69478e-06
3.68218e-06
3.66925e-06
3.65601e-06
3.64247e-06
3.62863e-06
3.6145e-06
3.60008e-06
3.58537e-06
3.5704e-06
3.55515e-06
3.53965e-06
3.52389e-06
3.50789e-06
3.49166e-06
3.47519e-06
3.45852e-06
3.44163e-06
3.42454e-06
3.40727e-06
3.38981e-06
3.37218e-06
3.3544e-06
3.33647e-06
3.3184e-06
3.3002e-06
3.28188e-06
3.26346e-06
3.24494e-06
3.22634e-06
3.20767e-06
3.18894e-06
3.17016e-06
3.15134e-06
3.13249e-06
3.11363e-06
3.09477e-06
3.07591e-06
3.05707e-06
3.03826e-06
3.01949e-06
3.00078e-06
2.98213e-06
2.96355e-06
2.94506e-06
2.92666e-06
2.90837e-06
2.8902e-06
2.87215e-06
2.85424e-06
2.83648e-06
2.81887e-06
2.80143e-06
2.78416e-06
2.76707e-06
2.75017e-06
2.73348e-06
2.71699e-06
2.70071e-06
2.68466e-06
2.66884e-06
2.65325e-06
2.6379e-06
2.62281e-06
2.60796e-06
2.59338e-06
2.57905e-06
2.565e-06
2.55122e-06
2.53772e-06
2.52449e-06
2.51155e-06
2.4989e-06
2.48653e-06
2.47446e-06
2.46267e-06
2.45118e-06
2.43999e-06
2.42909e-06
2.41848e-06
2.40816e-06
2.39823e-06
2.38861e-06
2.37927e-06
2.37021e-06
2.36144e-06
2.35294e-06
2.34472e-06
2.33678e-06
2.3291e-06
2.32169e-06
2.31455e-06
2.30767e-06
2.30104e-06
2.29466e-06
2.28853e-06
2.28264e-06
2.27699e-06
2.27157e-06
2.26637e-06
2.26139e-06
2.25663e-06
2.25207e-06
2.24772e-06
2.24355e-06
2.23958e-06
2.23579e-06
2.23217e-06
2.22871e-06
2.22542e-06
2.22228e-06
2.21928e-06
2.21642e-06
2.2137e-06
2.21109e-06
2.2086e-06
2.20622e-06
2.20394e-06
2.20175e-06
2.19965e-06
2.19763e-06
2.19567e-06
2.19379e-06
2.19195e-06
2.19017e-06
2.18843e-06
2.18673e-06
2.18506e-06
2.18341e-06
2.18177e-06
2.18015e-06
2.17853e-06
2.17691e-06
2.17528e-06
2.17364e-06
2.17198e-06
2.17029e-06
2.16858e-06
2.16684e-06
2.16505e-06
2.16323e-06
2.16136e-06
2.15945e-06
2.15748e-06
2.15545e-06
2.15337e-06
2.15122e-06
2.14901e-06
2.14674e-06
2.1444e-06
2.14199e-06
2.13951e-06
2.13696e-06
2.13434e-06
2.13165e-06
2.12888e-06
2.12604e-06
2.12313e-06
2.12015e-06
2.1171e-06
2.11398e-06
2.11593e-06
2.12634e-06
2.13548e-06
2.14334e-06
2.14992e-06
2.15522e-06
2.15924e-06
2.17e-06
2.18205e-06
2.19281e-06
2.20334e-06
2.22422e-06
2.24397e-06
2.26259e-06
2.28008e-06
2.29644e-06
2.31167e-06
2.32578e-06
2.33877e-06
2.35066e-06
2.36144e-06
2.37113e-06
2.37975e-06
2.38729e-06
2.39379e-06
2.39925e-06
2.40368e-06
2.40712e-06
2.40956e-06
2.41105e-06
2.41159e-06
2.4112e-06
2.40992e-06
2.40776e-06
2.40476e-06
2.40093e-06
2.3963e-06
2.3909e-06
2.38476e-06
2.3779e-06
2.37036e-06
2.36217e-06
2.35336e-06
2.34395e-06
2.33399e-06
2.3235e-06
2.31251e-06
2.30106e-06
2.28918e-06
2.27691e-06
2.26427e-06
2.25131e-06
2.23805e-06
2.22453e-06
2.21079e-06
2.19685e-06
2.18275e-06
2.16852e-06
2.1542e-06
2.13981e-06
2.1254e-06
2.11099e-06
2.10233e-06
2.0943e-06
2.08625e-06
2.07821e-06
2.0702e-06
2.06225e-06
2.05439e-06
2.04665e-06
2.03906e-06
2.03163e-06
2.02441e-06
2.01741e-06
2.01066e-06
2.00417e-06
1.99799e-06
1.99211e-06
1.98658e-06
1.9814e-06
1.9831e-06
1.98647e-06
1.98994e-06
1.99352e-06
1.9972e-06
2.00096e-06
2.00482e-06
2.00875e-06
2.01275e-06
2.01682e-06
2.02095e-06
2.02513e-06
2.02936e-06
2.03362e-06
2.03792e-06
2.04224e-06
2.04658e-06
2.05093e-06
2.05528e-06
2.05963e-06
2.06396e-06
2.06827e-06
2.07255e-06
2.0768e-06
2.081e-06
2.08525e-06
2.08969e-06
2.09406e-06
2.09835e-06
2.10256e-06
2.10667e-06
2.11505e-06
2.12975e-06
2.14485e-06
2.16032e-06
2.17616e-06
2.19235e-06
2.20888e-06
2.22573e-06
2.24289e-06
2.26033e-06
2.27806e-06
2.29603e-06
2.31425e-06
2.33268e-06
2.35132e-06
2.37013e-06
2.3891e-06
2.40822e-06
2.42745e-06
2.44678e-06
2.46619e-06
2.48565e-06
2.50514e-06
2.53121e-06
2.55955e-06
2.58785e-06
2.61609e-06
2.64425e-06
2.6723e-06
2.70022e-06
2.72799e-06
2.75559e-06
2.78299e-06
2.81018e-06
2.83713e-06
2.86381e-06
2.89021e-06
2.9163e-06
2.94207e-06
2.96748e-06
2.99253e-06
3.01718e-06
3.04141e-06
3.06522e-06
3.08857e-06
3.11145e-06
3.13384e-06
3.15572e-06
3.17707e-06
3.19787e-06
3.21811e-06
3.23776e-06
3.25682e-06
3.27527e-06
3.29309e-06
3.31028e-06
3.3268e-06
3.34266e-06
3.35783e-06
3.37232e-06
3.3861e-06
3.39916e-06
3.41151e-06
3.42312e-06
3.43399e-06
3.44411e-06
3.45348e-06
3.46208e-06
3.47138e-06
3.48257e-06
3.49292e-06
3.50244e-06
3.51112e-06
3.51895e-06
3.52595e-06
3.5321e-06
3.5374e-06
3.54395e-06
3.55098e-06
3.55717e-06
3.56251e-06
3.56701e-06
3.57068e-06
3.5735e-06
3.57598e-06
3.58048e-06
3.58415e-06
3.587e-06
3.58902e-06
3.59024e-06
3.59065e-06
3.59025e-06
3.58907e-06
3.58709e-06
3.58434e-06
3.58082e-06
3.57654e-06
3.57151e-06
3.56573e-06
3.55924e-06
3.55202e-06
3.5441e-06
3.53548e-06
3.52619e-06
3.51623e-06
3.50561e-06
3.49436e-06
3.48248e-06
3.46999e-06
3.4569e-06
3.44323e-06
3.429e-06
3.41422e-06
3.39891e-06
3.38308e-06
3.36675e-06
3.34993e-06
3.33265e-06
3.31491e-06
3.29674e-06
3.27816e-06
3.25917e-06
3.2398e-06
3.22006e-06
3.19998e-06
3.17956e-06
3.15883e-06
3.1378e-06
3.11649e-06
3.09491e-06
3.07308e-06
3.05537e-06
3.03961e-06
3.02349e-06
3.00702e-06
2.99022e-06
2.97309e-06
2.95565e-06
2.93791e-06
2.91988e-06
2.90157e-06
2.883e-06
2.86417e-06
2.84509e-06
2.82578e-06
2.80625e-06
2.78651e-06
2.76656e-06
2.74643e-06
2.72612e-06
2.70563e-06
2.68499e-06
2.66421e-06
2.64435e-06
2.62827e-06
2.61199e-06
2.59552e-06
2.57887e-06
2.56204e-06
2.54576e-06
2.53132e-06
2.5167e-06
2.5019e-06
2.48694e-06
2.47181e-06
2.45654e-06
2.44111e-06
2.42713e-06
2.4143e-06
2.40131e-06
2.38816e-06
2.37487e-06
2.36144e-06
2.34788e-06
2.33418e-06
2.32036e-06
2.30642e-06
2.29237e-06
2.27821e-06
2.26395e-06
2.24959e-06
2.23514e-06
2.22061e-06
2.20599e-06
2.19129e-06
2.17653e-06
2.16169e-06
2.14679e-06
2.13183e-06
2.11681e-06
2.10175e-06
2.08663e-06
2.07148e-06
2.05628e-06
2.04105e-06
2.02579e-06
2.01049e-06
1.99518e-06
1.97984e-06
1.96448e-06
1.96117e-06
1.95915e-06
1.95695e-06
1.95455e-06
1.95198e-06
1.94922e-06
1.94629e-06
1.94317e-06
1.93988e-06
1.93642e-06
1.93279e-06
1.92899e-06
1.92502e-06
1.92088e-06
1.91659e-06
1.91214e-06
1.90753e-06
1.90277e-06
1.89786e-06
1.8928e-06
1.88759e-06
1.88224e-06
1.87676e-06
1.87113e-06
1.86537e-06
1.85949e-06
1.85347e-06
1.84733e-06
1.84107e-06
1.83469e-06
1.82819e-06
1.82158e-06
1.81621e-06
1.81239e-06
1.80845e-06
1.80439e-06
1.8002e-06
1.7959e-06
1.79148e-06
1.78695e-06
1.7823e-06
1.7793e-06
1.77737e-06
1.77532e-06
1.77314e-06
1.77084e-06
1.76842e-06
1.76588e-06
1.76415e-06
1.7631e-06
1.76194e-06
1.76064e-06
1.75922e-06
1.75768e-06
1.75602e-06
1.75424e-06
1.75234e-06
1.75032e-06
1.74818e-06
1.74594e-06
1.74358e-06
1.74111e-06
1.73853e-06
1.73585e-06
1.73306e-06
1.73017e-06
1.72717e-06
1.72408e-06
1.72088e-06
1.71759e-06
1.71421e-06
1.71073e-06
1.70716e-06
1.7035e-06
1.69976e-06
1.69592e-06
1.69201e-06
1.68801e-06
1.68394e-06
1.67978e-06
1.67555e-06
1.67125e-06
1.66687e-06
1.66242e-06
1.65791e-06
1.65333e-06
1.64868e-06
1.64397e-06
1.6392e-06
1.63438e-06
1.62949e-06
1.62455e-06
1.61956e-06
1.61451e-06
1.60942e-06
1.60428e-06
1.59909e-06
1.59386e-06
1.58859e-06
1.58327e-06
1.57792e-06
1.57253e-06
1.56711e-06
1.56165e-06
1.55617e-06
1.55065e-06
1.5451e-06
1.53953e-06
1.53394e-06
1.52832e-06
1.52267e-06
1.51701e-06
1.51133e-06
1.50564e-06
1.49992e-06
1.4942e-06
1.48846e-06
1.48271e-06
1.47695e-06
1.47119e-06
1.46541e-06
1.45963e-06
1.45385e-06
1.44806e-06
1.44227e-06
1.43648e-06
1.4307e-06
1.42491e-06
1.41913e-06
1.41335e-06
1.40757e-06
1.4018e-06
1.39604e-06
1.39029e-06
1.38454e-06
1.37881e-06
1.37309e-06
1.36738e-06
1.36168e-06
1.35599e-06
1.35032e-06
1.34467e-06
1.33903e-06
1.3334e-06
1.3278e-06
1.32221e-06
1.31664e-06
1.31241e-06
1.31539e-06
1.31824e-06
1.32097e-06
1.32358e-06
1.32607e-06
1.32843e-06
1.33067e-06
1.33279e-06
1.33478e-06
1.33664e-06
1.33838e-06
1.34e-06
1.34149e-06
1.34286e-06
1.34411e-06
1.34523e-06
1.34624e-06
1.34712e-06
1.34788e-06
1.34852e-06
1.34904e-06
1.34945e-06
1.34973e-06
1.34991e-06
1.34997e-06
1.34992e-06
1.34975e-06
1.34948e-06
1.3491e-06
1.34861e-06
1.34802e-06
1.34733e-06
1.34654e-06
1.34564e-06
1.34465e-06
1.34357e-06
1.34239e-06
1.34112e-06
1.33976e-06
1.33832e-06
1.33679e-06
1.33518e-06
1.33349e-06
1.33171e-06
1.32987e-06
1.32795e-06
1.32595e-06
1.32389e-06
1.32176e-06
1.31957e-06
1.31731e-06
1.31499e-06
1.31262e-06
1.31019e-06
1.3077e-06
1.30517e-06
1.30258e-06
1.29995e-06
1.29727e-06
1.29454e-06
1.29178e-06
1.28898e-06
1.28614e-06
1.28327e-06
1.28036e-06
1.27742e-06
1.27445e-06
1.27146e-06
1.26844e-06
1.2654e-06
1.26233e-06
1.25924e-06
1.25614e-06
1.25301e-06
1.24988e-06
1.24672e-06
1.24356e-06
1.24038e-06
1.23719e-06
1.234e-06
1.23079e-06
1.22758e-06
1.22436e-06
1.22114e-06
1.21792e-06
1.21469e-06
1.21146e-06
1.20824e-06
1.20501e-06
1.20178e-06
1.19855e-06
1.19533e-06
1.1921e-06
1.18888e-06
1.18567e-06
1.18246e-06
1.17925e-06
1.17605e-06
1.17285e-06
1.16966e-06
1.16647e-06
1.16329e-06
1.16011e-06
1.15694e-06
1.15378e-06
1.15062e-06
1.14746e-06
1.14432e-06
1.14117e-06
1.13804e-06
1.13491e-06
1.13178e-06
1.12866e-06
1.12554e-06
1.12243e-06
1.11932e-06
1.11621e-06
1.11311e-06
1.11001e-06
1.10691e-06
1.10382e-06
1.10072e-06
1.09763e-06
1.09454e-06
1.09145e-06
1.08836e-06
1.08527e-06
1.08217e-06
1.07908e-06
1.07599e-06
1.07289e-06
1.06979e-06
1.06669e-06
1.06358e-06
1.06047e-06
1.05736e-06
1.05424e-06
1.05112e-06
1.048e-06
1.04486e-06
1.04173e-06
1.03858e-06
1.03543e-06
1.03227e-06
1.02911e-06
1.02594e-06
1.02277e-06
1.01958e-06
1.01639e-06
1.01319e-06
1.00999e-06
1.00678e-06
1.00356e-06
1.00033e-06
9.97097e-07
9.93856e-07
9.90608e-07
9.87354e-07
9.84093e-07
9.80826e-07
9.77553e-07
9.74274e-07
9.7099e-07
9.67701e-07
9.64408e-07
9.6111e-07
9.57808e-07
9.54504e-07
9.51196e-07
9.47887e-07
9.44576e-07
9.41264e-07
9.37952e-07
9.3464e-07
9.31329e-07
9.2802e-07
9.24714e-07
9.2141e-07
9.18111e-07
9.14817e-07
9.11529e-07
9.08247e-07
9.04972e-07
9.01706e-07
8.98449e-07
8.95203e-07
8.91967e-07
8.88744e-07
8.85534e-07
8.82338e-07
8.79156e-07
8.75991e-07
8.72843e-07
8.69713e-07
8.66602e-07
8.63511e-07
8.6044e-07
8.57392e-07
8.54367e-07
8.51426e-07
8.48511e-07
8.45621e-07
8.42757e-07
8.39921e-07
8.37113e-07
8.34333e-07
8.31584e-07
8.28865e-07
8.26178e-07
8.23524e-07
8.20902e-07
8.18315e-07
8.15763e-07
8.13246e-07
8.10766e-07
8.08323e-07
8.05918e-07
8.03551e-07
8.01223e-07
7.98935e-07
7.96688e-07
7.94481e-07
7.92315e-07
7.90192e-07
7.8811e-07
7.86072e-07
7.84076e-07
7.82124e-07
7.80216e-07
7.78352e-07
7.76532e-07
7.74756e-07
7.73026e-07
7.7134e-07
7.69698e-07
7.68102e-07
7.66551e-07
7.65044e-07
7.63583e-07
7.62166e-07
7.60793e-07
7.59465e-07
7.58181e-07
7.56941e-07
7.55744e-07
7.54591e-07
7.5348e-07
7.52412e-07
7.51385e-07
7.504e-07
7.49456e-07
7.48552e-07
7.47688e-07
7.46863e-07
7.46077e-07
7.45328e-07
7.44615e-07
7.4394e-07
7.43299e-07
7.42693e-07
7.4212e-07
7.41581e-07
7.41073e-07
7.40596e-07
7.40148e-07
7.3973e-07
7.3934e-07
7.38976e-07
7.38639e-07
7.38326e-07
7.38036e-07
7.37769e-07
7.37524e-07
7.37299e-07
7.37093e-07
7.36904e-07
7.36733e-07
7.36577e-07
7.36436e-07
7.36308e-07
7.36191e-07
7.36086e-07
7.3599e-07
7.35903e-07
7.35823e-07
7.35749e-07
7.3568e-07
7.35614e-07
7.35551e-07
7.35489e-07
7.35428e-07
7.35365e-07
7.35301e-07
7.35233e-07
7.35161e-07
7.35083e-07
7.34999e-07
7.34908e-07
7.34808e-07
7.34698e-07
7.34578e-07
7.34446e-07
7.34302e-07
7.34144e-07
7.33973e-07
7.33786e-07
7.33583e-07
7.33363e-07
7.33126e-07
7.3287e-07
7.32596e-07
7.32302e-07
7.31987e-07
7.31652e-07
7.31295e-07
7.30916e-07
7.30514e-07
7.3009e-07
7.29641e-07
7.29169e-07
7.28672e-07
7.28151e-07
7.32e-07
7.36306e-07
7.40518e-07
7.44635e-07
7.48653e-07
7.52568e-07
7.56378e-07
7.6008e-07
7.63671e-07
7.67149e-07
7.7051e-07
7.73752e-07
7.76874e-07
7.79872e-07
7.82745e-07
7.85491e-07
7.88108e-07
7.90594e-07
7.92947e-07
7.96016e-07
7.99605e-07
8.03065e-07
8.06396e-07
8.09595e-07
8.1266e-07
8.15591e-07
8.18386e-07
8.21045e-07
8.23565e-07
8.25946e-07
8.28188e-07
8.3029e-07
8.32252e-07
8.34074e-07
8.35754e-07
8.37295e-07
8.38695e-07
8.39955e-07
8.41076e-07
8.42058e-07
8.42902e-07
8.43609e-07
8.4418e-07
8.44617e-07
8.44919e-07
8.4509e-07
8.45131e-07
8.45043e-07
8.44827e-07
8.44487e-07
8.44024e-07
8.4344e-07
8.42738e-07
8.41919e-07
8.40987e-07
8.39943e-07
8.38791e-07
8.37533e-07
8.3694e-07
8.36888e-07
8.36728e-07
8.36464e-07
8.36097e-07
8.35632e-07
8.35069e-07
8.34411e-07
8.33662e-07
8.32823e-07
8.31898e-07
8.3089e-07
8.29801e-07
8.28634e-07
8.27393e-07
8.26079e-07
8.24697e-07
8.23248e-07
8.21737e-07
8.20165e-07
8.18537e-07
8.16855e-07
8.15122e-07
8.14045e-07
8.14096e-07
8.14089e-07
8.14028e-07
8.13913e-07
8.13748e-07
8.13536e-07
8.13277e-07
8.12975e-07
8.12633e-07
8.12251e-07
8.11833e-07
8.11381e-07
8.10897e-07
8.10382e-07
8.0984e-07
8.09273e-07
8.08681e-07
8.08068e-07
8.07435e-07
8.06784e-07
8.06117e-07
8.05436e-07
8.04742e-07
8.04036e-07
8.03321e-07
8.02598e-07
8.01868e-07
8.01133e-07
8.00393e-07
7.9965e-07
7.98906e-07
7.9816e-07
7.97414e-07
7.96669e-07
7.95926e-07
7.95185e-07
7.94446e-07
7.93711e-07
7.9298e-07
7.92252e-07
7.91529e-07
7.9081e-07
7.90096e-07
7.89386e-07
7.8868e-07
7.87979e-07
7.87281e-07
7.86587e-07
7.85897e-07
7.85208e-07
7.84522e-07
7.83838e-07
7.83154e-07
7.8247e-07
7.81785e-07
7.81098e-07
7.80408e-07
7.79715e-07
7.79016e-07
7.78311e-07
7.77598e-07
7.76877e-07
7.76145e-07
7.75402e-07
7.74646e-07
7.73875e-07
7.73088e-07
7.72284e-07
7.7146e-07
7.71664e-07
7.72121e-07
7.72554e-07
7.72959e-07
7.73337e-07
7.73685e-07
7.74002e-07
7.74286e-07
7.74534e-07
7.74746e-07
7.7492e-07
7.75054e-07
7.75145e-07
7.75194e-07
7.75196e-07
7.75152e-07
7.75059e-07
7.74915e-07
7.74719e-07
7.74468e-07
7.74162e-07
7.73799e-07
7.73377e-07
7.72894e-07
7.72348e-07
7.7174e-07
7.71065e-07
7.70324e-07
7.69515e-07
7.68637e-07
7.67687e-07
7.66666e-07
7.65571e-07
7.64401e-07
7.63155e-07
7.61833e-07
7.60432e-07
7.58953e-07
7.57394e-07
7.55754e-07
7.54033e-07
7.52229e-07
7.50343e-07
7.48373e-07
7.46319e-07
7.4418e-07
7.41957e-07
7.39649e-07
7.37255e-07
7.34775e-07
7.3221e-07
7.29559e-07
7.26822e-07
7.24e-07
7.21092e-07
7.18098e-07
7.1502e-07
7.11858e-07
7.08611e-07
7.05281e-07
7.01868e-07
6.98373e-07
6.94796e-07
6.91139e-07
6.87402e-07
6.83586e-07
6.79692e-07
6.75722e-07
6.71676e-07
6.67556e-07
6.63363e-07
6.59098e-07
6.54762e-07
6.52038e-07
6.50366e-07
6.48635e-07
6.46843e-07
6.4519e-07
6.43816e-07
6.42386e-07
6.40901e-07
6.3936e-07
6.37765e-07
6.36116e-07
6.34413e-07
6.32656e-07
6.30846e-07
6.28984e-07
6.2707e-07
6.25105e-07
6.23088e-07
6.21022e-07
6.18906e-07
6.16741e-07
6.14527e-07
6.12267e-07
6.09959e-07
6.07606e-07
6.05207e-07
6.02764e-07
6.00277e-07
5.97747e-07
5.95176e-07
5.92563e-07
5.8991e-07
5.87218e-07
5.84487e-07
5.81719e-07
5.78914e-07
5.76074e-07
5.73199e-07
5.70291e-07
5.6735e-07
5.64377e-07
5.61373e-07
5.58785e-07
5.58587e-07
5.58363e-07
5.58115e-07
5.57841e-07
5.57542e-07
5.57217e-07
5.56867e-07
5.56491e-07
5.5609e-07
5.55664e-07
5.55212e-07
5.54735e-07
5.54233e-07
5.53705e-07
5.53151e-07
5.52573e-07
5.51968e-07
5.51339e-07
5.50684e-07
5.50005e-07
5.493e-07
5.48569e-07
5.47814e-07
5.47034e-07
5.46229e-07
5.45399e-07
5.44544e-07
5.43665e-07
5.42761e-07
5.42256e-07
5.41757e-07
5.41235e-07
5.4069e-07
5.40122e-07
5.39531e-07
5.38917e-07
5.3828e-07
5.37621e-07
5.37351e-07
5.37087e-07
5.36801e-07
5.36493e-07
5.36165e-07
5.35814e-07
5.35443e-07
5.35211e-07
5.35054e-07
5.34875e-07
5.34677e-07
5.34457e-07
5.34217e-07
5.33956e-07
5.33674e-07
5.33371e-07
5.33047e-07
5.32703e-07
5.32338e-07
5.31952e-07
5.31545e-07
5.31118e-07
5.3067e-07
5.30201e-07
5.29711e-07
5.29201e-07
5.2867e-07
5.28119e-07
5.27547e-07
5.26955e-07
5.26342e-07
5.25709e-07
5.25056e-07
5.24382e-07
5.23689e-07
5.22976e-07
5.22242e-07
5.21489e-07
5.20717e-07
5.19924e-07
5.19113e-07
5.18281e-07
5.17431e-07
5.16562e-07
5.15673e-07
5.14766e-07
5.1384e-07
5.12895e-07
5.11932e-07
5.10951e-07
5.09952e-07
5.08935e-07
5.079e-07
5.06847e-07
5.05777e-07
5.0469e-07
5.03586e-07
5.02465e-07
5.01328e-07
5.00174e-07
4.99003e-07
4.97817e-07
4.96615e-07
4.95397e-07
4.94164e-07
4.92915e-07
4.91652e-07
4.90374e-07
4.89081e-07
4.87774e-07
4.86454e-07
4.85119e-07
4.83771e-07
4.82409e-07
4.81035e-07
4.79648e-07
4.78248e-07
4.76836e-07
4.75412e-07
4.73976e-07
4.72529e-07
4.71071e-07
4.69601e-07
4.68121e-07
4.66631e-07
4.6513e-07
4.6362e-07
4.621e-07
4.6057e-07
4.59032e-07
4.57485e-07
4.5593e-07
4.54366e-07
4.52795e-07
4.51215e-07
4.49629e-07
4.48036e-07
4.46436e-07
4.44829e-07
4.43216e-07
4.41598e-07
4.39973e-07
4.38344e-07
4.36709e-07
4.3507e-07
4.33426e-07
4.31778e-07
4.30126e-07
4.28471e-07
4.26812e-07
4.2515e-07
4.23486e-07
4.21819e-07
4.2015e-07
4.18478e-07
4.16805e-07
4.15131e-07
4.13456e-07
4.13129e-07
4.13303e-07
4.13474e-07
4.13641e-07
4.13803e-07
4.13961e-07
4.14114e-07
4.14262e-07
4.14404e-07
4.14541e-07
4.14671e-07
4.14795e-07
4.14912e-07
4.15022e-07
4.15125e-07
4.1522e-07
4.15307e-07
4.15386e-07
4.15456e-07
4.15517e-07
4.15569e-07
4.15612e-07
4.15645e-07
4.15668e-07
4.1568e-07
4.15682e-07
4.15673e-07
4.15653e-07
4.15621e-07
4.15578e-07
4.15524e-07
4.15457e-07
4.15378e-07
4.15286e-07
4.15182e-07
4.15065e-07
4.14934e-07
4.14791e-07
4.14634e-07
4.14464e-07
4.1428e-07
4.14082e-07
4.1387e-07
4.13644e-07
4.13404e-07
4.13149e-07
4.12881e-07
4.12598e-07
4.123e-07
4.11988e-07
4.11661e-07
4.11319e-07
4.10963e-07
4.10593e-07
4.10207e-07
4.09807e-07
4.09393e-07
4.08963e-07
4.0852e-07
4.08061e-07
4.07589e-07
4.07101e-07
4.066e-07
4.06085e-07
4.05555e-07
4.05012e-07
4.04454e-07
4.03883e-07
4.03299e-07
4.02701e-07
4.0209e-07
4.01465e-07
4.00828e-07
4.00178e-07
3.99516e-07
3.98841e-07
3.98155e-07
3.97456e-07
3.96746e-07
3.96024e-07
3.95291e-07
3.94547e-07
3.93793e-07
3.93028e-07
3.92253e-07
3.91468e-07
3.90673e-07
3.89869e-07
3.89056e-07
3.88234e-07
3.87403e-07
3.86564e-07
3.85717e-07
3.84863e-07
3.84001e-07
3.83132e-07
3.82256e-07
3.81374e-07
3.80485e-07
3.79591e-07
3.78691e-07
3.77786e-07
3.76875e-07
3.7596e-07
3.7504e-07
3.74117e-07
3.73189e-07
3.72258e-07
3.71323e-07
3.70386e-07
3.69446e-07
3.68503e-07
3.67558e-07
3.66612e-07
3.65663e-07
3.64714e-07
3.63763e-07
3.62811e-07
3.61858e-07
3.60906e-07
3.59953e-07
3.59e-07
3.58047e-07
3.57095e-07
3.56144e-07
3.55194e-07
3.54245e-07
3.53297e-07
3.5235e-07
3.51406e-07
3.50463e-07
3.49523e-07
3.48584e-07
3.47648e-07
3.46715e-07
3.45784e-07
3.44856e-07
3.43931e-07
3.43009e-07
3.4209e-07
3.41175e-07
3.40263e-07
3.39354e-07
3.38449e-07
3.37548e-07
3.36651e-07
3.35757e-07
3.34867e-07
3.33981e-07
3.331e-07
3.32222e-07
3.31348e-07
3.30478e-07
3.29613e-07
3.28752e-07
3.27895e-07
3.27042e-07
3.26193e-07
3.25349e-07
3.24508e-07
3.23672e-07
3.22841e-07
3.22013e-07
3.21189e-07
3.2037e-07
3.19555e-07
3.18743e-07
3.17936e-07
3.17133e-07
3.16334e-07
3.15539e-07
3.14747e-07
3.1396e-07
3.13176e-07
3.12396e-07
3.11619e-07
3.10846e-07
3.10077e-07
3.09312e-07
3.08549e-07
3.0779e-07
3.07035e-07
3.06282e-07
3.05533e-07
3.04787e-07
3.04045e-07
3.03305e-07
3.02568e-07
3.01834e-07
3.01103e-07
3.00375e-07
2.99649e-07
2.98926e-07
2.98206e-07
2.97488e-07
2.96773e-07
2.96061e-07
2.95351e-07
2.94643e-07
2.93938e-07
2.93235e-07
2.92534e-07
2.91836e-07
2.9114e-07
2.90446e-07
2.89754e-07
2.89064e-07
2.88377e-07
2.87692e-07
2.87009e-07
2.86328e-07
2.85649e-07
2.84972e-07
2.84297e-07
2.83625e-07
2.82954e-07
2.82286e-07
2.8162e-07
2.80956e-07
2.80294e-07
2.79639e-07
2.78987e-07
2.78338e-07
2.77692e-07
2.77047e-07
2.76405e-07
2.75766e-07
2.75129e-07
2.74494e-07
2.73862e-07
2.73233e-07
2.72606e-07
2.71982e-07
2.7136e-07
2.70742e-07
2.70126e-07
2.69513e-07
2.68903e-07
2.68296e-07
2.67692e-07
2.67092e-07
2.66495e-07
2.659e-07
2.6531e-07
2.64722e-07
2.64139e-07
2.63558e-07
2.62982e-07
2.62409e-07
2.6184e-07
2.61275e-07
2.60713e-07
2.60156e-07
2.59603e-07
2.59053e-07
2.58508e-07
2.57968e-07
2.57431e-07
2.56899e-07
2.56371e-07
2.55848e-07
2.5533e-07
2.54816e-07
2.54306e-07
2.53802e-07
2.53302e-07
2.52807e-07
2.52317e-07
2.51831e-07
2.51351e-07
2.50876e-07
2.50405e-07
2.4994e-07
2.4948e-07
2.49025e-07
2.48574e-07
2.4813e-07
2.4769e-07
2.47255e-07
2.46826e-07
2.46401e-07
2.45982e-07
2.45568e-07
2.4516e-07
2.44756e-07
2.44357e-07
2.43964e-07
2.43576e-07
2.43192e-07
2.42814e-07
2.42441e-07
2.42072e-07
2.41709e-07
2.4135e-07
2.40996e-07
2.40647e-07
2.40303e-07
2.39963e-07
2.39628e-07
2.39297e-07
2.38971e-07
2.38649e-07
2.38332e-07
2.38018e-07
2.37709e-07
2.37403e-07
2.37102e-07
2.36804e-07
2.3651e-07
2.36219e-07
2.35932e-07
2.35648e-07
2.35368e-07
2.35091e-07
2.34817e-07
2.34545e-07
2.34277e-07
2.34011e-07
2.33747e-07
2.33486e-07
2.33228e-07
2.32971e-07
2.32716e-07
2.32464e-07
2.32213e-07
2.31963e-07
2.31717e-07
2.31477e-07
2.31239e-07
2.31002e-07
2.30765e-07
2.30529e-07
2.30294e-07
2.3006e-07
2.29825e-07
2.29591e-07
2.29357e-07
2.29123e-07
2.28889e-07
2.2894e-07
2.29037e-07
2.29133e-07
2.29229e-07
2.29324e-07
2.29419e-07
2.29513e-07
2.29605e-07
2.29696e-07
2.29785e-07
2.29991e-07
2.30205e-07
2.30419e-07
2.3063e-07
2.30839e-07
2.31045e-07
2.31249e-07
2.3145e-07
2.31647e-07
2.3184e-07
2.3203e-07
2.32215e-07
2.32395e-07
2.3257e-07
2.3274e-07
2.32904e-07
2.33062e-07
2.33214e-07
2.33453e-07
2.33806e-07
2.34153e-07
2.34494e-07
2.34829e-07
2.35157e-07
2.35477e-07
2.3579e-07
2.36095e-07
2.36392e-07
2.3668e-07
2.36959e-07
2.37228e-07
2.37488e-07
2.37738e-07
2.37977e-07
2.38206e-07
2.38423e-07
2.38628e-07
2.38822e-07
2.39003e-07
2.39172e-07
2.39328e-07
2.39471e-07
2.396e-07
2.39715e-07
2.39816e-07
2.39903e-07
2.39975e-07
2.40031e-07
2.40073e-07
2.40099e-07
2.40109e-07
2.40103e-07
2.40081e-07
2.40042e-07
2.39987e-07
2.39915e-07
2.39826e-07
2.39719e-07
2.39595e-07
2.39454e-07
2.39295e-07
2.39118e-07
2.38923e-07
2.3871e-07
2.3848e-07
2.38231e-07
2.37964e-07
2.37678e-07
2.37375e-07
2.37053e-07
2.36713e-07
2.36354e-07
2.35977e-07
2.35583e-07
2.3517e-07
2.34738e-07
2.34289e-07
2.33822e-07
2.33337e-07
2.32835e-07
2.32318e-07
2.32085e-07
2.31836e-07
2.3157e-07
2.31287e-07
2.30988e-07
2.30673e-07
2.30341e-07
2.29993e-07
2.29629e-07
2.29249e-07
2.28854e-07
2.28443e-07
2.28016e-07
2.27574e-07
2.27118e-07
2.26646e-07
2.2616e-07
2.25659e-07
2.25144e-07
2.24615e-07
2.24072e-07
2.23516e-07
2.22946e-07
2.22363e-07
2.21767e-07
2.21159e-07
2.20539e-07
2.19906e-07
2.19262e-07
2.18606e-07
2.17939e-07
2.17261e-07
2.16573e-07
2.15874e-07
2.15165e-07
2.14446e-07
2.13717e-07
2.1298e-07
2.12234e-07
2.11478e-07
2.10715e-07
2.09944e-07
2.09164e-07
2.08378e-07
2.07584e-07
2.06783e-07
2.05975e-07
2.05162e-07
2.04342e-07
2.03516e-07
2.02685e-07
2.01848e-07
2.01007e-07
2.0016e-07
1.9931e-07
1.98455e-07
1.97595e-07
1.96732e-07
1.95866e-07
1.94996e-07
1.94123e-07
1.93247e-07
1.927e-07
1.92384e-07
1.92063e-07
1.91736e-07
1.91404e-07
1.91066e-07
1.90723e-07
1.90374e-07
1.90021e-07
1.89662e-07
1.89298e-07
1.88929e-07
1.88555e-07
1.88176e-07
1.87793e-07
1.87405e-07
1.87013e-07
1.86616e-07
1.86215e-07
1.8581e-07
1.85401e-07
1.84987e-07
1.8457e-07
1.84148e-07
1.83722e-07
1.83293e-07
1.8286e-07
1.82423e-07
1.81983e-07
1.81539e-07
1.81091e-07
1.8064e-07
1.80186e-07
1.79728e-07
1.79267e-07
1.78803e-07
1.78621e-07
1.78572e-07
1.78519e-07
1.78463e-07
1.78402e-07
1.78337e-07
1.78268e-07
1.78195e-07
1.78119e-07
1.78038e-07
1.77953e-07
1.77864e-07
1.7777e-07
1.77673e-07
1.77572e-07
1.77466e-07
1.77357e-07
1.77243e-07
1.77125e-07
1.77003e-07
1.76877e-07
1.76749e-07
1.76682e-07
1.76611e-07
1.76537e-07
1.76459e-07
1.76377e-07
1.76291e-07
1.76202e-07
1.76109e-07
1.76012e-07
1.7597e-07
1.75932e-07
1.7589e-07
1.75844e-07
1.75795e-07
1.75743e-07
1.75688e-07
1.75639e-07
1.75615e-07
1.75588e-07
1.75558e-07
1.75524e-07
1.75487e-07
1.75448e-07
1.75405e-07
1.75358e-07
1.75309e-07
1.75256e-07
1.752e-07
1.7514e-07
1.75078e-07
1.75012e-07
1.74943e-07
1.7487e-07
1.74794e-07
1.74715e-07
1.74633e-07
1.74547e-07
1.74458e-07
1.74365e-07
1.7427e-07
1.74171e-07
1.74068e-07
1.73962e-07
1.73853e-07
1.73741e-07
1.73625e-07
1.73506e-07
1.73384e-07
1.73258e-07
1.73129e-07
1.72997e-07
1.72861e-07
1.72722e-07
1.7258e-07
1.72434e-07
1.72285e-07
1.72133e-07
1.71978e-07
1.71819e-07
1.71657e-07
1.71492e-07
1.71324e-07
1.71152e-07
1.70977e-07
1.70799e-07
1.70618e-07
1.70433e-07
1.70246e-07
1.70055e-07
1.69861e-07
1.69663e-07
1.69463e-07
1.6926e-07
1.69053e-07
1.68844e-07
1.68631e-07
1.68415e-07
1.68196e-07
1.67975e-07
1.6775e-07
1.67522e-07
1.67291e-07
1.67057e-07
1.66821e-07
1.66581e-07
1.66338e-07
1.66093e-07
1.65845e-07
1.65593e-07
1.65339e-07
1.65082e-07
1.64823e-07
1.6456e-07
1.64295e-07
1.64027e-07
1.63756e-07
1.63483e-07
1.63207e-07
1.62928e-07
1.62646e-07
1.62362e-07
1.62076e-07
1.61786e-07
1.61494e-07
1.612e-07
1.60903e-07
1.60604e-07
1.60302e-07
1.59998e-07
1.59691e-07
1.59381e-07
1.5907e-07
1.58756e-07
1.5844e-07
1.58121e-07
1.578e-07
1.57477e-07
1.57151e-07
1.56824e-07
1.56494e-07
1.56162e-07
1.55827e-07
1.55491e-07
1.55152e-07
1.54812e-07
1.54469e-07
1.54124e-07
1.53778e-07
1.53429e-07
1.53078e-07
1.52725e-07
1.52371e-07
1.52014e-07
1.51656e-07
1.51296e-07
1.50934e-07
1.5057e-07
1.50205e-07
1.49837e-07
1.49468e-07
1.49098e-07
1.48725e-07
1.48351e-07
1.47976e-07
1.47598e-07
1.4722e-07
1.46839e-07
1.46458e-07
1.46074e-07
1.4569e-07
1.45304e-07
1.44916e-07
1.44836e-07
1.44763e-07
1.44688e-07
1.44612e-07
1.44534e-07
1.44453e-07
1.44372e-07
1.44288e-07
1.44203e-07
1.44115e-07
1.44026e-07
1.43935e-07
1.43843e-07
1.43749e-07
1.43652e-07
1.43554e-07
1.43455e-07
1.43353e-07
1.4325e-07
1.43146e-07
1.43039e-07
1.42931e-07
1.42821e-07
1.4271e-07
1.42597e-07
1.42482e-07
1.42366e-07
1.42248e-07
1.42129e-07
1.42008e-07
1.41886e-07
1.41762e-07
1.41637e-07
1.41511e-07
1.41383e-07
1.41254e-07
1.41123e-07
1.40991e-07
1.40858e-07
1.40723e-07
1.40588e-07
1.40451e-07
1.40313e-07
1.40173e-07
1.40033e-07
1.39891e-07
1.39749e-07
1.39605e-07
1.3946e-07
1.39315e-07
1.39168e-07
1.3902e-07
1.38872e-07
1.38722e-07
1.38572e-07
1.3842e-07
1.38268e-07
1.38115e-07
1.37961e-07
1.37807e-07
1.37651e-07
1.37495e-07
1.37338e-07
1.3718e-07
1.37021e-07
1.36862e-07
1.36702e-07
1.36542e-07
1.3638e-07
1.36218e-07
1.36056e-07
1.35892e-07
1.35729e-07
1.35564e-07
1.35399e-07
1.35233e-07
1.35066e-07
1.34899e-07
1.34732e-07
1.34563e-07
1.34394e-07
1.34225e-07
1.34055e-07
1.33884e-07
1.33713e-07
1.33541e-07
1.33368e-07
1.33195e-07
1.33021e-07
1.32846e-07
1.32671e-07
1.32495e-07
1.32319e-07
1.32142e-07
1.31964e-07
1.31786e-07
1.31606e-07
1.31427e-07
1.31246e-07
1.31065e-07
1.30883e-07
1.307e-07
1.30517e-07
1.30333e-07
1.30148e-07
1.29962e-07
1.29775e-07
1.29588e-07
1.294e-07
1.29211e-07
1.29021e-07
1.28831e-07
1.28639e-07
1.28447e-07
1.28253e-07
1.28059e-07
1.27864e-07
1.27668e-07
1.27471e-07
1.27274e-07
1.27075e-07
1.26875e-07
1.26674e-07
1.26473e-07
1.2627e-07
1.26066e-07
1.25862e-07
1.25656e-07
1.2545e-07
1.25242e-07
1.25033e-07
1.24824e-07
1.24613e-07
1.24401e-07
1.24188e-07
1.23974e-07
1.2376e-07
1.23544e-07
1.23327e-07
1.23109e-07
1.2289e-07
1.2267e-07
1.22449e-07
1.22227e-07
1.22004e-07
1.2178e-07
1.21555e-07
1.21329e-07
1.21102e-07
1.20874e-07
1.20645e-07
1.20415e-07
1.20184e-07
1.19952e-07
1.1972e-07
1.19486e-07
1.19252e-07
1.19017e-07
1.18781e-07
1.18544e-07
1.18306e-07
1.18067e-07
1.17828e-07
1.17588e-07
1.17347e-07
1.17106e-07
1.16864e-07
1.16621e-07
1.16378e-07
1.16134e-07
1.15889e-07
1.15644e-07
1.15398e-07
1.15152e-07
1.14906e-07
1.14659e-07
1.14411e-07
1.14163e-07
1.13915e-07
1.13667e-07
1.13418e-07
1.13169e-07
1.1292e-07
1.1267e-07
1.12421e-07
1.12171e-07
1.11921e-07
1.11671e-07
1.11421e-07
1.11171e-07
1.10921e-07
1.10672e-07
1.10422e-07
1.10172e-07
1.09923e-07
1.09673e-07
1.09424e-07
1.09175e-07
1.08927e-07
1.08679e-07
1.08431e-07
1.08183e-07
1.07936e-07
1.0769e-07
1.07443e-07
1.07198e-07
1.06952e-07
1.06708e-07
1.06464e-07
1.0622e-07
1.05977e-07
1.05735e-07
1.05494e-07
1.05253e-07
1.05013e-07
1.04773e-07
1.04535e-07
1.04297e-07
1.0406e-07
1.03824e-07
1.03589e-07
1.03354e-07
1.03121e-07
1.02888e-07
1.02657e-07
1.02426e-07
1.02196e-07
1.01967e-07
1.01739e-07
1.01513e-07
1.01287e-07
1.01062e-07
1.00838e-07
1.00616e-07
1.00394e-07
1.00174e-07
