0.263099 0.148363
-0.676286 0.0456251
0.551181 0.0639358
0.058275 -0.906819
-0.0415045 -0.917484
0.902845 0.0125621
-1.04896 0.0236731
-0.123323 -0.209394
-0.362849 0.192431
-0.232436 0.220218
0.148203 -0.264322
0.39833 0.145923
0.719807 0.0208717
-0.855823 0.0301466
-0.511472 0.0881625
0.005929 -1.13037
1.09924 0.00228094
-1.2548 0.0212685
-1.47259 0.0204643
1.30813 -0.000879836
0.329599 0.174283
-0.592882 0.060095
0.634584 0.0367717
0.10164 -0.580911
-0.0177875 -1.04468
1.00026 0.00577848
-0.95155 0.0260203
-0.0799575 -0.541491
-0.296349 0.235433
-0.176281 0.0920919
0.204358 -0.00335577
0.473758 0.0969417
0.810485 0.0123798
-0.765146 0.0362758
-0.436044 0.131979
0.029646 -1.06236
1.20294 0.00155635
-1.15109 0.0221651
-1.36295 0.0206571
1.41777 -0.00244914
0.296349 0.170038
-0.634584 0.0518368
0.592882 0.0484177
0.0799575 -0.753332
-0.029646 -0.986861
0.95155 0.00838605
-1.00026 0.0247015
-0.10164 -0.363831
-0.329599 0.2174
-0.204358 0.172137
0.176281 -0.117457
0.436044 0.120901
0.765146 0.0161448
-0.810485 0.0329534
-0.473758 0.107509
0.0177875 -1.10925
1.15109 0.00211704
-1.20294 0.0216585
-1.41777 0.0205326
1.36295 -0.00167683
0.362849 0.163206
-0.551181 0.071226
0.676286 0.0280682
0.123323 -0.414556
-0.005929 -1.07989
1.04896 0.00396006
-0.902845 0.027693
-0.058275 -0.733713
-0.263099 0.237965
-0.148203 -0.0281184
0.232436 0.0755383
0.511472 0.0766077
0.855823 0.00970705
-0.719807 0.0404359
-0.39833 0.1615
0.0415045 -0.993011
1.2548 0.000735052
-1.09924 0.0228472
-1.30813 0.0208862
1.47259 -0.00285148
