1.00207 0.586047 0.0179993 2.6788 
0.9811 0.622489 -0.0114266 2.63214 
1.01504 0.522072 -0.0835489 2.70262 
0.989002 0.611004 0.000565873 2.65041 
0.999741 0.587524 -5.79499e-05 2.67271 
1.00295 0.58615 0.000534801 2.68162 
1.00004 0.585966 -0.00467873 2.67318 
1.00361 0.583639 0.0153881 2.6825 
0.982214 0.616101 -0.0216995 2.63211 
0.988833 0.611233 -7.42714e-05 2.64999 
0.990264 0.610124 0.000897024 2.65402 
0.996993 0.589288 -0.0181723 2.66509 
0.993228 0.603769 0.016098 2.66006 
0.994423 0.59315 -0.0467255 2.66193 
0.992344 0.606012 0.0190064 2.65858 
1.0094 0.520189 -0.0893436 2.68293 
0.999947 0.592142 -1.38279e-05 2.67528 
1.00243 0.587327 5.39024e-05 2.68058 
1.00611 0.57966 0.000528336 2.68839 
1.0048 0.553447 -0.00279636 2.68059 
0.882196 0.682306 -0.0987439 2.3751 
0.970459 0.641851 0.0253859 2.61057 
0.881989 0.714774 0.0946557 2.39633 
0.998833 0.567998 -0.000806982 2.66717 
1.00345 0.585148 0.000130784 2.68268 
0.973339 0.621812 0.158403 2.62137 
0.993415 0.601265 -0.000784358 2.65905 
0.997084 0.593614 0.0446053 2.6677 
0.999294 0.593181 -0.000201742 2.67372 
0.999067 0.593523 -0.000159696 2.67317 
0.980156 0.619916 -0.0147303 2.62753 
0.999417 0.594229 0.00065498 2.67463 
0.96475 0.648167 -0.0420513 2.59803 
0.999064 0.587448 -0.0123468 2.67047 
1.00128 0.589189 0.00428286 2.67785 
1.00331 0.585705 0.00559605 2.68256 
1.02415 0.546669 0.0225007 2.73125 
1.02732 0.547261 0.0957125 2.7473 
0.963607 0.572583 -0.142983 2.56597 
0.972954 0.63182 0.0250676 2.61184 
1.00967 0.573877 0.0369083 2.69781 
0.887266 0.699724 -0.0843421 2.40173 
0.944234 0.671643 -0.00993457 2.54803 
1.00673 0.578528 0.0068909 2.68986 
0.999647 0.578178 -0.0395193 2.67115 
1.01466 0.532657 -0.017319 2.7038 
0.999563 0.562755 -0.000477255 2.66775 
1.00471 0.55134 -0.00464016 2.67913 
0.998481 0.592368 -0.00354703 2.67071 
1.00422 0.583596 0.000202371 2.68436 
0.96528 0.646574 0.0237137 2.59703 
0.984192 0.609689 -0.0180596 2.63433 
1.0031 0.585452 0.00457473 2.68173 
0.90294 0.710149 0.103333 2.45699 
1.01134 0.569481 0.00233582 2.70015 
0.853473 0.727834 -0.00440855 2.31915 
1.00002 0.586148 -0.00332747 2.673 
1.00337 0.585513 0.00164038 2.68264 
0.993419 0.593379 0.0954139 2.65955 
0.998649 0.567469 -0.00138149 2.66626 
1.00352 0.585082 0.00137891 2.68288 
0.999873 0.588909 -0.00039981 2.67356 
1.00283 0.586537 1.85003e-05 2.68143 
1.0059 0.580326 0.000889425 2.68807 
1.00155 0.579348 -0.00565097 2.67757 
0.999782 0.586478 -0.00101039 2.67329 
1.00295 0.586207 0.00072127 2.68165 
0.997615 0.57043 -6.91386e-05 2.66417 
1.00318 0.5858 2.52432e-05 2.68217 
0.999404 0.584389 -0.000841306 2.67237 
1.00339 0.585276 0.000176876 2.68257 
0.945321 0.648617 -0.0908648 2.54264 
0.999801 0.587623 -0.000583487 2.67286 
1.00296 0.586343 0.000105858 2.68176 
0.924149 0.694065 0.0344745 2.50246 
1.01191 0.566093 0.0484462 2.70146 
1.00433 0.583526 0.016313 2.68483 
1.02107 0.547604 0.0201448 2.72128 
0.96722 0.641367 -0.0533713 2.60234 
1.00277 0.586603 0.000453664 2.68129 
0.999782 0.587595 -0.000749322 2.67277 
1.00196 0.582678 -0.00786469 2.67972 
0.975598 0.629369 0.0753542 2.62165 
1.00023 0.586095 -0.00427174 2.67396 
0.999108 0.587871 -0.0170746 2.67137 
1.00575 0.580942 0.00567029 2.68795 
0.997711 0.587811 -0.0134784 2.66617 
0.937504 0.679609 0.0495205 2.53375 
0.999796 0.585965 -0.00109774 2.67369 
1.00355 0.585103 0.00417592 2.68301 
1.00228 0.587561 0.000167083 2.68021 
0.999802 0.59126 -0.00051434 2.67438 
0.999803 0.587319 -0.000686266 2.67291 
1.00331 0.585599 0.00116623 2.68248 
0.977379 0.622948 0.0714104 2.62294 
0.964526 0.646656 -0.0449864 2.59663 
0.939466 0.663407 -0.0769789 2.5323 
0.997656 0.594788 -0.00458281 2.66936 
0.996166 0.598308 0.0494791 2.66775 
0.936683 0.671161 -0.0179806 2.52401 
1.00311 0.586016 1.14426e-05 2.68206 
1.003 0.586228 6.4734e-05 2.68182 
0.997271 0.571694 -5.01467e-05 2.66349 
0.997958 0.576393 -0.00151739 2.66665 
0.996657 0.596536 0.0196957 2.66709 
0.999167 0.595261 0.0188156 2.67464 
1.00115 0.588644 0.00982643 2.67714 
0.984104 0.619636 0.00869622 2.63992 
0.981084 0.621005 0.00542839 2.63093 
0.974775 0.635614 -0.00106155 2.62012 
1.01816 0.522945 -0.0446713 2.71144 
1.01302 0.519892 -0.0513241 2.69258 
1.00264 0.566417 -0.0568775 2.67686 
0.988397 0.612058 0.00652349 2.64914 
0.987914 0.613459 0.00382759 2.64841 
0.985812 0.614017 -0.00245712 2.64188 
0.999774 0.587367 -0.000424867 2.67278 
0.999796 0.587408 -0.000345726 2.67289 
0.999596 0.58612 -0.000352702 2.67252 
1.00296 0.586203 0.000223321 2.68168 
1.00298 0.586212 0.000305193 2.68173 
1.00305 0.585993 0.000393504 2.68185 
0.999817 0.585808 -0.0091294 2.67238 
1.00037 0.58628 -0.00770012 2.67451 
1.00084 0.584795 -0.00614992 2.67624 
1.00373 0.584153 0.00797688 2.68308 
1.00413 0.58455 0.00917574 2.68465 
1.00544 0.58018 0.0103993 2.68651 
0.977055 0.621442 -0.0358293 2.61967 
0.979175 0.617965 -0.0335005 2.62436 
0.987917 0.605264 -0.0418394 2.64584 
0.986917 0.613923 -0.00505067 2.64547 
0.987592 0.611789 -0.00420144 2.64634 
0.989895 0.609458 -0.00542436 2.65248 
0.995286 0.602495 0.00139465 2.66592 
0.993249 0.604628 0.002586 2.66049 
0.990742 0.609885 0.00641279 2.65551 
0.988669 0.603978 -0.0233229 2.64609 
0.9914 0.598705 -0.0258794 2.65213 
0.995807 0.590393 -0.0288144 2.6629 
0.996801 0.598222 0.00578153 2.66837 
0.996822 0.597865 0.00693633 2.66823 
0.999141 0.593781 0.00972594 2.6735 
0.979065 0.622711 -0.0565114 2.62929 
0.982636 0.612481 -0.0605118 2.63508 
0.987662 0.593714 -0.0662563 2.64183 
0.999841 0.592997 0.0221416 2.6756 
0.997445 0.594347 0.0236941 2.66848 
0.993828 0.605159 0.0310945 2.66334 
1.0001 0.567743 -0.0586869 2.66909 
1.0018 0.565206 -0.065804 2.67455 
0.994354 0.565616 -0.0889391 2.65248 
0.999719 0.592526 -3.71215e-05 2.67475 
0.999809 0.592394 -8.50538e-05 2.67497 
0.99987 0.591632 -0.000180233 2.67478 
1.00275 0.586673 1.43389e-05 2.68126 
1.0027 0.586776 9.53862e-05 2.68114 
1.00266 0.586768 0.000294843 2.68099 
1.00788 0.575828 0.0010506 2.69214 
1.00753 0.576965 0.00167104 2.6916 
1.00669 0.579081 0.00346742 2.69002 
1.00151 0.559443 -0.00129847 2.67257 
1.00159 0.558251 -0.00220562 2.67218 
1.00275 0.571184 -0.00583964 2.67874 
0.923746 0.628382 -0.139983 2.47178 
0.921662 0.647086 -0.130105 2.47599 
0.925025 0.663408 -0.0994902 2.49067 
0.984599 0.619433 0.0446648 2.64259 
0.980127 0.622949 0.0448894 2.6302 
0.972847 0.640326 0.0482212 2.61834 
0.865085 0.726716 0.0520279 2.353 
0.881222 0.726828 0.0597977 2.40148 
0.911676 0.69789 0.0567702 2.46828 
0.998036 0.569657 -0.000377455 2.66524 
0.998006 0.569383 -0.000618534 2.66499 
0.999218 0.580577 -0.00132105 2.67115 
1.00372 0.584537 0.000207747 2.68325 
1.00368 0.584717 0.000305752 2.68322 
1.00354 0.585114 0.000714989 2.68297 
0.930878 0.672794 0.140184 2.51888 
0.944632 0.664863 0.14399 2.55708 
0.959811 0.638023 0.128063 2.58337 
0.989558 0.608852 -0.000493327 2.65092 
0.990819 0.607469 -0.00167265 2.65423 
0.992376 0.603294 -0.00456986 2.65691 
1.00271 0.584291 0.0274926 2.68015 
1.00281 0.587044 0.0334449 2.68232 
1.00466 0.578695 0.0448205 2.68416 
0.99876 0.59342 -0.00170396 2.67215 
0.999068 0.59319 -0.00109485 2.67304 
0.999436 0.592042 -0.00111919 2.67361 
0.997264 0.596206 -0.000369672 2.66877 
0.997859 0.595319 -0.000668781 2.67022 
0.998381 0.594198 -0.00153171 2.67135 
0.969614 0.636118 -0.00651205 2.60378 
0.971661 0.635304 -0.0130723 2.61 
0.97317 0.627232 -0.026225 2.61021 
1.00158 0.589342 0.000277972 2.67892 
1.00095 0.59011 0.000998582 2.67727 
1.00034 0.591356 0.00321364 2.67601 
0.961793 0.656457 -0.0094587 2.59269 
0.95866 0.653351 -0.0181394 2.58085 
0.953347 0.667549 -0.0329229 2.57467 
0.999935 0.58634 -0.00650444 2.67268 
0.999468 0.586192 -0.00723882 2.67101 
0.998412 0.591141 -0.00678504 2.66988 
1.00185 0.588125 0.00122471 2.67911 
1.00185 0.588445 0.00164553 2.67928 
1.0022 0.587605 0.00256183 2.67996 
1.00319 0.586208 0.0106942 2.68252 
1.00289 0.585607 0.00856569 2.68115 
1.00203 0.588237 0.00621801 2.67979 
1.02936 0.540204 0.0511672 2.74679 
1.02527 0.537881 0.0439172 2.73129 
1.01768 0.559215 0.0397157 2.71668 
1.01123 0.577399 0.135509 2.71512 
1.01028 0.56582 0.12078 2.703 
1.00752 0.574869 0.100373 2.69618 
0.995945 0.529712 -0.116167 2.6465 
0.988273 0.536792 -0.118056 2.62475 
0.978714 0.587326 -0.111209 2.61599 
0.986017 0.613327 0.0237117 2.6424 
0.984403 0.619224 0.0272795 2.641 
0.984088 0.617189 0.0420342 2.63929 
1.00538 0.581694 0.0230428 2.68743 
1.00672 0.577889 0.0242012 2.68977 
1.01029 0.572722 0.0228677 2.69875 
0.92417 0.676808 -0.0838265 2.49556 
0.912179 0.683218 -0.0807393 2.46289 
0.902061 0.703842 -0.051829 2.445 
0.957689 0.655959 0.0122936 2.5791 
0.952827 0.664172 0.0111027 2.56946 
0.936789 0.677205 0.0174477 2.52854 
1.00908 0.573865 0.00505272 2.69504 
1.00873 0.575058 0.00573218 2.69456 
1.00869 0.574149 0.010748 2.69396 
1.00831 0.541676 -0.0319108 2.68419 
1.00722 0.55794 -0.0342708 2.68724 
1.00417 0.568869 -0.0254582 2.6813 
1.0087 0.544134 -0.00584352 2.68931 
1.00825 0.541023 -0.00891508 2.68614 
1.00775 0.556651 -0.0161151 2.6886 
0.998562 0.564973 -0.000319213 2.66543 
0.998647 0.564534 -0.000642054 2.66547 
0.999843 0.573624 -0.00183492 2.67106 
1.00285 0.570276 -0.0077088 2.67844 
1.00391 0.568023 -0.00704331 2.68112 
1.00537 0.562182 -0.0125608 2.6832 
0.999421 0.587445 -0.0038477 2.67126 
0.999316 0.58926 -0.00381686 2.67181 
0.999384 0.590246 -0.00201257 2.67251 
1.00496 0.582057 0.000289922 2.68595 
1.00483 0.582509 0.000547804 2.68578 
1.00458 0.583221 0.00126348 2.68533 
0.965509 0.647626 0.0483178 2.59953 
0.961547 0.650538 0.0408342 2.58845 
0.950613 0.665575 0.0351621 2.56389 
0.993121 0.595342 -0.0203966 2.65539 
0.991463 0.599419 -0.0185658 2.65218 
0.990225 0.604032 -0.0135835 2.65048 
1.00212 0.587678 0.00496 2.67975 
1.00246 0.587277 0.00485568 2.68065 
1.0027 0.586444 0.00270692 2.68097 
0.922044 0.694996 0.0632749 2.49853 
0.918342 0.688247 0.0748197 2.48284 
0.94062 0.670729 0.10684 2.5427 
1.01673 0.559118 0.00766405 2.7126 
1.01498 0.56128 0.00793548 2.70788 
1.01209 0.569241 0.0105212 2.7026 
0.862179 0.715084 -0.0521728 2.33635 
0.87138 0.722346 -0.0427529 2.3689 
0.890184 0.711217 -0.0258204 2.41344 
1.00003 0.586395 -0.00170387 2.6737 
0.999985 0.586295 -0.00198322 2.67319 
0.999739 0.587646 -0.002168 2.67244 
1.00338 0.585473 0.00310928 2.68265 
1.00328 0.585492 0.00246386 2.68233 
1.00295 0.58621 0.00196796 2.68164 
0.985491 0.601734 0.129113 2.64326 
0.985954 0.60528 0.123262 2.64596 
0.976852 0.620578 0.10839 2.62392 
0.999255 0.580565 -0.00155164 2.67118 
0.999432 0.579071 -0.00102223 2.67147 
0.999594 0.576447 -0.00259601 2.67114 
1.00395 0.584269 0.000825369 2.68384 
1.0039 0.584358 0.000979296 2.68374 
1.00399 0.584121 0.00183299 2.68391 
0.999923 0.591155 -0.000278364 2.6747 
0.999923 0.590712 -0.000183656 2.67448 
0.999895 0.590254 -0.000516156 2.67417 
1.00289 0.586432 5.84071e-05 2.68156 
1.00286 0.586476 5.71267e-05 2.6815 
1.0028 0.586548 0.000154961 2.68133 
1.0062 0.579669 0.00374455 2.6887 
1.006 0.580478 0.00262814 2.6885 
1.00514 0.581936 0.00221165 2.68646 
1.00041 0.565862 -0.00239751 2.67025 
1.00099 0.572944 -0.00338959 2.67414 
1.00051 0.579637 -0.00348968 2.67469 
0.999762 0.586949 -0.000786927 2.67273 
0.9998 0.586932 -0.000923418 2.67284 
0.999812 0.587259 -0.00126729 2.67261 
1.00312 0.585853 0.00110108 2.68202 
1.00305 0.586063 0.00112754 2.68188 
1.00283 0.586385 0.00121309 2.68137 
0.997567 0.57111 -0.00013305 2.66423 
0.99754 0.570941 -0.000239718 2.66404 
0.998439 0.578411 -0.000473212 2.66842 
1.00327 0.585589 3.98798e-05 2.68236 
1.00324 0.585645 7.69562e-05 2.68227 
1.00318 0.585889 0.000158579 2.68221 
0.998256 0.574976 -0.00037086 2.66692 
0.998786 0.579607 -0.000972567 2.66968 
0.998961 0.582909 -0.000629419 2.67082 
1.00341 0.585238 0.000760702 2.68262 
1.00339 0.585447 0.000532554 2.68267 
1.00322 0.585691 0.000332087 2.68225 
0.951553 0.615977 -0.123535 2.5483 
0.952973 0.624515 -0.116377 2.5556 
0.968972 0.613145 -0.0956162 2.59639 
0.999786 0.587885 -0.000231624 2.67289 
0.999776 0.587848 -0.000415616 2.67283 
0.99983 0.589586 -0.000541515 2.67364 
1.00294 0.586326 0.000352063 2.68169 
1.00293 0.586317 0.000318155 2.68164 
1.00288 0.586495 0.000279174 2.68157 
0.894586 0.718825 0.0218377 2.4326 
0.900433 0.708861 0.0202378 2.44159 
0.913028 0.704489 0.000719636 2.47619 
1.01811 0.549766 0.068532 2.71478 
1.01579 0.56173 0.0671284 2.71337 
1.00683 0.573627 0.0716841 2.69026 
1.00633 0.579304 0.0106695 2.68899 
1.00639 0.578967 0.0130772 2.68905 
1.00752 0.577027 0.0161818 2.69177 
1.01594 0.558253 0.0340865 2.71006 
1.01698 0.560463 0.0294162 2.71463 
1.014 0.563121 0.0188217 2.70575 
0.956461 0.642981 -0.0711801 2.57079 
0.96074 0.637583 -0.0680954 2.58078 
0.973158 0.620271 -0.0783368 2.61081 
1.00285 0.586445 0.000640461 2.68144 
1.00282 0.586555 0.000618456 2.68142 
1.00269 0.586688 0.00100642 2.68105 
0.999802 0.589562 -0.000739598 2.67353 
0.99982 0.589099 -0.000640108 2.67338 
0.999761 0.588529 -0.00112767 2.67292 
1.0008 0.585909 -0.0131351 2.67625 
1.0014 0.584339 -0.0126151 2.67793 
1.00333 0.579995 -0.0127141 2.68322 
0.987111 0.613651 0.0884633 2.65045 
0.981235 0.617637 0.0859425 2.63346 
0.970612 0.639342 0.0929874 2.61398 
1.001 0.585016 -0.00556496 2.67702 
1.00064 0.585069 -0.00489924 2.67583 
1.00052 0.58533 -0.00363048 2.67581 
0.999473 0.587448 -0.0274191 2.67346 
1.0003 0.586637 -0.0234068 2.67565 
1.00221 0.583192 -0.0198805 2.68033 
1.00423 0.584059 0.00513023 2.68467 
1.00454 0.582752 0.00499627 2.68494 
1.00494 0.582362 0.00345597 2.68604 
0.99773 0.59165 -0.00703404 2.6679 
0.997378 0.592719 -0.00898894 2.66739 
0.994544 0.596646 -0.0110172 2.66033 
0.960848 0.647145 0.0684426 2.58542 
0.957045 0.658402 0.0720701 2.58145 
0.949576 0.662245 0.0860134 2.56197 
1.00011 0.586183 -0.00246191 2.67393 
1.00012 0.586192 -0.0021975 2.67438 
1.00009 0.584501 -0.00185015 2.67457 
1.00354 0.585016 0.00222953 2.68292 
1.00368 0.585004 0.00283183 2.68337 
1.00409 0.583698 0.00320226 2.68398 
1.00262 0.586884 0.000396465 2.68093 
1.00252 0.58693 0.000464266 2.68064 
1.00241 0.587293 0.000990324 2.68047 
0.999633 0.592658 -0.00035555 2.67456 
0.999641 0.592073 -0.000542668 2.67427 
0.999705 0.590957 -0.000825608 2.67391 
0.999729 0.586631 -0.000803845 2.67296 
0.999672 0.586633 -0.000693679 2.67277 
0.999497 0.586149 -0.000730206 2.6724 
1.00306 0.586044 0.000850887 2.6819 
1.0031 0.585849 0.000826655 2.68193 
1.00317 0.58585 0.000554059 2.68218 
0.988859 0.605654 0.0583596 2.64862 
0.987612 0.611095 0.0650747 2.6484 
0.987377 0.606731 0.0816939 2.64632 
0.949324 0.664379 -0.0393861 2.56 
0.952356 0.661746 -0.044899 2.56814 
0.952528 0.649847 -0.0608139 2.56194 
0.936766 0.668034 -0.0438097 2.52346 
0.93425 0.671645 -0.0483207 2.51885 
0.922361 0.684528 -0.0528586 2.49205 
0.996037 0.598849 -0.00284993 2.66631 
0.996094 0.598009 -0.0035663 2.66604 
0.995216 0.59852 -0.00695203 2.66351 
1.00597 0.581809 0.0506795 2.69067 
1.00272 0.583156 0.053003 2.68072 
0.99814 0.596196 0.0679883 2.67428 
0.928485 0.682094 0.0113536 2.50614 
0.927429 0.682073 -0.00151445 2.5029 
0.922561 0.68789 -0.0185494 2.49283 
1.00312 0.585926 2.8956e-05 2.68204 
1.00312 0.585964 4.34818e-05 2.68208 
1.00312 0.585982 0.000116003 2.6821 
1.00308 0.586074 3.68737e-05 2.68201 
1.00307 0.586091 5.23139e-05 2.68197 
1.00306 0.586101 0.000187706 2.68195 
0.997102 0.572393 -7.103e-05 2.66317 
0.99717 0.572323 -0.000185285 2.66336 
0.998127 0.578511 -0.000460214 2.66754 
0.999203 0.585038 -0.00071824 2.67121 
0.998969 0.583498 -0.000457714 2.67057 
0.998698 0.581421 -0.0013453 2.66971 
0.999606 0.590711 0.0198463 2.6734 
1.00154 0.590682 0.0172034 2.67976 
1.0015 0.587559 0.0133575 2.67771 
0.981167 0.624341 -0.00105789 2.63335 
0.978929 0.621859 -0.00742892 2.62459 
0.977826 0.629334 -0.00826116 2.6259 
1.01765 0.520707 -0.0619589 2.70942 
1.01078 0.519145 -0.0687388 2.68559 
1.00661 0.547085 -0.0680965 2.68284 
0.988773 0.611324 0.00260288 2.64987 
0.988559 0.612029 0.00120082 2.6496 
0.987841 0.612171 0.000207047 2.64734 
0.99976 0.587437 -0.00024624 2.67275 
0.99978 0.587487 -0.000159022 2.67286 
0.999699 0.586975 -0.000187153 2.67265 
1.00296 0.586183 0.000358317 2.68165 
1.00298 0.586193 0.000461895 2.68173 
1.003 0.586058 0.000470593 2.68174 
1.00003 0.585774 -0.00651828 2.67304 
1.00033 0.586227 -0.00543956 2.67435 
1.00037 0.585595 -0.00538861 2.67454 
1.00378 0.583748 0.0110796 2.68304 
1.00424 0.58453 0.0129494 2.68508 
1.00472 0.581508 0.0130207 2.68491 
0.979823 0.618554 -0.0279517 2.62625 
0.981583 0.615828 -0.0262345 2.63028 
0.98396 0.611739 -0.0327719 2.63586 
0.988149 0.612342 -0.00147393 2.64846 
0.988612 0.611223 -0.00120023 2.64928 
0.989005 0.611191 -0.002146 2.65056 
0.992632 0.606957 0.0013638 2.65988 
0.990645 0.608611 0.00170893 2.65434 
0.990341 0.609942 0.00270924 2.65418 
0.993387 0.595138 -0.0219012 2.6565 
0.996069 0.591956 -0.0219095 2.66366 
0.996529 0.589254 -0.0226979 2.66401 
0.995377 0.600689 0.0103163 2.66519 
0.995325 0.600154 0.0118601 2.66472 
0.996806 0.597876 0.0133382 2.66826 
0.987414 0.606704 -0.0539572 2.64694 
0.991292 0.598724 -0.0551793 2.65522 
0.991817 0.592705 -0.055853 2.65391 
0.996067 0.599825 0.0218205 2.66718 
0.993151 0.601487 0.0212737 2.65852 
0.992846 0.60574 0.0243865 2.66021 
1.00343 0.548019 -0.0719408 2.67271 
1.00653 0.543856 -0.0817287 2.68298 
1.00178 0.543692 -0.0912298 2.66757 
0.999859 0.592282 -2.71895e-05 2.67507 
0.999921 0.5922 -4.33561e-05 2.67523 
0.99992 0.59199 -6.35853e-05 2.67512 
1.00264 0.586904 2.92902e-05 2.68101 
1.00254 0.587096 0.000174469 2.68079 
1.00254 0.587024 0.00021051 2.68077 
1.00687 0.578013 0.000726933 2.68999 
1.00661 0.578879 0.00121163 2.68963 
1.00656 0.579193 0.00169826 2.68965 
1.00292 0.556865 -0.00187175 2.676 
1.003 0.55525 -0.00313896 2.67536 
1.00332 0.561228 -0.00441506 2.67746 
0.901824 0.656559 -0.124114 2.41998 
0.903723 0.675685 -0.111056 2.43738 
0.908896 0.673251 -0.103893 2.44929 
0.977199 0.632148 0.0377994 2.62639 
0.971978 0.633559 0.0336028 2.61018 
0.970878 0.64264 0.0360086 2.61292 
0.872803 0.721977 0.0739001 2.37314 
0.888046 0.720692 0.0809306 2.41829 
0.899127 0.706213 0.0726292 2.43831 
0.998338 0.568956 -0.000525651 2.66595 
0.998297 0.568572 -0.000860744 2.6656 
0.99887 0.574313 -0.0012028 2.66861 
1.00357 0.584879 0.000164399 2.68293 
1.00354 0.585021 0.000241971 2.68291 
1.00353 0.585084 0.0003591 2.68293 
0.953685 0.646976 0.154121 2.57447 
0.963552 0.63781 0.151705 2.59946 
0.964726 0.62955 0.14439 2.59615 
0.991188 0.605337 -0.000724378 2.65416 
0.993006 0.603599 -0.00181804 2.65911 
0.99307 0.602611 -0.00246148 2.65875 
1.00077 0.587341 0.0355459 2.67578 
1.00012 0.591998 0.0435598 2.67678 
1.00086 0.586078 0.0456664 2.67582 
0.999034 0.593526 -0.00077016 2.67309 
0.999289 0.59335 -0.000452778 2.67383 
0.999337 0.59294 -0.000698122 2.67375 
0.998353 0.594566 -0.000254949 2.67141 
0.998758 0.593996 -0.000419113 2.67242 
0.998782 0.594075 -0.000618509 2.67257 
0.974968 0.627732 -0.0128662 2.61567 
0.977863 0.626329 -0.0161684 2.62428 
0.977208 0.623212 -0.0197079 2.62031 
1.00073 0.591296 0.000437584 2.67725 
0.99974 0.592466 0.00148725 2.67465 
0.999722 0.592852 0.00195317 2.67482 
0.961497 0.655588 -0.0265209 2.59174 
0.960097 0.648354 -0.0365139 2.58293 
0.959076 0.657991 -0.0389704 2.58646 
0.999673 0.586649 -0.00900414 2.672 
0.99898 0.586642 -0.00983164 2.66967 
0.998611 0.589041 -0.00918829 2.66952 
1.00156 0.588656 0.00247659 2.67844 
1.00162 0.588929 0.00305171 2.67881 
1.00182 0.58826 0.0033713 2.67909 
1.00331 0.585825 0.00774781 2.68265 
1.00302 0.585465 0.00628356 2.68148 
1.00269 0.586902 0.00606137 2.6812 
1.02719 0.542231 0.034841 2.73966 
1.02357 0.541928 0.0304791 2.72705 
1.02111 0.551982 0.0323952 2.72408 
1.02128 0.559267 0.11658 2.73588 
1.01901 0.54972 0.102788 2.72118 
1.01599 0.560185 0.102081 2.71658 
0.981849 0.5479 -0.132304 2.61097 
0.973716 0.559967 -0.131034 2.5905 
0.973841 0.580326 -0.128244 2.60004 
0.98076 0.621127 0.0261675 2.63023 
0.978015 0.630169 0.0301193 2.62737 
0.978039 0.62544 0.0358853 2.62455 
1.00718 0.578394 0.0287719 2.69173 
1.00902 0.573197 0.0303099 2.695 
1.01028 0.572783 0.0292581 2.69893 
0.908375 0.688472 -0.0855451 2.45644 
0.893121 0.695453 -0.0800822 2.41477 
0.894819 0.704212 -0.067236 2.42536 
0.950956 0.664481 0.00313761 2.56376 
0.945252 0.671857 -0.000638144 2.55122 
0.93995 0.675339 0.00262328 2.53706 
1.00784 0.576346 0.00626871 2.6923 
1.00749 0.577596 0.00673532 2.69186 
1.00764 0.576564 0.00852244 2.69177 
1.00438 0.559889 -0.0376398 2.67836 
1.00309 0.574534 -0.0382664 2.68083 
1.00272 0.572324 -0.0322593 2.67816 
1.01162 0.538703 -0.0101481 2.69645 
1.01057 0.534842 -0.014478 2.69084 
1.00995 0.543892 -0.0159224 2.69138 
0.999003 0.563965 -0.000386088 2.66644 
0.999113 0.563429 -0.000772588 2.66651 
0.999563 0.566964 -0.00110558 2.66837 
1.00358 0.559803 -0.00690324 2.67743 
1.00482 0.556769 -0.00548294 2.68041 
1.00513 0.554936 -0.00868396 2.68047 
0.998984 0.589886 -0.00381298 2.67103 
0.998857 0.591566 -0.00368646 2.67151 
0.999028 0.591162 -0.00269469 2.67184 
1.00456 0.582906 0.000234835 2.68509 
1.00446 0.58327 0.000443601 2.68496 
1.00445 0.583389 0.000621752 2.68502 
0.964351 0.648874 0.0350004 2.59603 
0.962097 0.650916 0.0276418 2.58998 
0.95894 0.655995 0.0284952 2.58341 
0.988621 0.602209 -0.0212152 2.64453 
0.987455 0.60743 -0.0175331 2.64366 
0.987692 0.60626 -0.0161006 2.64359 
1.00263 0.586501 0.00490696 2.68078 
1.00292 0.58637 0.00461452 2.68164 
1.00285 0.586068 0.00353812 2.68124 
0.91299 0.702398 0.0808958 2.47846 
0.909479 0.693589 0.0943734 2.46215 
0.924322 0.689222 0.107723 2.5062 
1.01372 0.564811 0.00417973 2.70556 
1.01249 0.56684 0.00488736 2.70255 
1.01213 0.568921 0.00595927 2.70249 
0.856142 0.722971 -0.0289105 2.32368 
0.86691 0.728811 -0.0190531 2.35989 
0.874921 0.720627 -0.0186909 2.37585 
1.00008 0.586264 -0.00241388 2.67348 
0.99995 0.586158 -0.0027332 2.67277 
0.999835 0.586678 -0.00266409 2.67242 
1.00339 0.585461 0.00228263 2.68268 
1.00329 0.585492 0.00181012 2.68237 
1.00316 0.58585 0.00185924 2.68215 
0.990206 0.596551 0.110601 2.6528 
0.990245 0.60028 0.106001 2.65452 
0.986062 0.605581 0.102796 2.6437 
0.998876 0.574145 -0.00177211 2.66843 
0.999037 0.571896 -0.000871572 2.66848 
0.999043 0.571362 -0.00217141 2.66819 
1.00373 0.584682 0.00116617 2.68337 
1.00368 0.58482 0.00128043 2.68326 
1.00373 0.58466 0.00159799 2.68333 
0.999898 0.590166 -0.000382365 2.67415 
0.99991 0.58954 -0.000246275 2.6739 
0.999908 0.589546 -0.000507709 2.6739 
1.00285 0.586498 4.0987e-05 2.68148 
1.00283 0.586533 3.42579e-05 2.68143 
1.00281 0.586541 6.95207e-05 2.68138 
1.00613 0.579852 0.00220003 2.68856 
1.00587 0.580612 0.00126374 2.68813 
1.00553 0.581114 0.00165899 2.68729 
1.00118 0.572916 -0.00400716 2.67445 
1.0015 0.579426 -0.00486933 2.67768 
1.001 0.579576 -0.0043696 2.67605 
0.999751 0.586678 -0.000873725 2.67287 
0.999806 0.58665 -0.00100442 2.67304 
0.999833 0.586653 -0.00114797 2.6728 
1.00302 0.586065 0.00090495 2.68179 
1.00296 0.586213 0.000907034 2.68168 
1.0029 0.586277 0.000939764 2.68153 
0.997616 0.570737 -0.000106519 2.66426 
0.997589 0.570605 -0.000196125 2.6641 
0.998007 0.574094 -0.000271169 2.66613 
1.00322 0.585712 2.99632e-05 2.68225 
1.00319 0.585752 5.69869e-05 2.68219 
1.00319 0.585838 7.92709e-05 2.68222 
0.998954 0.580573 -0.000612782 2.67029 
0.999304 0.583774 -0.00100067 2.67206 
0.999178 0.583727 -0.000661512 2.67161 
1.00342 0.585216 0.000442502 2.68263 
1.00338 0.585414 0.000249247 2.68262 
1.0033 0.585483 0.000281645 2.6824 
0.947389 0.635723 -0.107431 2.54377 
0.949127 0.638006 -0.100739 2.54888 
0.957797 0.629827 -0.0957958 2.57078 
0.999796 0.58775 -0.000411095 2.67288 
0.999785 0.587715 -0.00058719 2.67281 
0.999828 0.588435 -0.000568772 2.67315 
1.00295 0.586334 0.000216661 2.68173 
1.00294 0.58633 0.000190954 2.68168 
1.00292 0.586413 0.000194184 2.68167 
0.910699 0.705527 0.02998 2.47025 
0.91563 0.697793 0.0276093 2.47891 
0.917726 0.700553 0.0188781 2.48741 
1.01466 0.55877 0.0572063 2.70719 
1.0128 0.568431 0.0560838 2.70623 
1.01018 0.568425 0.0593793 2.69761 
1.00556 0.580985 0.0136468 2.68744 
1.00531 0.580835 0.0160643 2.68655 
1.00582 0.580487 0.0165551 2.68808 
1.0188 0.55204 0.028014 2.71615 
1.01929 0.55553 0.0222276 2.71954 
1.01709 0.556176 0.0195957 2.71239 
0.962191 0.643561 -0.0617766 2.58845 
0.965791 0.638946 -0.0591593 2.59687 
0.969325 0.633534 -0.0665632 2.60533 
1.0028 0.58654 0.000553241 2.68135 
1.00278 0.586649 0.00052375 2.68133 
1.00273 0.586652 0.000680041 2.68116 
0.999804 0.588404 -0.000771882 2.67304 
0.999807 0.588003 -0.000687783 2.67291 
0.999788 0.587968 -0.000919951 2.67283 
1.00164 0.584555 -0.0105179 2.67881 
1.00198 0.582325 -0.00987384 2.67959 
1.00259 0.581438 -0.00994644 2.68134 
0.980925 0.622504 0.0829387 2.63526 
0.975283 0.626809 0.0783476 2.61925 
0.973245 0.634471 0.0833494 2.61815 
1.00056 0.585776 -0.00490085 2.67535 
1.00031 0.585775 -0.0043225 2.67453 
1.00043 0.585929 -0.00394482 2.67508 
0.999341 0.587342 -0.0213307 2.67232 
0.999807 0.586834 -0.0184284 2.67352 
1.00046 0.585798 -0.0184717 2.67521 
1.0049 0.582644 0.00547925 2.6861 
1.00526 0.581145 0.00523551 2.68643 
1.00531 0.581699 0.00440824 2.68692 
0.997683 0.589524 -0.00973774 2.66671 
0.997237 0.590965 -0.012413 2.66612 
0.995984 0.592011 -0.0126351 2.66256 
0.949779 0.66288 0.0620742 2.56077 
0.944855 0.674869 0.0642319 2.55419 
0.94241 0.672373 0.0691311 2.54512 
1.00001 0.586213 -0.00168721 2.67403 
0.99993 0.585924 -0.0015341 2.67411 
0.999928 0.585354 -0.00140882 2.67412 
1.00358 0.584987 0.00309564 2.68303 
1.00371 0.585003 0.00390443 2.68348 
1.00384 0.584378 0.00375312 2.68355 
1.00247 0.587186 0.000326851 2.6806 
1.00234 0.587257 0.000357467 2.68022 
1.00232 0.587456 0.000585059 2.68026 
0.999733 0.592029 -0.00043875 2.67456 
0.999735 0.591287 -0.000624807 2.67417 
0.999753 0.591131 -0.000629466 2.67415 
0.999767 0.586923 -0.000719538 2.67285 
0.99973 0.586921 -0.000638461 2.67273 
0.999694 0.586845 -0.000637285 2.67271 
1.00316 0.58586 0.00101444 2.68214 
1.00321 0.585607 0.000970559 2.68217 
1.00323 0.585738 0.00080799 2.68231 
0.983921 0.613145 0.0651067 2.63755 
0.981895 0.620303 0.0726718 2.63611 
0.982058 0.615301 0.0772371 2.63383 
0.957192 0.655979 -0.0434771 2.57941 
0.960554 0.653366 -0.0478558 2.58867 
0.958999 0.64939 -0.0528695 2.58144 
0.937206 0.667288 -0.0601854 2.52589 
0.934822 0.668477 -0.0654889 2.52021 
0.930655 0.674574 -0.0665972 2.51167 
0.996832 0.59719 -0.00398629 2.668 
0.996943 0.595363 -0.00457609 2.66733 
0.996641 0.596356 -0.00577153 2.66693 
1.00106 0.590171 0.0512711 2.67924 
0.997404 0.592327 0.0517853 2.66838 
0.996983 0.597481 0.0579523 2.67048 
0.931792 0.677024 -0.00492157 2.51271 
0.932624 0.67627 -0.0158086 2.51502 
0.930286 0.677995 -0.0181311 2.50915 
1.00311 0.58598 1.91973e-05 2.68204 
1.00311 0.586007 2.96986e-05 2.68207 
1.00312 0.586001 4.54558e-05 2.68207 
1.00305 0.586142 5.42426e-05 2.68193 
1.00303 0.586171 6.84607e-05 2.68187 
1.00303 0.586171 0.000132511 2.68188 
0.997183 0.572063 -7.24762e-05 2.66333 
0.99727 0.571981 -0.000192606 2.66357 
0.997631 0.574538 -0.000256837 2.66516 
0.99862 0.581586 -0.0012273 2.6693 
0.998292 0.578831 -0.000681834 2.66806 
0.998318 0.578852 -0.00156119 2.66815 
0.993651 0.602541 0.0176103 2.66074 
0.996417 0.600243 0.0185177 2.66851 
0.997369 0.595629 0.0146102 2.6688 
0.999281 0.594703 0.0138346 2.67458 
0.99961 0.591188 0.0146499 2.67359 
1.00111 0.591105 0.0127239 2.67849 
0.999668 0.591529 0.010672 2.67392 
1.00087 0.591378 0.00930115 2.6778 
1.00099 0.58937 0.00707712 2.67699 
0.988494 0.61148 0.0148589 2.64922 
0.985672 0.615338 0.0149185 2.64238 
0.984859 0.618138 0.0159432 2.64153 
0.981073 0.621875 0.0141549 2.63154 
0.97995 0.627003 0.00569861 2.63115 
0.976346 0.626402 -0.000761822 2.61911 
0.979787 0.627458 0.0151022 2.63102 
0.974795 0.629929 0.00994301 2.6164 
0.972966 0.639236 0.0104814 2.61671 
1.01681 0.527674 -0.0311922 2.70874 
1.01307 0.523908 -0.0372642 2.69419 
1.01038 0.542878 -0.0386521 2.69203 
1.0076 0.542027 -0.04527 2.68229 
1.00948 0.543496 -0.0520819 2.68979 
1.00533 0.543849 -0.0584196 2.67616 
1.00547 0.56233 -0.045495 2.68362 
1.002 0.563431 -0.0492045 2.67262 
0.999878 0.581324 -0.0475333 2.67401 
0.988353 0.611672 0.0128433 2.64883 
0.987063 0.614151 0.00876079 2.64611 
0.984779 0.615836 0.00804539 2.63967 
0.984776 0.617532 0.00384647 2.64072 
0.986496 0.61415 0.00268127 2.64419 
0.986882 0.614799 0.000454273 2.64586 
0.982637 0.617346 0.000162061 2.63362 
0.984182 0.617584 -0.0028889 2.63884 
0.982883 0.615332 -0.00858308 2.63327 
0.999781 0.587327 -0.000591276 2.67281 
0.999798 0.587355 -0.000531786 2.67289 
0.999698 0.586867 -0.000563592 2.67268 
0.999714 0.586874 -0.000522535 2.67275 
0.999715 0.586878 -0.000387867 2.67269 
0.999742 0.586929 -0.000285103 2.67283 
0.999538 0.586149 -0.000588457 2.67243 
0.999571 0.586124 -0.000551376 2.67255 
0.999269 0.584366 -0.000719628 2.67167 
1.00297 0.586215 0.000112681 2.68171 
1.00298 0.586224 0.000182027 2.68175 
1.00299 0.586148 0.000189683 2.68176 
1.00301 0.586151 0.000256239 2.68182 
1.003 0.586114 0.000313135 2.68174 
1.00302 0.586112 0.000392548 2.68183 
1.00303 0.586064 0.000259232 2.68183 
1.00306 0.586054 0.000315058 2.68192 
1.00308 0.585955 0.00030969 2.68194 
0.999251 0.58637 -0.0126548 2.67086 
1.00014 0.586744 -0.010923 2.67406 
1.00036 0.584889 -0.0110078 2.6741 
1.00099 0.58562 -0.00907953 2.67666 
1.00048 0.585133 -0.00768705 2.67465 
1.0008 0.585801 -0.00625629 2.67614 
1.00113 0.584015 -0.00901313 2.67675 
1.00146 0.584919 -0.00715333 2.67841 
1.00146 0.582602 -0.00696851 2.67791 
1.00361 0.584617 0.00573633 2.68294 
1.00393 0.584818 0.00652213 2.68413 
1.00416 0.583333 0.0065003 2.68404 
1.0046 0.583398 0.00729359 2.68556 
1.00446 0.582444 0.00917811 2.68454 
1.00503 0.582711 0.0104722 2.68661 
1.00487 0.58168 0.00721382 2.68547 
1.00547 0.581539 0.00795535 2.68739 
1.00578 0.579714 0.00779091 2.68735 
0.973633 0.626231 -0.0455083 2.61246 
0.976364 0.621928 -0.0427582 2.61855 
0.98089 0.616805 -0.0509478 2.63067 
0.982807 0.612127 -0.0467844 2.6339 
0.982487 0.613165 -0.0408045 2.63264 
0.983987 0.609477 -0.0374949 2.63519 
0.988043 0.607379 -0.0510729 2.64854 
0.988952 0.603098 -0.0462664 2.64876 
0.993999 0.599346 -0.0465059 2.66333 
0.985367 0.614589 -0.011818 2.641 
0.986195 0.611558 -0.0101213 2.64178 
0.987943 0.610854 -0.0115834 2.64711 
0.988369 0.608666 -0.00992405 2.6471 
0.988511 0.611565 -0.00567005 2.64924 
0.988924 0.609866 -0.00467899 2.64952 
0.989944 0.607861 -0.0104591 2.65181 
0.990134 0.606335 -0.00895549 2.65145 
0.991517 0.605522 -0.00895203 2.65552 
0.997583 0.598065 0.00112825 2.67084 
0.995932 0.600084 0.00265514 2.6666 
0.995836 0.60052 0.00379521 2.66655 
0.994296 0.602877 0.00610183 2.6629 
0.993034 0.60561 0.00383525 2.6604 
0.99121 0.607588 0.00494135 2.6556 
0.994135 0.603734 0.00761466 2.66292 
0.992074 0.606396 0.00968862 2.65776 
0.991505 0.608409 0.0117185 2.65719 
0.98387 0.614252 -0.0203886 2.63636 
0.985641 0.607614 -0.026084 2.63838 
0.985636 0.608168 -0.02828 2.63906 
0.988949 0.601379 -0.0321358 2.64615 
0.991746 0.596806 -0.0273898 2.65254 
0.995203 0.592825 -0.0275575 2.66181 
0.989324 0.600261 -0.0343724 2.64723 
0.993829 0.595153 -0.0349712 2.6593 
0.994599 0.593826 -0.0370296 2.66173 
0.998002 0.596126 0.00224401 2.67107 
0.997976 0.595951 0.00310699 2.67088 
0.998738 0.594636 0.00405107 2.67263 
0.998822 0.594045 0.00492832 2.67256 
0.997871 0.596237 0.00799053 2.67074 
0.998017 0.595116 0.00917893 2.67056 
0.999606 0.592972 0.00550397 2.67453 
0.999799 0.591832 0.00633987 2.6745 
1.00058 0.591107 0.00643356 2.67665 
0.970856 0.639026 -0.052945 2.61256 
0.973145 0.627715 -0.0597557 2.61332 
0.972907 0.6296 -0.0622312 2.61417 
0.976615 0.616723 -0.0683284 2.61881 
0.982822 0.610223 -0.062211 2.63478 
0.987279 0.599581 -0.0651122 2.64345 
0.976531 0.614898 -0.0704273 2.61792 
0.981394 0.601743 -0.0754737 2.62652 
0.981334 0.598821 -0.0774965 2.6254 
1.00291 0.587028 0.0199003 2.68223 
1.00146 0.587815 0.0231962 2.67792 
1.00184 0.589959 0.0255905 2.68054 
0.999392 0.591318 0.0286599 2.67329 
0.99748 0.597946 0.0268251 2.67087 
0.99409 0.59987 0.0270063 2.6608 
0.999639 0.595252 0.0323694 2.67662 
0.995793 0.597421 0.0340471 2.66522 
0.995665 0.604152 0.0395733 2.66918 
0.99785 0.582758 -0.0483144 2.66804 
0.99891 0.580906 -0.0536568 2.67127 
0.996123 0.581226 -0.0578024 2.66239 
0.996761 0.580311 -0.0649815 2.66496 
0.99816 0.565482 -0.0717481 2.6629 
0.999678 0.564447 -0.0824617 2.66909 
0.992935 0.581291 -0.0691243 2.65307 
0.992759 0.582468 -0.0794014 2.6545 
0.987034 0.584726 -0.0832345 2.63715 
0.999522 0.592855 -5.16786e-05 2.67429 
0.999648 0.592679 -0.000114076 2.6746 
0.999644 0.592501 -0.000153413 2.6745 
0.999736 0.592339 -0.000219694 2.67472 
0.999805 0.592206 -0.000114922 2.67487 
0.999875 0.592087 -0.000151704 2.67503 
0.999727 0.591914 -0.000253013 2.67447 
0.999807 0.591762 -0.000308388 2.67465 
0.999796 0.591162 -0.000338371 2.67429 
1.00281 0.58656 4.61275e-06 2.6814 
1.00279 0.586609 4.739e-05 2.68134 
1.00279 0.58657 5.55666e-05 2.68132 
1.00276 0.586655 0.000141549 2.68127 
1.0027 0.586726 0.000114146 2.68112 
1.00264 0.586886 0.000269898 2.68103 
1.00277 0.586577 0.000153808 2.68125 
1.00273 0.586701 0.000291006 2.68121 
1.00274 0.586568 0.000306387 2.68117 
1.00925 0.572892 0.00163341 2.69507 
1.00874 0.574392 0.00241178 2.6942 
1.00858 0.575176 0.00324419 2.69412 
1.00784 0.57622 0.00394828 2.69221 
1.00744 0.577438 0.00230438 2.69159 
1.00688 0.578269 0.00291634 2.69018 
1.00756 0.577392 0.00464915 2.69196 
1.00692 0.578102 0.00492076 2.69024 
1.00662 0.57936 0.00543784 2.68995 
1.00045 0.561473 -0.000978165 2.67005 
1.00054 0.560541 -0.00166403 2.66982 
1.00103 0.565364 -0.00240587 2.67205 
1.0013 0.564591 -0.00365119 2.67243 
1.00202 0.563548 -0.00315629 2.67436 
1.00232 0.562504 -0.00487273 2.67468 
1.00184 0.572576 -0.004402 2.67651 
1.00194 0.571957 -0.00573539 2.67635 
1.00219 0.579169 -0.00629164 2.67961 
0.944735 0.600623 -0.146572 2.52215 
0.940106 0.617599 -0.139653 2.51671 
0.942523 0.626262 -0.133666 2.52748 
0.936437 0.642621 -0.120681 2.51674 
0.925303 0.650671 -0.123123 2.48735 
0.921667 0.667148 -0.107019 2.48497 
0.938701 0.644172 -0.113509 2.52252 
0.93518 0.657714 -0.100492 2.51876 
0.93751 0.655517 -0.0942052 2.52296 
0.991301 0.60664 0.0465367 2.65663 
0.987966 0.611119 0.0497999 2.6486 
0.98775 0.613469 0.0515157 2.64951 
0.983292 0.618314 0.0539111 2.63808 
0.979509 0.628283 0.0470529 2.63185 
0.973842 0.631579 0.0453852 2.61545 
0.982874 0.622758 0.0561374 2.63976 
0.977203 0.62792 0.0575587 2.62467 
0.976578 0.634207 0.060268 2.62705 
0.860301 0.728371 0.0291742 2.33962 
0.876537 0.7302 0.0374752 2.3894 
0.888772 0.716071 0.0342014 2.41296 
0.898169 0.715548 0.0440275 2.4413 
0.892981 0.712252 0.0537331 2.42334 
0.903114 0.710631 0.0623141 2.45334 
0.906939 0.702625 0.0408093 2.45668 
0.914855 0.701486 0.0481246 2.48046 
0.922027 0.691129 0.0436809 2.4939 
0.997828 0.570251 -0.000317393 2.66479 
0.997811 0.570017 -0.000515682 2.6646 
0.998415 0.574995 -0.000702354 2.66746 
0.998458 0.574969 -0.000919232 2.6675 
0.998603 0.574692 -0.000849635 2.66793 
0.998626 0.574626 -0.00118443 2.66787 
0.999085 0.580647 -0.00103362 2.67078 
0.999076 0.580704 -0.00119156 2.67068 
0.999488 0.584474 -0.00120654 2.6727 
1.00392 0.584097 0.000266647 2.68366 
1.00387 0.584329 0.000392207 2.68362 
1.00386 0.584431 0.0005763 2.68363 
1.00374 0.584606 0.000726731 2.68333 
1.00367 0.584793 0.00045207 2.68324 
1.00358 0.584935 0.000576782 2.683 
1.00368 0.584826 0.000898737 2.68327 
1.00357 0.584957 0.000975183 2.68298 
1.0035 0.585205 0.00110619 2.68289 
0.905942 0.697236 0.11566 2.4572 
0.92392 0.69154 0.12649 2.50982 
0.927333 0.676884 0.118373 2.50757 
0.941332 0.670426 0.123505 2.5475 
0.946909 0.653178 0.135893 2.55422 
0.958257 0.645529 0.134655 2.58494 
0.943875 0.65859 0.116113 2.54537 
0.954667 0.652672 0.117927 2.57582 
0.956629 0.644103 0.111623 2.5749 
0.989038 0.610936 -9.93569e-05 2.65048 
0.989319 0.610291 -0.00114359 2.65102 
0.989325 0.610104 -0.00147566 2.65094 
0.990176 0.608683 -0.00336062 2.65288 
0.990864 0.6067 -0.00223685 2.65394 
0.992348 0.604936 -0.00386262 2.65777 
0.990147 0.607617 -0.00397149 2.65217 
0.991569 0.605699 -0.00597987 2.65571 
0.991552 0.603155 -0.00674352 2.65418 
1.00354 0.58328 0.020909 2.68216 
1.004 0.584728 0.025076 2.68466 
1.00467 0.580514 0.0259523 2.68448 
1.00531 0.582417 0.0316028 2.68792 
1.00356 0.581839 0.0348469 2.68185 
1.00365 0.585575 0.0429591 2.68473 
1.00622 0.57678 0.0327512 2.68774 
1.00706 0.579396 0.0405221 2.69241 
1.00824 0.571916 0.042089 2.69214 
0.998447 0.592869 -0.00303944 2.67084 
0.998838 0.592564 -0.00211098 2.67196 
0.999 0.59193 -0.00239807 2.67214 
0.999239 0.591729 -0.00165718 2.67281 
0.999164 0.592626 -0.00138562 2.67304 
0.999365 0.59247 -0.000910841 2.67361 
0.999361 0.591235 -0.00186115 2.67294 
0.9995 0.591106 -0.00128122 2.67332 
0.999586 0.590745 -0.00140327 2.67341 
0.995866 0.598511 -0.000415969 2.66551 
0.99656 0.597289 -0.000973235 2.66708 
0.996596 0.597641 -0.00138899 2.66744 
0.997191 0.596518 -0.00191125 2.66874 
0.997895 0.595492 -0.000975799 2.67046 
0.998337 0.594748 -0.00125576 2.67149 
0.997244 0.596019 -0.00231665 2.66866 
0.99785 0.595113 -0.00256021 2.67013 
0.997917 0.593766 -0.00290772 2.66961 
0.965903 0.643554 0.00599038 2.59675 
0.965372 0.644189 -0.00461027 2.59555 
0.963081 0.644818 -0.00732765 2.5887 
0.965661 0.643878 -0.0166813 2.5966 
0.970298 0.63336 -0.016691 2.60446 
0.974139 0.631548 -0.021334 2.61589 
0.963565 0.640979 -0.0218402 2.58816 
0.968846 0.638568 -0.028363 2.60386 
0.967357 0.632345 -0.0352466 2.5954 
1.0021 0.588106 0.000167031 2.67993 
1.00172 0.588585 0.000636201 2.67894 
1.00172 0.588675 0.000822754 2.67899 
1.0013 0.589394 0.00181218 2.67804 
1.00094 0.590303 0.00129858 2.67737 
1.00028 0.591418 0.00278496 2.67582 
1.00136 0.589279 0.00208119 2.67814 
1.00088 0.590294 0.00368666 2.67716 
1.00101 0.589756 0.00402882 2.67729 
0.965499 0.65135 0.0065039 2.60086 
0.961046 0.652537 8.23198e-05 2.58748 
0.95979 0.660549 -0.000487832 2.58906 
0.955361 0.659247 -0.00929046 2.57424 
0.95745 0.662829 -0.019711 2.58366 
0.95469 0.656675 -0.0306698 2.57117 
0.953943 0.668965 -0.0104464 2.57664 
0.949702 0.664503 -0.0218076 2.56051 
0.948149 0.675722 -0.0236717 2.56375 
1 0.586271 -0.00470627 2.67285 
0.99969 0.5861 -0.00528376 2.67169 
0.999521 0.587737 -0.0050589 2.67177 
0.999139 0.5878 -0.00547639 2.67052 
0.999206 0.588199 -0.00685522 2.67099 
0.998669 0.588381 -0.00731304 2.6693 
0.998951 0.590297 -0.00513404 2.67117 
0.998532 0.590584 -0.00534518 2.66993 
0.998332 0.592867 -0.00491175 2.67052 
1.00214 0.587657 0.000430296 2.67979 
1.00209 0.587959 0.000726917 2.67982 
1.00218 0.587556 0.000971479 2.67985 
1.00218 0.587768 0.00128116 2.68 
1.00198 0.58792 0.00193181 2.67941 
1.00204 0.588078 0.00235041 2.67972 
1.00228 0.587389 0.00148204 2.68011 
1.00234 0.587481 0.00178038 2.68037 
1.00245 0.587159 0.0019175 2.68055 
1.00279 0.587168 0.0147333 2.68181 
1.00256 0.586127 0.01158 2.68039 
1.00203 0.588353 0.0110188 2.67991 
1.00196 0.587498 0.00872846 2.67913 
1.00246 0.587421 0.00821565 2.68077 
1.00233 0.586865 0.00655374 2.68 
1.00159 0.589133 0.00823576 2.67886 
1.00162 0.588407 0.00648498 2.67852 
1.00136 0.589624 0.00604769 2.67837 
1.02959 0.542332 0.0714249 2.75014 
1.02534 0.537337 0.0607127 2.7322 
1.02168 0.551086 0.0619565 2.72712 
1.01989 0.548323 0.0515112 2.71891 
1.02213 0.550202 0.0456514 2.72716 
1.01994 0.549037 0.0384795 2.71878 
1.01734 0.559916 0.0520461 2.71656 
1.01593 0.557805 0.0441922 2.71023 
1.01399 0.566926 0.0445247 2.70874 
0.996105 0.60196 0.149174 2.68185 
0.997288 0.588994 0.135543 2.67549 
0.995647 0.593495 0.130303 2.67186 
0.999114 0.584147 0.115082 2.67558 
1.0076 0.574513 0.118184 2.6986 
1.00925 0.566186 0.102453 2.69734 
0.998131 0.590317 0.110968 2.6753 
1.00076 0.582551 0.0983181 2.67791 
0.99975 0.588535 0.0953444 2.67764 
1.00565 0.518301 -0.0974317 2.67147 
0.998974 0.521064 -0.101718 2.65075 
0.997611 0.544858 -0.102105 2.65676 
0.990623 0.551361 -0.10298 2.63681 
0.987502 0.559838 -0.117059 2.63252 
0.979189 0.570275 -0.114235 2.61029 
0.989783 0.570122 -0.101798 2.64205 
0.983 0.579035 -0.0995567 2.62416 
0.982395 0.590935 -0.0968508 2.62718 
0.989576 0.607966 0.0201597 2.65067 
0.988643 0.611592 0.0231127 2.64995 
0.989376 0.608304 0.0262542 2.65039 
0.988299 0.612825 0.0301956 2.64984 
0.984978 0.61518 0.0315559 2.64044 
0.98295 0.622728 0.0365782 2.6389 
0.989424 0.608573 0.0340572 2.651 
0.988246 0.614054 0.0392834 2.65086 
0.989961 0.608611 0.043918 2.65328 
1.00408 0.584119 0.0187979 2.68439 
1.00507 0.581298 0.0197088 2.68609 
1.00574 0.580998 0.0192211 2.68816 
1.00701 0.577325 0.0198736 2.69029 
1.00763 0.577554 0.0234756 2.69259 
1.00937 0.572525 0.0242513 2.69559 
1.0077 0.57738 0.0189343 2.69263 
1.00927 0.572746 0.019181 2.69526 
1.00996 0.573307 0.0176421 2.69787 
0.93661 0.666752 -0.0813092 2.52642 
0.927065 0.67241 -0.0795592 2.50039 
0.926898 0.679093 -0.070939 2.50386 
0.916298 0.684205 -0.0667794 2.47436 
0.912651 0.690893 -0.0702715 2.469 
0.899596 0.696268 -0.0638066 2.43262 
0.91751 0.690989 -0.0568293 2.48233 
0.9065 0.694946 -0.0497484 2.45096 
0.909353 0.701435 -0.0387906 2.46399 
0.964056 0.646825 0.0183179 2.59318 
0.959907 0.655333 0.0188222 2.58582 
0.956956 0.656517 0.0222375 2.5773 
0.951739 0.665498 0.0226529 2.5671 
0.948768 0.666299 0.014637 2.55814 
0.94238 0.675 0.0125196 2.54441 
0.947757 0.666342 0.0274289 2.55518 
0.940852 0.676171 0.0275432 2.54068 
0.93514 0.676708 0.0342732 2.52336 
1.01039 0.571265 0.00310062 2.69796 
1.01014 0.572138 0.00399348 2.69763 
1.01065 0.570472 0.00646583 2.69842 
1.01017 0.572132 0.00730067 2.69774 
1.00903 0.57373 0.00787166 2.69481 
1.00855 0.575454 0.00842028 2.69422 
1.0105 0.570413 0.0101374 2.69792 
1.00986 0.572808 0.0107801 2.6971 
1.00997 0.571096 0.0139309 2.69656 
1.01165 0.52863 -0.0237814 2.69152 
1.01032 0.542022 -0.0264864 2.69165 
1.00848 0.541588 -0.0220424 2.68509 
1.00778 0.555759 -0.0248566 2.68825 
1.006 0.556497 -0.0285657 2.68217 
1.00504 0.57018 -0.0301639 2.68504 
1.00631 0.555195 -0.0208331 2.6829 
1.00571 0.56768 -0.0229849 2.68617 
1.0046 0.567063 -0.019524 2.68204 
1.00622 0.548469 -0.00332371 2.68317 
1.00609 0.546187 -0.00538063 2.68146 
1.00607 0.551664 -0.00666462 2.68237 
1.00628 0.549482 -0.0101935 2.68177 
1.00801 0.547877 -0.0103813 2.6869 
1.00795 0.545343 -0.0148872 2.68524 
1.00631 0.559401 -0.0114546 2.68526 
1.00616 0.55763 -0.0149426 2.68366 
1.00593 0.568024 -0.0158184 2.68709 
0.998253 0.565647 -0.000197732 2.66467 
0.998278 0.565389 -0.0004161 2.66461 
0.998637 0.569 -0.000657811 2.66637 
0.998814 0.568631 -0.00126234 2.66666 
0.999069 0.568031 -0.000934227 2.66729 
0.999283 0.56764 -0.00151796 2.66769 
0.999342 0.574531 -0.0015552 2.66992 
0.999546 0.574224 -0.0021272 2.67031 
1.00002 0.579818 -0.00239551 2.67349 
1.00219 0.578609 -0.00759123 2.67922 
1.00305 0.577294 -0.00757402 2.68164 
1.00297 0.576342 -0.00961699 2.68083 
1.00408 0.574729 -0.00968781 2.68392 
1.00396 0.566638 -0.00975825 2.68052 
1.00535 0.563933 -0.00906182 2.68409 
1.00392 0.573537 -0.0123268 2.68274 
1.00534 0.571559 -0.0125581 2.6867 
1.00509 0.570053 -0.0159724 2.68504 
0.999794 0.5861 -0.00367577 2.67206 
0.999709 0.587185 -0.00362992 2.67214 
0.999674 0.586957 -0.00278282 2.67189 
0.999616 0.588482 -0.00280348 2.6724 
0.999378 0.58893 -0.00283387 2.67182 
0.999291 0.590537 -0.00279763 2.67237 
0.999627 0.588255 -0.00205934 2.6723 
0.999575 0.589751 -0.00208219 2.67289 
0.999617 0.589532 -0.0014302 2.6729 
1.00547 0.580981 0.000367146 2.68702 
1.0053 0.581555 0.000694804 2.6868 
1.00529 0.58171 0.00096626 2.68685 
1.00502 0.58217 0.00132128 2.68621 
1.00483 0.582641 0.000765416 2.68583 
1.00461 0.583013 0.00105854 2.68534 
1.00497 0.582445 0.00157176 2.6862 
1.00472 0.582803 0.00179458 2.68558 
1.00466 0.583113 0.00200877 2.68556 
0.969683 0.641473 0.0625704 2.60965 
0.963587 0.645402 0.0558516 2.59222 
0.960255 0.65257 0.061055 2.58676 
0.954471 0.656547 0.0517335 2.5705 
0.958157 0.656831 0.0435495 2.58205 
0.954828 0.659591 0.0343268 2.57303 
0.950009 0.664315 0.0554049 2.56202 
0.944936 0.668158 0.0435019 2.54817 
0.939222 0.675668 0.0443554 2.53573 
0.996707 0.590149 -0.0172404 2.66429 
0.995045 0.592789 -0.0168176 2.66019 
0.994746 0.594265 -0.0158491 2.65984 
0.993361 0.597599 -0.0146007 2.65714 
0.991349 0.599857 -0.0172513 2.65187 
0.990184 0.604169 -0.0147125 2.65052 
0.993185 0.598763 -0.0136816 2.65713 
0.992126 0.602216 -0.011921 2.65564 
0.992062 0.602483 -0.0110321 2.65552 
1.00159 0.588923 0.00473428 2.67873 
1.00197 0.588286 0.00482732 2.67962 
1.0021 0.587833 0.00368005 2.67978 
1.00237 0.587465 0.00364215 2.68045 
1.00249 0.586885 0.00369758 2.68052 
1.00272 0.586699 0.00353463 2.68117 
1.00242 0.587149 0.00276332 2.68044 
1.00261 0.586925 0.00268808 2.68092 
1.00262 0.586708 0.00203471 2.68083 
0.930302 0.68886 0.0491425 2.51826 
0.926706 0.683706 0.0591967 2.50378 
0.935852 0.681376 0.0705699 2.53144 
0.93415 0.673571 0.0807276 2.5212 
0.930003 0.685022 0.0871726 2.51777 
0.928942 0.675024 0.0987905 2.50819 
0.94381 0.670259 0.0889547 2.55003 
0.944021 0.660091 0.0988938 2.5444 
0.953384 0.656063 0.103442 2.5719 
1.02036 0.552625 0.0137737 2.72141 
1.01793 0.554557 0.0130509 2.71424 
1.0169 0.559711 0.0146408 2.71359 
1.01486 0.561142 0.0138973 2.70749 
1.01435 0.564584 0.00927139 2.7076 
1.0127 0.566147 0.00946843 2.70292 
1.01397 0.565651 0.0150976 2.70699 
1.01237 0.566616 0.014197 2.70211 
1.01164 0.570267 0.0150908 2.70173 
0.871143 0.704234 -0.0734686 2.35605 
0.878374 0.71288 -0.0646339 2.3837 
0.885494 0.707451 -0.0605633 2.39936 
0.888697 0.713923 -0.0481488 2.41318 
0.878961 0.715335 -0.0405543 2.38463 
0.884142 0.720552 -0.0280817 2.40371 
0.894262 0.705808 -0.0441869 2.42245 
0.898017 0.710642 -0.0332589 2.43703 
0.903141 0.702422 -0.0308342 2.44538 
0.999892 0.586419 -0.00121447 2.67362 
0.999926 0.586441 -0.00139864 2.67337 
0.9999 0.58662 -0.0013592 2.673 
0.999853 0.586598 -0.00154981 2.67261 
0.99991 0.586584 -0.0019212 2.67279 
0.999798 0.58667 -0.00210285 2.67229 
0.999832 0.587256 -0.00160927 2.67267 
0.99974 0.587616 -0.00161761 2.67243 
0.999705 0.588732 -0.0016971 2.67281 
1.0033 0.585594 0.00412205 2.68246 
1.00322 0.585591 0.00328959 2.68219 
1.00302 0.586068 0.00327106 2.68181 
1.00299 0.586047 0.0025996 2.68168 
1.00312 0.585913 0.00249001 2.68204 
1.00307 0.585913 0.00197519 2.68187 
1.00284 0.586374 0.00255453 2.68139 
1.00284 0.586345 0.00203115 2.68135 
1.00273 0.586567 0.00197211 2.68112 
0.979432 0.612519 0.150903 2.63394 
0.979775 0.613383 0.144241 2.63434 
0.973458 0.62171 0.138319 2.61833 
0.974672 0.62261 0.131399 2.62154 
0.980748 0.611984 0.118894 2.6326 
0.981448 0.613926 0.113365 2.6352 
0.968951 0.630937 0.124819 2.60766 
0.970526 0.630406 0.118293 2.61121 
0.965682 0.638335 0.111417 2.6001 
0.999533 0.584491 -0.00128254 2.6728 
0.999664 0.58373 -0.00106781 2.6732 
0.999668 0.583497 -0.00163452 2.67308 
0.999852 0.582561 -0.00138788 2.67359 
0.999406 0.578695 -0.00199092 2.67117 
0.999642 0.576905 -0.00139155 2.67156 
0.999847 0.582272 -0.00210956 2.6734 
1.0001 0.581164 -0.00184287 2.67405 
1.00004 0.58083 -0.0027523 2.67369 
1.00413 0.583911 0.000378985 2.68423 
1.00412 0.583905 0.000556622 2.68421 
1.00424 0.583714 0.000838325 2.68448 
1.00419 0.583774 0.00104111 2.68437 
1.00398 0.584176 0.00129486 2.68391 
1.00392 0.584323 0.0014473 2.68378 
1.00431 0.58355 0.00141161 2.68462 
1.00423 0.583691 0.00161566 2.68447 
1.00434 0.583438 0.00207653 2.68466 
0.999932 0.591847 -0.000152627 2.67508 
0.999935 0.59157 -0.000114345 2.67495 
0.999912 0.591586 -0.000237771 2.67488 
0.999912 0.591198 -0.000173988 2.67469 
0.999908 0.590725 -0.000353569 2.67444 
0.999931 0.590229 -0.000275233 2.67427 
0.999888 0.591215 -0.000335109 2.67462 
0.999898 0.590821 -0.00028215 2.67445 
0.999844 0.590857 -0.000467679 2.6743 
1.00293 0.586346 6.91543e-05 2.68167 
1.0029 0.586394 7.32464e-05 2.6816 
1.00289 0.586399 0.000144559 2.68157 
1.00286 0.586457 0.000139248 2.6815 
1.00285 0.586483 0.000113781 2.68146 
1.00282 0.586536 9.90221e-05 2.6814 
1.00285 0.586466 0.000214893 2.68145 
1.00281 0.586537 0.000195849 2.68137 
1.00278 0.586552 0.000277823 2.6813 
1.0061 0.579789 0.00539112 2.68847 
1.00599 0.580583 0.00416417 2.68855 
1.00558 0.580934 0.00416292 2.68736 
1.00547 0.581586 0.00319392 2.68736 
1.00561 0.580929 0.00285302 2.68746 
1.00544 0.581565 0.00199806 2.68726 
1.00513 0.581895 0.00325041 2.68643 
1.00503 0.582425 0.00248576 2.6864 
1.00478 0.582683 0.00256958 2.68571 
0.99965 0.562111 -0.000986733 2.66768 
1.00015 0.566179 -0.00172946 2.6698 
0.999735 0.566552 -0.00178738 2.66861 
1.00033 0.573132 -0.00266354 2.67231 
1.00051 0.573194 -0.00310242 2.67266 
1.00091 0.579506 -0.00386923 2.67598 
0.999932 0.573369 -0.00247758 2.67109 
1.0004 0.579472 -0.00318641 2.67447 
1.00007 0.579621 -0.00295889 2.67345 
0.999785 0.587375 -0.000739967 2.67279 
0.999813 0.587364 -0.000894734 2.67287 
0.999821 0.587625 -0.000890602 2.67284 
0.999841 0.58762 -0.00113029 2.67291 
0.999814 0.587044 -0.000996112 2.67269 
0.999847 0.587031 -0.00121272 2.6728 
0.999818 0.58803 -0.00107782 2.67291 
0.999813 0.588042 -0.00141154 2.6729 
0.999763 0.588686 -0.00125987 2.67298 
1.00328 0.585547 0.00129754 2.68236 
1.00318 0.585838 0.00136193 2.68219 
1.00311 0.58586 0.00147141 2.68197 
1.00301 0.586115 0.00148761 2.68179 
1.00298 0.586111 0.00119317 2.6817 
1.00291 0.58629 0.00118305 2.68155 
1.00293 0.586197 0.00155551 2.68156 
1.00283 0.586408 0.00152667 2.68136 
1.00274 0.586536 0.00155902 2.68113 
0.99748 0.571552 -0.000166079 2.6641 
0.997454 0.571338 -0.000291733 2.6639 
0.997831 0.574528 -0.000391562 2.66575 
0.997865 0.574517 -0.000468628 2.66578 
0.997931 0.574294 -0.000328663 2.66597 
0.997963 0.574302 -0.000396717 2.666 
0.998335 0.578542 -0.00055257 2.66816 
0.998378 0.578599 -0.000577617 2.66824 
0.998789 0.58197 -0.000650016 2.67021 
1.00335 0.585426 5.1994e-05 2.68252 
1.0033 0.585499 0.000101592 2.68239 
1.00329 0.585613 0.000145116 2.68242 
1.00323 0.585664 0.000182252 2.68227 
1.00323 0.585742 0.000109456 2.6823 
1.00319 0.58578 0.000135151 2.68219 
1.00321 0.585795 0.000214711 2.68229 
1.00317 0.585831 0.000219116 2.68217 
1.00316 0.585955 0.000238307 2.68218 
0.997584 0.570349 -0.000138455 2.66403 
0.998089 0.574189 -0.00066875 2.66637 
0.997971 0.574153 -0.00036717 2.66595 
0.998495 0.578568 -0.000930535 2.6686 
0.998652 0.579535 -0.000549689 2.66919 
0.999049 0.582975 -0.000951494 2.67115 
0.998387 0.578503 -0.000571863 2.6682 
0.998825 0.582073 -0.00099013 2.67031 
0.99876 0.582019 -0.000742824 2.67006 
1.00337 0.585304 0.00109677 2.68252 
1.00337 0.585506 0.000847772 2.68264 
1.00328 0.585538 0.000756075 2.68234 
1.00327 0.585693 0.000571738 2.68242 
1.0033 0.585502 0.000507081 2.68241 
1.00329 0.585651 0.000345519 2.68244 
1.00321 0.58572 0.000516883 2.68221 
1.0032 0.585838 0.000381044 2.68227 
1.00315 0.585861 0.000345658 2.68212 
0.957733 0.588345 -0.13738 2.55512 
0.959049 0.604541 -0.130864 2.56648 
0.967184 0.594332 -0.119489 2.58508 
0.967578 0.606375 -0.113858 2.59113 
0.961628 0.615236 -0.108505 2.57662 
0.962407 0.620828 -0.102696 2.58072 
0.973585 0.59822 -0.104407 2.60461 
0.973697 0.60604 -0.099813 2.60788 
0.978335 0.599368 -0.0918461 2.61815 
0.999765 0.588045 -4.21233e-05 2.67288 
0.999763 0.587998 -0.000245571 2.67284 
0.999804 0.58877 -0.000224474 2.67322 
0.999794 0.588734 -0.000414932 2.67316 
0.999818 0.5886 -0.000393498 2.67319 
0.999803 0.588567 -0.000584618 2.67311 
0.999822 0.58973 -0.000371735 2.67369 
0.999802 0.589706 -0.000549483 2.6736 
0.999819 0.590707 -0.000494472 2.67415 
1.00293 0.586322 0.000528544 2.68166 
1.00291 0.586306 0.000480979 2.68158 
1.00289 0.586451 0.000481493 2.68158 
1.00287 0.586416 0.000425931 2.68151 
1.00291 0.586427 0.00032013 2.68163 
1.0029 0.586403 0.000279977 2.68158 
1.00285 0.586538 0.000422104 2.6815 
1.00284 0.586492 0.000363573 2.68144 
1.00282 0.586596 0.000357669 2.68143 
0.87409 0.730733 0.0106972 2.3824 
0.882217 0.720812 0.00857353 2.39731 
0.887941 0.723306 -0.00306068 2.41672 
0.89415 0.712371 -0.0025501 2.42571 
0.904153 0.7115 0.0101153 2.45502 
0.909304 0.702494 0.00950636 2.46313 
0.899891 0.714009 -0.0125469 2.44468 
0.905111 0.704213 -0.011058 2.45214 
0.910428 0.705253 -0.0194891 2.46949 
1.02277 0.540668 0.0827244 2.72702 
1.01945 0.553777 0.0814998 2.72264 
1.01517 0.55381 0.0868124 2.70866 
1.01275 0.566577 0.0842961 2.70734 
1.01242 0.561713 0.0713755 2.7023 
1.01048 0.572237 0.0693377 2.70154 
1.00803 0.568466 0.0871694 2.69279 
1.00622 0.579207 0.083958 2.69257 
1.00138 0.582454 0.0847395 2.67837 
1.00658 0.578644 0.00769452 2.68944 
1.00692 0.578172 0.00983835 2.69032 
1.00742 0.577056 0.00938958 2.69133 
1.00774 0.57652 0.0121284 2.69214 
1.00692 0.578161 0.0130656 2.69036 
1.00689 0.577817 0.0159913 2.69011 
1.00836 0.575218 0.0116939 2.69346 
1.00864 0.574614 0.0151765 2.69413 
1.0094 0.573196 0.0148877 2.69587 
1.01276 0.565353 0.0384317 2.70342 
1.0142 0.56643 0.0348173 2.70874 
1.01283 0.565534 0.0300847 2.70345 
1.01374 0.567065 0.0265109 2.70724 
1.01519 0.560256 0.025517 2.70835 
1.01568 0.562774 0.021128 2.71126 
1.01235 0.566759 0.0232089 2.70231 
1.01285 0.568489 0.0198898 2.70489 
1.0116 0.568557 0.0177646 2.70069 
0.949243 0.643862 -0.0824613 2.5501 
0.954706 0.637152 -0.0788395 2.56284 
0.960194 0.629638 -0.0887079 2.57658 
0.964249 0.622833 -0.0832821 2.58483 
0.965118 0.631277 -0.0764745 2.59152 
0.968509 0.625807 -0.0722472 2.59868 
0.970143 0.616349 -0.0900232 2.60052 
0.972973 0.610095 -0.0838758 2.60529 
0.978572 0.604912 -0.0877748 2.62079 
1.00291 0.586307 0.000708185 2.68156 
1.00288 0.586418 0.000693858 2.68152 
1.00285 0.586394 0.000915059 2.68142 
1.00281 0.58654 0.000890723 2.68138 
1.00278 0.586545 0.000808946 2.68128 
1.00275 0.586693 0.000773641 2.68125 
1.00277 0.586518 0.00117041 2.68122 
1.00272 0.586718 0.00112855 2.68118 
1.00265 0.586696 0.00149585 2.68094 
0.999801 0.590693 -0.000629904 2.67408 
0.999821 0.590366 -0.00056367 2.67399 
0.999772 0.590352 -0.000781707 2.67381 
0.999796 0.589962 -0.000728704 2.6737 
0.999783 0.589066 -0.000917546 2.67323 
0.999799 0.588569 -0.000820063 2.67307 
0.999731 0.589942 -0.00102271 2.67348 
0.999763 0.589431 -0.000955286 2.67334 
0.99969 0.589397 -0.00134115 2.67307 
0.99959 0.587885 -0.0153025 2.67295 
1.00028 0.585872 -0.0151954 2.67451 
1.00087 0.585946 -0.0161734 2.67662 
1.00162 0.583819 -0.0157699 2.67854 
1.00206 0.583994 -0.0132079 2.68005 
1.00254 0.581034 -0.0125158 2.68095 
1.00243 0.583594 -0.0167267 2.68127 
1.00313 0.579555 -0.0160254 2.68234 
1.00418 0.578358 -0.0164814 2.68542 
0.993664 0.603349 0.0914729 2.66598 
0.987924 0.606775 0.0911906 2.64912 
0.986759 0.614541 0.0980166 2.65098 
0.979964 0.619035 0.0954378 2.63129 
0.979601 0.625519 0.0920115 2.63386 
0.972978 0.630433 0.0869781 2.61502 
0.978143 0.628365 0.102736 2.63235 
0.970347 0.633979 0.0972312 2.61013 
0.967641 0.644889 0.104764 2.60979 
1.0016 0.582933 -0.00618266 2.67872 
1.00105 0.583085 -0.00540891 2.67696 
1.00114 0.583248 -0.00485763 2.67751 
1.00071 0.583379 -0.00428648 2.67613 
1.00075 0.585223 -0.00445175 2.67639 
1.00045 0.585273 -0.00392949 2.67543 
1.00075 0.583401 -0.00394309 2.67642 
1.00041 0.583499 -0.00348383 2.67535 
1.00042 0.583344 -0.00336422 2.67545 
0.999208 0.587656 -0.0369627 2.67369 
1.00094 0.586123 -0.0306728 2.67837 
1.0022 0.582566 -0.0316414 2.68086 
1.00264 0.581843 -0.0259173 2.68178 
1.00117 0.58488 -0.0237028 2.67772 
1.00145 0.584423 -0.0200147 2.6783 
1.00374 0.579421 -0.0260096 2.68437 
1.00351 0.57918 -0.0211949 2.68336 
1.00436 0.577509 -0.0208508 2.6856 
1.0037 0.585152 0.00467137 2.68354 
1.00396 0.584087 0.00462036 2.68379 
1.00407 0.584338 0.00413842 2.68428 
1.00431 0.583245 0.00400842 2.68448 
1.00462 0.583134 0.0043568 2.68545 
1.00491 0.581894 0.00413507 2.68568 
1.00438 0.583574 0.00347096 2.68488 
1.0046 0.582535 0.00327843 2.68503 
1.00463 0.582918 0.00272163 2.68533 
0.997828 0.593312 -0.0050204 2.6691 
0.997516 0.594149 -0.00645334 2.66857 
0.996832 0.594873 -0.00641408 2.66673 
0.996226 0.596091 -0.00822359 2.66546 
0.996461 0.593571 -0.00907643 2.66484 
0.995666 0.595167 -0.011496 2.66318 
0.99538 0.597242 -0.00782795 2.66333 
0.994355 0.598869 -0.00986865 2.66093 
0.993398 0.600574 -0.00888779 2.65877 
0.970652 0.632477 0.0706682 2.60726 
0.967571 0.643086 0.0749638 2.60482 
0.966951 0.638172 0.078954 2.59984 
0.963595 0.649592 0.0839202 2.59738 
0.955691 0.654209 0.0765498 2.57459 
0.951227 0.667172 0.0808002 2.57018 
0.962902 0.643693 0.0884617 2.59157 
0.959068 0.656898 0.0944273 2.5893 
0.95821 0.650055 0.0996584 2.58241 
1.0001 0.5861 -0.00343337 2.67353 
1.0002 0.586187 -0.00310538 2.67422 
1.00027 0.585954 -0.0031394 2.67457 
1.00029 0.585846 -0.00285004 2.67503 
1.00016 0.585867 -0.00217363 2.6746 
1.00008 0.585318 -0.00203349 2.67461 
1.00034 0.585363 -0.00278923 2.67524 
1.00026 0.584474 -0.00268796 2.67511 
1.00025 0.58336 -0.00241157 2.67492 
1.00347 0.585085 0.00155749 2.68274 
1.0036 0.585061 0.00200456 2.68314 
1.00367 0.584572 0.0018487 2.6831 
1.00384 0.584533 0.00237702 2.68363 
1.00377 0.584437 0.00266626 2.68337 
1.00396 0.584415 0.00341791 2.68397 
1.00393 0.583934 0.00217626 2.68359 
1.00415 0.583874 0.00282115 2.68431 
1.00427 0.583104 0.00254939 2.68425 
1.00274 0.586673 0.00040618 2.6812 
1.00267 0.586701 0.000484398 2.68099 
1.00268 0.586794 0.000612362 2.68109 
1.0026 0.586823 0.000745941 2.68083 
1.00252 0.587067 0.000640948 2.68072 
1.0024 0.587124 0.000755413 2.68035 
1.00262 0.586919 0.000910114 2.68097 
1.00252 0.586952 0.00112119 2.68065 
1.00256 0.587069 0.00135245 2.68085 
0.999501 0.593053 -0.000228678 2.67433 
0.999514 0.592724 -0.000404258 2.6742 
0.99953 0.59284 -0.000576013 2.67434 
0.999552 0.592074 -0.000790096 2.674 
0.999659 0.59203 -0.000621458 2.67433 
0.999676 0.591153 -0.000821534 2.67391 
0.999586 0.591983 -0.000871055 2.67407 
0.99962 0.590976 -0.00107851 2.67364 
0.999664 0.590738 -0.00108252 2.67367 
0.999701 0.586156 -0.00103106 2.6732 
0.9996 0.586143 -0.000773922 2.67285 
0.999499 0.585715 -0.000883133 2.67264 
0.99942 0.585697 -0.000659416 2.67237 
0.999608 0.58647 -0.000723093 2.67269 
0.999571 0.586456 -0.000607171 2.67256 
0.999306 0.585136 -0.00087069 2.67204 
0.999262 0.585095 -0.000645298 2.67187 
0.999152 0.584365 -0.00098657 2.67147 
1.00299 0.58617 0.000690848 2.68175 
1.00302 0.586021 0.00068001 2.68177 
1.00305 0.586064 0.000598076 2.68189 
1.00308 0.585923 0.000578684 2.68191 
1.00312 0.585929 0.000709315 2.68206 
1.00316 0.585748 0.000675486 2.68208 
1.0031 0.585987 0.000489846 2.682 
1.00312 0.58586 0.000463834 2.68202 
1.00313 0.585939 0.000373135 2.68209 
0.992359 0.600167 0.051573 2.65638 
0.9918 0.604137 0.0574063 2.65734 
0.992554 0.599642 0.0603965 2.65727 
0.991797 0.604373 0.0675131 2.65821 
0.98817 0.606215 0.0688164 2.64747 
0.986661 0.612772 0.0771763 2.64735 
0.992772 0.59879 0.0711125 2.65828 
0.991868 0.604478 0.0799805 2.65961 
0.993103 0.597578 0.0843181 2.65984 
0.942002 0.670119 -0.0316153 2.54054 
0.943582 0.667926 -0.038511 2.54432 
0.940923 0.664939 -0.0434524 2.5342 
0.943939 0.662024 -0.0504907 2.54215 
0.950266 0.65754 -0.0503455 2.55902 
0.954254 0.654591 -0.0550288 2.57004 
0.941484 0.659642 -0.0561842 2.53341 
0.946147 0.656018 -0.0627434 2.54621 
0.943965 0.652505 -0.0695644 2.53788 
0.937966 0.667939 -0.0285074 2.52614 
0.935483 0.671566 -0.0320865 2.52133 
0.931676 0.674249 -0.0305167 2.51127 
0.928662 0.680269 -0.0346754 2.50685 
0.930137 0.676234 -0.0480497 2.50931 
0.927132 0.67951 -0.0533498 2.50318 
0.924145 0.683574 -0.0328472 2.49517 
0.920523 0.689139 -0.0378639 2.4888 
0.915275 0.692665 -0.0356067 2.47517 
0.995299 0.599639 -0.0012421 2.66431 
0.995305 0.599846 -0.0020387 2.66448 
0.994695 0.601054 -0.00310301 2.66319 
0.994741 0.600238 -0.00398211 2.66289 
0.99562 0.599143 -0.00472406 2.66515 
0.995729 0.597203 -0.00552221 2.66441 
0.994087 0.601613 -0.00528374 2.66156 
0.994159 0.599694 -0.00627161 2.66071 
0.99334 0.601294 -0.00775265 2.65897 
1.01047 0.573748 0.0475291 2.70092 
1.00795 0.574058 0.0516849 2.69288 
1.00857 0.577756 0.0575788 2.69745 
1.0049 0.578993 0.0610975 2.6861 
1.0028 0.587802 0.0593317 2.68412 
0.998527 0.590146 0.0604545 2.67137 
1.00518 0.584363 0.0687673 2.69075 
1.00015 0.586909 0.0707771 2.67561 
0.999817 0.594338 0.0803738 2.67982 
0.927077 0.686508 0.0306352 2.5055 
0.924016 0.687246 0.0160046 2.49631 
0.92088 0.693993 0.0157013 2.49185 
0.919607 0.693984 0.00090963 2.48797 
0.924673 0.686506 -0.00283446 2.4978 
0.925456 0.685721 -0.0157849 2.49996 
0.916204 0.697648 -0.00123905 2.48042 
0.916991 0.696843 -0.0157975 2.48259 
0.913448 0.697514 -0.0196586 2.47245 
1.00314 0.585847 4.25159e-05 2.68206 
1.00315 0.585902 6.24724e-05 2.68212 
1.00315 0.585869 9.04838e-05 2.68212 
1.00315 0.585926 0.000124508 2.68214 
1.00313 0.585945 6.45585e-05 2.68209 
1.00313 0.585987 9.01869e-05 2.6821 
1.00315 0.585914 0.000157432 2.68213 
1.00314 0.585964 0.000185764 2.68214 
1.00313 0.58597 0.000218014 2.68212 
1.0031 0.586034 1.3517e-05 2.68206 
1.0031 0.586035 2.87706e-05 2.68204 
1.0031 0.586032 5.48605e-05 2.68206 
1.00309 0.58603 8.32177e-05 2.68202 
1.00307 0.586089 0.000100432 2.68198 
1.00305 0.586105 0.000125163 2.68193 
1.00311 0.586023 0.000124407 2.68206 
1.00309 0.586022 0.000164142 2.68201 
1.00311 0.586013 0.000219683 2.68206 
0.997068 0.572622 -5.52323e-05 2.66312 
0.997091 0.572589 -0.000139939 2.66318 
0.997385 0.575134 -0.000194835 2.66462 
0.997504 0.575165 -0.000394008 2.66497 
0.997502 0.574849 -0.000251993 2.66488 
0.997637 0.574872 -0.00041535 2.66528 
0.997964 0.578763 -0.000450993 2.66715 
0.998125 0.578816 -0.000599281 2.66762 
0.998594 0.581947 -0.000628175 2.66964 
0.999569 0.586916 -0.000360561 2.6722 
0.999437 0.586141 -0.00027953 2.67191 
0.999429 0.586159 -0.000575342 2.67189 
0.99925 0.584996 -0.000411552 2.67151 
0.998972 0.583518 -0.000974147 2.67059 
0.998725 0.581374 -0.000591634 2.66977 
0.999257 0.58501 -0.00084843 2.67154 
0.999016 0.583362 -0.000555521 2.67091 
0.999026 0.58338 -0.00111757 2.67095 
