1.00646 0.565869 0.0175072 2.68189 
0.98661 0.602158 -0.00783923 2.63748 
1.0136 0.496915 -0.0790692 2.68353 
0.993984 0.592825 0.000802305 2.65585 
0.999852 0.573203 0.000811534 2.66464 
1.01297 0.563499 0.00112625 2.70225 
1.00007 0.570734 -0.00278196 2.66438 
1.00782 0.562978 0.015204 2.68479 
0.986647 0.596916 -0.0172478 2.63468 
0.993561 0.593163 0.000301844 2.65465 
0.99541 0.591703 0.000920604 2.65991 
0.997851 0.573094 -0.0147644 2.65831 
0.99853 0.583901 0.0153675 2.66579 
0.995501 0.570636 -0.0408228 2.65166 
0.997723 0.585499 0.0181094 2.6641 
1.00861 0.49521 -0.084612 2.66607 
1.00001 0.583512 2.3324e-05 2.67041 
1.01094 0.566864 0.000104884 2.69732 
1.01044 0.558004 0.000557392 2.69069 
1.00447 0.52312 -0.00246532 2.66182 
0.897689 0.656324 -0.0948992 2.40174 
0.979118 0.617194 0.0251167 2.62273 
0.902924 0.689182 0.0914509 2.43889 
0.999163 0.536117 -0.000846282 2.64919 
1.0117 0.562137 0.000165291 2.69721 
0.980749 0.598391 0.152512 2.62974 
0.995293 0.587462 -0.000582598 2.65704 
1.00165 0.572056 0.0420423 2.67018 
0.999263 0.582884 -3.76636e-05 2.66758 
0.999101 0.582993 -7.29536e-05 2.6671 
0.985443 0.600107 -0.0109048 2.63246 
1.00499 0.575554 0.000666559 2.68231 
0.971873 0.624449 -0.0349418 2.60497 
0.999512 0.57264 -0.00960434 2.66324 
1.00712 0.569554 0.004787 2.68603 
1.00865 0.565083 0.00622414 2.68863 
1.02557 0.525713 0.0216431 2.7251 
1.02869 0.526194 0.0920944 2.74054 
0.967576 0.54758 -0.136642 2.56238 
0.981113 0.608298 0.0247067 2.62349 
1.01252 0.552547 0.0354423 2.69545 
0.903052 0.673534 -0.0801929 2.42881 
0.956196 0.64492 -0.0058678 2.56735 
1.01065 0.556738 0.00712176 2.69073 
0.999968 0.554659 -0.0348491 2.65823 
1.01303 0.505114 -0.015973 2.68278 
0.999608 0.531234 -0.00032349 2.64913 
1.00441 0.521243 -0.00422129 2.66066 
0.998777 0.579795 -0.0021964 2.66431 
1.01041 0.561425 0.000241083 2.69247 
0.974845 0.621593 0.0240657 2.61162 
0.988279 0.591766 -0.0143403 2.63676 
1.00884 0.564725 0.00530529 2.68908 
0.920444 0.684913 0.0990139 2.49057 
1.01422 0.548115 0.00225425 2.69805 
0.877597 0.701759 -0.00352006 2.36863 
1.00002 0.571736 -0.00180344 2.66458 
1.01068 0.56379 0.00242217 2.69471 
0.998235 0.570881 0.0907255 2.66188 
0.998944 0.535556 -0.00152169 2.64816 
1.0108 0.563073 0.00199915 2.69473 
0.999951 0.57739 -1.67402e-05 2.66705 
1.01467 0.563985 0.000141043 2.70822 
1.01044 0.558626 0.000970478 2.69105 
1.0014 0.554473 -0.00401395 2.66254 
0.999659 0.568402 4.07879e-05 2.66225 
1.01225 0.563877 0.00130531 2.70004 
0.99773 0.538811 -2.93385e-05 2.6456 
1.0137 0.561969 9.24718e-05 2.70384 
0.999333 0.560254 -5.9118e-05 2.65787 
1.01199 0.562114 0.000254943 2.69817 
0.952962 0.623119 -0.0836777 2.5488 
0.999742 0.574201 3.08226e-06 2.6648 
1.01498 0.563248 0.000277538 2.70886 
0.940246 0.666598 0.0339014 2.53261 
1.01453 0.544608 0.0463168 2.69838 
1.00832 0.562819 0.0159469 2.68639 
1.02278 0.526624 0.0194579 2.71603 
0.972932 0.617828 -0.0464977 2.60495 
1.0127 0.564442 0.00110084 2.70186 
0.999648 0.574217 -0.000167574 2.6645 
1.00188 0.561009 -0.00575239 2.66676 
0.98326 0.605537 0.0711281 2.63129 
1.00018 0.570694 -0.00258033 2.6648 
0.999596 0.571656 -0.0139783 2.66338 
1.01004 0.559398 0.00608813 2.69014 
0.998406 0.572817 -0.0106954 2.65964 
0.951668 0.652558 0.0472953 2.55925 
0.999662 0.565194 0.000290919 2.661 
1.00925 0.564011 0.00497267 2.69004 
1.01028 0.567411 0.000116834 2.6954 
0.99974 0.581345 6.62019e-05 2.66837 
0.999741 0.572996 -0.000212181 2.6643 
1.01123 0.56364 0.00179062 2.69649 
0.984801 0.599322 0.0671858 2.63219 
0.971089 0.622703 -0.0382406 2.6016 
0.948624 0.637552 -0.0701967 2.54261 
0.998153 0.582038 -0.00319588 2.66349 
1.00084 0.576482 0.0467034 2.67029 
0.949593 0.644634 -0.0130287 2.54613 
1.01553 0.562009 5.28815e-06 2.71005 
1.01522 0.562901 0.00017507 2.70948 
0.997108 0.54028 -4.75731e-05 2.64476 
0.997659 0.546495 -0.00227102 2.64977 
1.00156 0.576449 0.0187371 2.67159 
1.00384 0.575179 0.0180213 2.67847 
1.00616 0.568627 0.00977714 2.68234 
0.990301 0.598311 0.00935469 2.64715 
0.987594 0.599856 0.00681445 2.63918 
0.9821 0.612486 0.00149636 2.62919 
1.01622 0.496922 -0.0418168 2.69036 
1.01171 0.494207 -0.0480517 2.67385 
1.00247 0.542143 -0.0525181 2.66199 
0.993981 0.592545 0.00670203 2.65573 
0.993341 0.593981 0.00419185 2.65447 
0.990859 0.595309 -0.00086237 2.64708 
0.999808 0.572997 7.13461e-05 2.66445 
0.999871 0.572994 0.000152499 2.66466 
0.999792 0.566661 -0.000268972 2.66169 
1.01438 0.563042 0.000590175 2.70672 
1.01394 0.563194 0.000760951 2.70533 
1.01344 0.563222 0.000912791 2.70368 
1.00004 0.570257 -0.00663777 2.664 
1.00047 0.570718 -0.00532918 2.66572 
1.00081 0.565812 -0.00403284 2.66503 
1.00854 0.563333 0.00837834 2.68732 
1.00868 0.563715 0.00943551 2.68801 
1.00956 0.558967 0.0105929 2.68835 
0.981963 0.601016 -0.0301415 2.62262 
0.983766 0.597861 -0.027849 2.62659 
0.990446 0.586143 -0.0361227 2.64222 
0.991439 0.595428 -0.00313709 2.64908 
0.992018 0.593872 -0.00257812 2.65004 
0.993305 0.592504 -0.00378837 2.65348 
1.00053 0.583824 0.00131195 2.67226 
0.998538 0.585937 0.00253999 2.66687 
0.99616 0.59038 0.00631822 2.66165 
0.991433 0.586419 -0.0191921 2.64445 
0.993447 0.581593 -0.02177 2.6485 
0.996915 0.572196 -0.0244672 2.65558 
1.00206 0.57935 0.00561515 2.67475 
1.00205 0.578785 0.00671063 2.6744 
1.00426 0.574434 0.00947906 2.67927 
0.982609 0.599827 -0.0497527 2.62594 
0.985487 0.589599 -0.0540147 2.62973 
0.989632 0.570529 -0.0597936 2.63378 
1.00428 0.572828 0.0210958 2.67865 
1.00214 0.574097 0.0225231 2.67227 
0.998908 0.584026 0.0293235 2.6675 
1.00029 0.543693 -0.0536762 2.65545 
1.00184 0.541021 -0.0605439 2.6603 
0.995325 0.540883 -0.0831223 2.64071 
0.99971 0.583084 3.87031e-06 2.66918 
0.999797 0.58316 6.37082e-05 2.66952 
0.999881 0.582271 0.000140847 2.66933 
1.0134 0.564691 2.0361e-05 2.70436 
1.01283 0.565107 0.000240172 2.70267 
1.01227 0.565236 0.000694527 2.70086 
1.01149 0.554306 0.00104655 2.69221 
1.01132 0.555411 0.00172662 2.69225 
1.01075 0.557318 0.00362605 2.69138 
1.00144 0.528451 -0.00107953 2.65405 
1.00156 0.527426 -0.00190388 2.65393 
1.00257 0.543886 -0.0048656 2.66227 
0.932677 0.602749 -0.134205 2.48125 
0.931547 0.62128 -0.123742 2.48772 
0.935421 0.637423 -0.0934186 2.50405 
0.991033 0.596428 0.0421563 2.64945 
0.987249 0.599709 0.0425459 2.63898 
0.981092 0.615552 0.0456158 2.62904 
0.889008 0.700625 0.0505204 2.40275 
0.902757 0.700796 0.0577094 2.44514 
0.929829 0.670524 0.0547045 2.50398 
0.998248 0.53799 -0.000384018 2.64692 
0.998231 0.537688 -0.000657305 2.6467 
0.999259 0.553318 -0.0011881 2.65514 
1.01093 0.561988 0.000245492 2.69456 
1.01116 0.562059 0.00035588 2.69536 
1.01132 0.562778 0.000937757 2.69629 
0.943868 0.648023 0.135197 2.5413 
0.955691 0.64054 0.138193 2.57436 
0.969037 0.613905 0.122579 2.59662 
0.993402 0.592358 -0.00031865 2.65366 
0.993911 0.59155 -0.00121888 2.65487 
0.994684 0.588371 -0.00344929 2.65561 
1.00669 0.563422 0.0263444 2.68152 
1.00668 0.56596 0.0318512 2.68309 
1.00815 0.557424 0.0426427 2.68373 
0.998892 0.581964 -0.000937458 2.66586 
0.999092 0.581888 -0.000452499 2.66649 
0.999393 0.581329 -0.000301103 2.66719 
0.997799 0.584237 -0.000265537 2.66348 
0.998222 0.583759 -0.000399518 2.66462 
0.998605 0.582452 -0.00087064 2.66518 
0.977588 0.613256 -0.00311294 2.61495 
0.97884 0.612715 -0.00911867 2.61878 
0.9793 0.60613 -0.020904 2.6166 
1.00822 0.570055 0.000354355 2.68997 
1.00712 0.571016 0.00109501 2.68686 
1.00606 0.572263 0.00332953 2.68402 
0.971026 0.631187 -0.00543143 2.60548 
0.96807 0.628538 -0.0131295 2.59441 
0.963024 0.641549 -0.026649 2.58746 
1.00005 0.572204 -0.00433478 2.6648 
0.999676 0.571973 -0.00505252 2.66338 
0.99882 0.577911 -0.00487301 2.66346 
1.0088 0.568229 0.0016248 2.6909 
1.00862 0.568563 0.00208994 2.69049 
1.00894 0.567223 0.00331197 2.6908 
1.00777 0.565871 0.0108531 2.68619 
1.00776 0.565262 0.00888536 2.68578 
1.00741 0.567948 0.00661654 2.68612 
1.0304 0.519373 0.0492354 2.7395 
1.02663 0.517114 0.0422312 2.72511 
1.01967 0.537849 0.0381376 2.71183 
1.01436 0.555407 0.13046 2.71249 
1.01333 0.544166 0.115884 2.70069 
1.01071 0.552929 0.0960952 2.69413 
0.99634 0.505115 -0.110548 2.63307 
0.98967 0.512227 -0.111816 2.61435 
0.981293 0.562278 -0.104636 2.6083 
0.992222 0.592079 0.0228291 2.6499 
0.990816 0.597175 0.026066 2.64847 
0.990546 0.594604 0.039781 2.64656 
1.00899 0.560684 0.0222859 2.68761 
1.01009 0.556741 0.0233309 2.68914 
1.01314 0.551389 0.0221984 2.69645 
0.935086 0.650652 -0.0777098 2.51012 
0.925038 0.65679 -0.0756039 2.4827 
0.917834 0.677115 -0.0473268 2.47264 
0.968172 0.630327 0.0140661 2.59563 
0.964031 0.637848 0.0132421 2.58738 
0.950914 0.649824 0.0183737 2.55387 
1.01242 0.552312 0.00508414 2.69426 
1.01212 0.553401 0.00575727 2.69384 
1.01198 0.552456 0.0107415 2.69292 
1.0075 0.515565 -0.0289442 2.66676 
1.00656 0.532665 -0.031257 2.67052 
1.00389 0.54423 -0.0221018 2.66608 
1.00781 0.514935 -0.00522615 2.66958 
1.00747 0.512236 -0.00802049 2.66707 
1.00702 0.530066 -0.0140992 2.67101 
0.998699 0.533027 -0.000211177 2.64675 
0.9988 0.5327 -0.000466394 2.64693 
0.999816 0.544466 -0.00129428 2.65378 
1.00267 0.543228 -0.00644281 2.66216 
1.00365 0.54082 -0.00567162 2.66451 
1.00499 0.535021 -0.0109905 2.66633 
0.999539 0.574404 -0.00208709 2.66404 
0.999449 0.576728 -0.00218552 2.66493 
0.999411 0.5784 -0.000701543 2.66567 
1.01017 0.560183 0.000323856 2.69098 
1.01028 0.56057 0.00062394 2.69157 
1.01029 0.561189 0.00150018 2.69196 
0.974967 0.622408 0.0462781 2.61346 
0.971763 0.624981 0.039323 2.60443 
0.962676 0.638916 0.0346703 2.5842 
0.994854 0.579352 -0.0168745 2.65153 
0.993657 0.583049 -0.0150731 2.64955 
0.992949 0.587827 -0.0107368 2.64969 
1.00781 0.567298 0.00541452 2.68706 
1.00825 0.566646 0.00543443 2.68819 
1.00942 0.565308 0.00342792 2.69132 
0.938186 0.667934 0.0604876 2.52876 
0.934836 0.661674 0.0712447 2.51452 
0.952936 0.645508 0.101775 2.56348 
1.01889 0.537921 0.00736112 2.70845 
1.01736 0.540041 0.0077456 2.70439 
1.01482 0.547709 0.0103033 2.69991 
0.882767 0.688866 -0.0497118 2.37611 
0.891748 0.696019 -0.0401803 2.40826 
0.909509 0.683924 -0.0228901 2.45083 
0.999995 0.569831 -0.000820074 2.66388 
0.999972 0.570986 -0.000448705 2.66421 
0.999689 0.575127 -0.000836345 2.66498 
1.00966 0.564242 0.00402458 2.69154 
1.00993 0.564142 0.00332875 2.69239 
1.01026 0.564633 0.00280162 2.69377 
0.991258 0.578954 0.123468 2.64781 
0.991692 0.582312 0.117943 2.65031 
0.983939 0.597049 0.103056 2.63181 
0.999255 0.553464 -0.00130336 2.65514 
0.999501 0.551216 -0.000479968 2.65521 
0.999648 0.547708 -0.00246484 2.65435 
1.01069 0.561975 0.0010258 2.69374 
1.01064 0.562149 0.00123635 2.69366 
1.01027 0.562056 0.00239129 2.69237 
0.999947 0.582066 1.5139e-05 2.66945 
0.999953 0.581183 0.000325405 2.66899 
0.999919 0.580212 -0.000113839 2.66837 
1.0149 0.563529 0.00019282 2.70875 
1.01468 0.563722 0.000199778 2.70814 
1.01375 0.56417 0.00056032 2.70524 
1.01046 0.55789 0.00400186 2.69072 
1.01042 0.558673 0.00282352 2.69099 
1.01018 0.560026 0.00249942 2.69095 
1.0004 0.535859 -0.00175142 2.65258 
1.00091 0.544683 -0.00270172 2.65732 
1.00043 0.553408 -0.00235113 2.65904 
0.999618 0.571946 3.87419e-05 2.66346 
0.999634 0.571948 -0.000361687 2.66351 
0.999709 0.574327 7.93692e-05 2.66473 
1.01135 0.563855 0.00176272 2.697 
1.01141 0.564031 0.00181374 2.69729 
1.011 0.564562 0.00195272 2.69623 
0.997626 0.539571 -0.000151505 2.64575 
0.997626 0.539368 -0.000283269 2.64555 
0.998455 0.54936 -0.00049279 2.65124 
1.01253 0.562175 0.000216945 2.70003 
1.01297 0.562142 0.000211116 2.70149 
1.01349 0.562628 0.000400001 2.70351 
0.998311 0.544831 -0.00018099 2.64912 
0.998792 0.55139 -0.000983592 2.65293 
0.998947 0.556804 -0.000422142 2.65529 
1.01154 0.56281 0.00111606 2.69706 
1.0118 0.562916 0.000798729 2.69799 
1.01272 0.562751 0.000566388 2.701 
0.957565 0.590646 -0.116449 2.54995 
0.958923 0.599128 -0.109598 2.55705 
0.973089 0.588405 -0.0882972 2.5932 
0.999829 0.574754 0.000453769 2.66532 
0.99978 0.574703 0.000115209 2.66512 
0.999767 0.578879 0.000126971 2.66717 
1.01367 0.563575 0.000784183 2.70463 
1.01384 0.563449 0.00073509 2.70516 
1.01381 0.563976 0.000764185 2.70535 
0.914619 0.691571 0.0216747 2.47223 
0.919918 0.681153 0.0207042 2.48011 
0.930122 0.676678 0.00283111 2.50814 
1.02014 0.528561 0.06568 2.71021 
1.01801 0.540246 0.0642865 2.709 
1.01006 0.551811 0.0682807 2.68864 
1.0102 0.558089 0.0106878 2.69001 
1.01015 0.557808 0.0130078 2.68972 
1.0109 0.555878 0.0158203 2.69123 
1.01812 0.536926 0.0327628 2.70589 
1.01905 0.53908 0.0283263 2.71001 
1.01643 0.541696 0.0182805 2.70228 
0.963238 0.61834 -0.0642889 2.57558 
0.966958 0.613094 -0.0608528 2.58413 
0.977159 0.596433 -0.0711096 2.60804 
1.01248 0.564111 0.00127774 2.70095 
1.01236 0.564388 0.00124985 2.7007 
1.01119 0.564902 0.0018279 2.69706 
0.999723 0.578829 -5.56718e-05 2.66699 
0.99972 0.577953 0.000238579 2.66653 
0.999627 0.576855 -9.81118e-05 2.66567 
1.00097 0.568822 -0.0102174 2.66675 
1.00145 0.565438 -0.010066 2.66699 
1.00316 0.557631 -0.0103353 2.66958 
0.992898 0.590588 0.0838645 2.65503 
0.987923 0.594264 0.0813083 2.64059 
0.978841 0.615045 0.0882328 2.62456 
1.00092 0.565582 -0.00385691 2.66537 
1.00059 0.565571 -0.00305373 2.66424 
1.00043 0.564768 -0.00247702 2.66346 
0.999973 0.568947 -0.0237594 2.66407 
1.00068 0.568223 -0.0197522 2.66596 
1.00221 0.563699 -0.0170904 2.66887 
1.00924 0.562782 0.00576995 2.68933 
1.00943 0.561258 0.00558803 2.68913 
1.00991 0.56067 0.00392138 2.69041 
0.998283 0.578196 -0.00518584 2.66182 
0.998071 0.578952 -0.00684778 2.66157 
0.995997 0.58186 -0.00868812 2.65634 
0.970994 0.622094 0.0648738 2.60143 
0.967724 0.632762 0.0684218 2.59823 
0.9612 0.636716 0.0814946 2.58127 
1.00001 0.569431 -0.000841269 2.66379 
1.00001 0.567656 -0.00109056 2.66313 
1.00005 0.56142 -0.000730918 2.66085 
1.01019 0.563353 0.00295593 2.69284 
1.00995 0.563425 0.00358911 2.69207 
1.00979 0.561976 0.00381092 2.69073 
1.01179 0.565607 0.000709419 2.69945 
1.01123 0.565821 0.000767607 2.69771 
1.01026 0.56665 0.00147448 2.6949 
0.999564 0.582658 4.67785e-05 2.66847 
0.99958 0.582092 -4.49057e-05 2.66823 
0.999584 0.580406 0.0001371 2.66734 
0.999649 0.569361 -0.000335651 2.66254 
0.999618 0.569257 -1.32216e-05 2.66236 
0.999465 0.56664 -0.000905976 2.66076 
1.01203 0.563759 0.00141629 2.69923 
1.01201 0.563601 0.00136994 2.69907 
1.0125 0.563418 0.00098598 2.70063 
0.994614 0.583196 0.0549993 2.65397 
0.993485 0.588333 0.061337 2.65372 
0.993116 0.583902 0.0773229 2.65115 
0.959029 0.638527 -0.0329699 2.57287 
0.961114 0.636206 -0.0383847 2.5783 
0.960345 0.624834 -0.0538329 2.5696 
0.948132 0.641903 -0.037784 2.54079 
0.945738 0.645224 -0.04205 2.53605 
0.935402 0.65794 -0.0475085 2.51302 
0.996986 0.585716 -0.00210059 2.66167 
0.997029 0.584753 -0.00264241 2.66128 
0.996468 0.584528 -0.00534542 2.65934 
1.00929 0.560424 0.0482046 2.68951 
1.00646 0.561679 0.050265 2.68082 
1.00243 0.574148 0.0644218 2.67538 
0.943737 0.654746 0.0132256 2.53447 
0.94251 0.654702 0.00130797 2.53057 
0.937576 0.66047 -0.0143513 2.51964 
1.01465 0.561836 -6.57665e-05 2.70698 
1.01472 0.561904 6.99762e-05 2.70726 
1.0145 0.562574 0.000472504 2.70689 
1.01546 0.562419 0.000162221 2.71004 
1.01527 0.56257 0.000182534 2.70947 
1.01441 0.562955 0.000531768 2.70677 
0.996596 0.540852 -4.9715e-05 2.64434 
0.996761 0.540872 -0.000169515 2.64453 
0.997966 0.54946 -0.000528121 2.64994 
0.999206 0.56417 -0.00156562 2.65903 
0.998952 0.559712 -0.000568723 2.65669 
0.998682 0.554838 -0.00226796 2.65417 
1.0042 0.570692 0.0190323 2.67709 
1.00603 0.570557 0.0166883 2.68309 
1.00621 0.567521 0.0131201 2.6819 
0.987356 0.603043 0.00105171 2.64036 
0.985214 0.601263 -0.00421296 2.6323 
0.984272 0.607546 -0.00489094 2.63317 
1.01581 0.495229 -0.0583088 2.68894 
1.00974 0.493905 -0.0646525 2.66793 
1.00601 0.522006 -0.0639835 2.66637 
0.994058 0.59254 0.00292704 2.65595 
0.993624 0.593373 0.00156063 2.65501 
0.99281 0.593785 0.000958666 2.65257 
0.999846 0.573065 0.000346706 2.66458 
0.999913 0.573121 0.000502207 2.66483 
0.999867 0.570597 0.000304508 2.66355 
1.01369 0.563259 0.00085468 2.70453 
1.01322 0.563429 0.00102955 2.70306 
1.01321 0.563338 0.00102615 2.70295 
1.00013 0.570418 -0.00431709 2.6644 
1.00036 0.570805 -0.003375 2.66542 
1.00038 0.568704 -0.00333395 2.66469 
1.00823 0.563014 0.0112249 2.68614 
1.00847 0.563767 0.0129333 2.68737 
1.00884 0.560578 0.0130323 2.68684 
0.984508 0.598711 -0.0228831 2.62907 
0.985961 0.596303 -0.0211995 2.63238 
0.987539 0.592678 -0.0274372 2.63568 
0.992766 0.594098 -0.00047413 2.65261 
0.993135 0.593421 -0.000401259 2.65342 
0.993148 0.593567 -0.00118495 2.65355 
0.997881 0.588274 0.00129139 2.66607 
0.995905 0.590013 0.00182502 2.66054 
0.995631 0.591038 0.00277875 2.66026 
0.99504 0.57847 -0.0180834 2.65193 
0.997136 0.575471 -0.0182966 2.65732 
0.997498 0.572182 -0.018876 2.657 
1.00058 0.581446 0.0099089 2.67109 
1.00051 0.580549 0.0113589 2.67033 
1.00188 0.578366 0.0127775 2.67365 
0.989574 0.58411 -0.0475204 2.63974 
0.992813 0.575995 -0.0491323 2.64608 
0.993246 0.569823 -0.0496858 2.64444 
1.00096 0.579534 0.0206939 2.67143 
0.998419 0.581057 0.0202238 2.66384 
0.99812 0.58498 0.0230884 2.66524 
1.00324 0.523157 -0.06715 2.65763 
1.00604 0.519036 -0.0765968 2.66684 
1.00184 0.518708 -0.0858871 2.65312 
0.999881 0.583254 8.55787e-06 2.66985 
0.999949 0.583366 0.000105225 2.67014 
0.999949 0.583024 0.000115593 2.66996 
1.01225 0.565583 5.50657e-05 2.701 
1.01159 0.566185 0.000394023 2.69911 
1.0116 0.566031 0.000463262 2.69905 
1.01083 0.556428 0.000744387 2.69114 
1.01077 0.55726 0.00128425 2.69139 
1.01074 0.557492 0.0017868 2.69144 
1.00274 0.526175 -0.00160004 2.65739 
1.00285 0.52476 -0.0027747 2.65705 
1.00312 0.532061 -0.00381788 2.65988 
0.913905 0.630712 -0.119157 2.43771 
0.916508 0.649649 -0.105581 2.45665 
0.921382 0.647233 -0.0987173 2.46818 
0.984783 0.608279 0.0359818 2.63597 
0.980427 0.609627 0.0324572 2.62239 
0.979506 0.617684 0.0345463 2.62469 
0.895495 0.696101 0.0714746 2.42002 
0.908372 0.694938 0.0778405 2.45905 
0.918722 0.679424 0.0697941 2.4776 
0.998601 0.537193 -0.000538354 2.64777 
0.998573 0.536775 -0.000918001 2.64746 
0.999045 0.544302 -0.00122538 2.65134 
1.01129 0.562105 0.000197938 2.69584 
1.01154 0.562131 0.000284694 2.69666 
1.01155 0.5624 0.000441907 2.69687 
0.963553 0.622869 0.148506 2.58902 
0.972058 0.614151 0.145611 2.61046 
0.973149 0.605823 0.138628 2.60728 
0.99405 0.590157 -0.000524824 2.6545 
0.995089 0.58904 -0.00134926 2.65729 
0.995123 0.588201 -0.00184008 2.65693 
1.0049 0.566229 0.033759 2.67734 
1.00426 0.570548 0.0411845 2.67801 
1.00486 0.564708 0.043217 2.67681 
0.999062 0.582696 -0.000330916 2.66682 
0.999245 0.582659 -0.000118607 2.66741 
0.999305 0.58247 -0.000210135 2.66751 
0.998568 0.583376 -0.00015786 2.66554 
0.998859 0.583156 -0.000176354 2.66638 
0.998871 0.582979 -0.000293397 2.66634 
0.981584 0.606358 -0.00897512 2.62369 
0.983548 0.605331 -0.0120538 2.62955 
0.982856 0.602726 -0.0151628 2.62579 
1.00674 0.572391 0.000486678 2.68637 
1.00542 0.573686 0.00152369 2.68269 
1.00537 0.573982 0.00198519 2.68269 
0.970037 0.630801 -0.0207218 2.60245 
0.968383 0.624326 -0.0298316 2.59336 
0.967439 0.633089 -0.0320963 2.5962 
0.999919 0.572224 -0.00656245 2.66436 
0.999359 0.572083 -0.00739425 2.66238 
0.999055 0.57517 -0.00688472 2.66285 
1.00794 0.568893 0.00297605 2.68838 
1.00781 0.569187 0.00357419 2.68812 
1.00807 0.568294 0.00401896 2.68848 
1.00822 0.565378 0.00816016 2.68739 
1.00827 0.56497 0.00681906 2.6873 
1.00804 0.566435 0.00658101 2.68737 
1.02837 0.521364 0.0335175 2.73281 
1.02505 0.52107 0.0293622 2.72121 
1.02278 0.530822 0.0311521 2.71847 
1.02331 0.537826 0.112202 2.73066 
1.02111 0.528555 0.0986498 2.71664 
1.01831 0.5387 0.0979932 2.71235 
0.983783 0.523182 -0.126169 2.60185 
0.976778 0.535155 -0.124268 2.58457 
0.97693 0.555221 -0.121727 2.59379 
0.987703 0.59895 0.0253356 2.63926 
0.98536 0.606743 0.0288941 2.63658 
0.985437 0.602298 0.034223 2.63422 
1.01043 0.557204 0.0276953 2.69067 
1.012 0.551924 0.029109 2.69309 
1.01308 0.551477 0.0282359 2.69649 
0.921421 0.662297 -0.0802821 2.47654 
0.908653 0.669048 -0.0760197 2.4415 
0.910658 0.67786 -0.0628408 2.4529 
0.962269 0.638228 0.00594954 2.58195 
0.957364 0.644981 0.00275238 2.57101 
0.953154 0.648147 0.00520803 2.55977 
1.01145 0.554646 0.00637868 2.69229 
1.01117 0.555826 0.00685319 2.69198 
1.01123 0.554817 0.00864335 2.69164 
1.00407 0.535106 -0.0337456 2.66302 
1.00296 0.550611 -0.0344086 2.66633 
1.00266 0.548298 -0.0282836 2.66391 
1.01039 0.510279 -0.0092563 2.67614 
1.00951 0.506888 -0.0132269 2.67147 
1.00896 0.516588 -0.0143564 2.6726 
0.999106 0.532211 -0.00026507 2.64782 
0.999236 0.531804 -0.000573457 2.64806 
0.999616 0.536311 -0.00078837 2.65041 
1.00336 0.530884 -0.00602595 2.65999 
1.00448 0.527872 -0.00460462 2.66263 
1.00476 0.526164 -0.00770147 2.66272 
0.999178 0.577216 -0.00222807 2.66426 
0.999071 0.579235 -0.00223387 2.66499 
0.999157 0.578999 -0.00137383 2.66514 
1.01024 0.560895 0.000272644 2.69161 
1.01039 0.561185 0.000519512 2.69228 
1.0104 0.561307 0.000736507 2.69238 
0.974133 0.623499 0.0341875 2.61091 
0.97224 0.625332 0.027474 2.60576 
0.969614 0.630066 0.0285555 2.60041 
0.991451 0.585353 -0.0174404 2.64362 
0.990755 0.590003 -0.013977 2.64389 
0.991022 0.589286 -0.0128125 2.64425 
1.00834 0.565922 0.00549514 2.68806 
1.00875 0.565547 0.0053218 2.68923 
1.00908 0.565111 0.00426548 2.69009 
0.929957 0.675976 0.077202 2.5107 
0.92661 0.667689 0.090063 2.49535 
0.938926 0.663819 0.102885 2.5326 
1.01624 0.543521 0.00401947 2.70243 
1.01522 0.54551 0.00481445 2.70002 
1.01489 0.547488 0.00583115 2.69999 
0.878922 0.696773 -0.0272668 2.36939 
0.889056 0.702522 -0.0175079 2.40417 
0.896656 0.69374 -0.0168839 2.41946 
1.00005 0.570973 -0.00118918 2.66446 
0.999949 0.571759 -0.00102697 2.66437 
0.99982 0.573274 -0.00122563 2.66456 
1.01017 0.563978 0.00315198 2.6931 
1.01045 0.563888 0.00261041 2.69401 
1.01047 0.564201 0.002673 2.69423 
0.99541 0.573912 0.105455 2.65603 
0.995468 0.577492 0.101101 2.65769 
0.991873 0.582611 0.0977246 2.64847 
0.999019 0.544214 -0.00178109 2.65113 
0.999239 0.541373 -0.000620054 2.651 
0.999219 0.540751 -0.00222553 2.6506 
1.01076 0.56248 0.00154623 2.69425 
1.01069 0.562732 0.00173659 2.69416 
1.01051 0.562597 0.00219373 2.69347 
0.999925 0.580219 1.17136e-05 2.6684 
0.999996 0.578881 0.000380486 2.66793 
0.999976 0.578879 -0.000170808 2.66787 
1.01477 0.563775 0.000167301 2.70846 
1.01457 0.563952 0.000171171 2.70787 
1.01423 0.564053 0.000322683 2.70679 
1.01051 0.55812 0.0023707 2.691 
1.01043 0.558845 0.00136638 2.69113 
1.01031 0.559303 0.00183462 2.69098 
1.00108 0.545084 -0.0028837 2.65786 
1.00137 0.554032 -0.00373809 2.66239 
1.0009 0.553992 -0.00297298 2.66076 
0.999595 0.570305 5.15979e-05 2.66274 
0.999653 0.570292 -0.000412511 2.66293 
0.999725 0.571712 0.000110114 2.6637 
1.01177 0.563909 0.00153334 2.69845 
1.01185 0.564018 0.00155027 2.69876 
1.01162 0.56421 0.00159474 2.69811 
0.997725 0.53913 -9.80829e-05 2.64576 
0.997718 0.538996 -0.000190648 2.64561 
0.998082 0.543438 -0.000249219 2.64812 
1.01308 0.562113 0.000182369 2.70183 
1.01353 0.562046 0.000135613 2.70332 
1.01361 0.562223 0.000188138 2.70368 
0.998934 0.553019 -0.000182832 2.65388 
0.999259 0.558738 -0.000808629 2.65708 
0.999154 0.558528 -0.000192914 2.6566 
1.01179 0.562412 0.000629348 2.69766 
1.01202 0.562459 0.000393321 2.69847 
1.01234 0.562388 0.00042871 2.6995 
0.954286 0.610288 -0.100229 2.54778 
0.955955 0.612616 -0.093843 2.55287 
0.963498 0.604767 -0.0884272 2.57181 
0.999802 0.574438 0.000181863 2.66509 
0.999734 0.574426 -4.73734e-05 2.66486 
0.999762 0.576559 9.93762e-05 2.66598 
1.01435 0.563374 0.000527256 2.70683 
1.01452 0.563287 0.000496259 2.70734 
1.01442 0.563601 0.000533223 2.70717 
0.928687 0.677903 0.0295737 2.50494 
0.933068 0.670083 0.0277894 2.5125 
0.934595 0.672797 0.0195843 2.51917 
1.01699 0.537365 0.054743 2.70336 
1.01531 0.546857 0.0536266 2.70266 
1.013 0.54682 0.0566521 2.69502 
1.00944 0.560042 0.0134816 2.68857 
1.00914 0.55993 0.0157863 2.68754 
1.00951 0.559546 0.0161736 2.68857 
1.0207 0.530889 0.0270044 2.71133 
1.02114 0.534314 0.0214204 2.71444 
1.01918 0.534953 0.0189744 2.70807 
0.968422 0.61921 -0.0548257 2.59192 
0.971526 0.614781 -0.0519312 2.59907 
0.974238 0.609657 -0.0593833 2.60523 
1.01258 0.564289 0.0011941 2.70137 
1.01246 0.564573 0.0011512 2.70114 
1.01193 0.564682 0.00140881 2.6994 
0.999702 0.576542 -8.21108e-05 2.66577 
0.999677 0.575669 0.000196826 2.66527 
0.999641 0.575615 -6.10051e-05 2.66513 
1.00165 0.565664 -0.00793076 2.66776 
1.0019 0.560682 -0.00783713 2.66664 
1.00247 0.559433 -0.00770845 2.66805 
0.987683 0.599037 0.0784357 2.64244 
0.982959 0.603 0.0739496 2.62899 
0.981186 0.610385 0.0788846 2.62825 
1.00051 0.568574 -0.00315344 2.66511 
1.00027 0.568556 -0.00251663 2.66431 
1.00035 0.56835 -0.00245869 2.66454 
0.999839 0.57015 -0.0179677 2.66374 
1.00021 0.569738 -0.0150986 2.6647 
1.00071 0.568409 -0.0154296 2.66577 
1.00955 0.561193 0.00601358 2.68948 
1.00979 0.559567 0.00572788 2.6894 
1.00992 0.560098 0.00485604 2.69013 
0.998316 0.575439 -0.00745859 2.66052 
0.99802 0.576536 -0.00978683 2.66019 
0.997052 0.577313 -0.0100317 2.6574 
0.961819 0.636844 0.0589689 2.5813 
0.957597 0.648204 0.0611842 2.57586 
0.955498 0.646059 0.0655246 2.56805 
0.999879 0.567626 -0.000255757 2.66269 
0.999809 0.565237 -0.000686247 2.66153 
0.999853 0.563435 -0.000214831 2.66097 
1.00973 0.563597 0.00387884 2.69141 
1.00951 0.563696 0.00470945 2.69074 
1.00953 0.562937 0.00446389 2.69039 
1.01105 0.566448 0.000466758 2.69745 
1.01048 0.56668 0.000506915 2.69565 
1.01025 0.567052 0.000839132 2.69511 
0.999666 0.582128 9.24327e-05 2.66853 
0.999672 0.581311 -4.13176e-05 2.66812 
0.999654 0.58091 0.000144416 2.66785 
0.999695 0.571291 -0.000203277 2.66344 
0.999678 0.57123 -1.49594e-05 2.66333 
0.999629 0.57045 -0.000437398 2.66285 
1.0116 0.563756 0.0015905 2.6978 
1.01159 0.563499 0.00151431 2.69761 
1.01185 0.563533 0.00129618 2.69851 
0.990382 0.59017 0.0613183 2.64454 
0.988576 0.596936 0.0684752 2.64326 
0.988662 0.592082 0.072869 2.64094 
0.965245 0.63095 -0.0367733 2.58801 
0.967687 0.62866 -0.0410436 2.59464 
0.96615 0.624685 -0.0458875 2.58747 
0.947563 0.641251 -0.0536813 2.53991 
0.945259 0.642267 -0.0587779 2.53412 
0.941668 0.648363 -0.0604285 2.52705 
0.997543 0.584234 -0.002881 2.66269 
0.997629 0.582361 -0.00332626 2.66193 
0.997443 0.583041 -0.00429392 2.66171 
1.00502 0.568627 0.0485669 2.67985 
1.00188 0.570629 0.0488881 2.6705 
1.00149 0.575549 0.0547789 2.67237 
0.946081 0.649963 -0.0013709 2.5385 
0.946269 0.649322 -0.0114379 2.53882 
0.944163 0.650969 -0.0135465 2.53344 
1.01513 0.561878 -4.12232e-05 2.7086 
1.0152 0.561989 0.000108925 2.70892 
1.01507 0.562257 0.000239601 2.70861 
1.01534 0.562655 0.000166702 2.70977 
1.01515 0.562809 0.000190343 2.70919 
1.01484 0.5629 0.000351056 2.70821 
0.996857 0.540649 -6.59136e-05 2.64451 
0.997045 0.540605 -0.00021971 2.64485 
0.997475 0.543933 -0.000289023 2.64681 
0.998574 0.555863 -0.00213598 2.65456 
0.998135 0.550434 -0.000826973 2.65171 
0.998207 0.55051 -0.00241726 2.65184 
0.998896 0.582269 0.0167784 2.66607 
1.00137 0.580114 0.0176192 2.67308 
1.00234 0.575749 0.0140021 2.6737 
1.00415 0.574803 0.0133546 2.67918 
1.00441 0.571267 0.0141631 2.67803 
1.00589 0.571076 0.0124718 2.68285 
1.00469 0.571745 0.0104277 2.67918 
1.00594 0.571497 0.00922423 2.68321 
1.0063 0.569526 0.00717534 2.68327 
0.994335 0.590564 0.0145635 2.65583 
0.991826 0.594298 0.0149263 2.64979 
0.991138 0.596529 0.0158437 2.64891 
0.987826 0.600121 0.0146016 2.64019 
0.98664 0.604886 0.00706254 2.63919 
0.983423 0.604687 0.00174671 2.62856 
0.986741 0.604784 0.0154329 2.63957 
0.982427 0.607216 0.0112544 2.62693 
0.980887 0.615144 0.0117085 2.62698 
1.01499 0.500981 -0.0290134 2.68765 
1.01173 0.497598 -0.0347177 2.67499 
1.00935 0.516986 -0.035802 2.67394 
1.00689 0.516408 -0.0417091 2.66538 
1.00856 0.518052 -0.0486085 2.67226 
1.00487 0.518641 -0.0541975 2.66017 
1.00501 0.537699 -0.0417092 2.6678 
1.00193 0.539044 -0.0447269 2.65816 
1.0001 0.557886 -0.0429052 2.66071 
0.994145 0.591428 0.0126161 2.65568 
0.992855 0.593807 0.00885355 2.65281 
0.99079 0.595559 0.00860498 2.64704 
0.990508 0.597293 0.00475148 2.64715 
0.991965 0.594862 0.00350333 2.65045 
0.991995 0.595682 0.00140458 2.65104 
0.988515 0.597453 0.00189834 2.64068 
0.989446 0.597974 -0.000952796 2.64408 
0.988063 0.596378 -0.005627 2.63861 
0.99974 0.573033 -9.13658e-05 2.66428 
0.999789 0.572969 -9.70073e-05 2.66441 
0.999697 0.570531 -0.000317923 2.66305 
0.999768 0.570421 -0.0003246 2.66323 
0.999815 0.570476 -7.4367e-05 2.66336 
0.999908 0.570473 6.40981e-05 2.66367 
0.999607 0.566721 -0.000667 2.66118 
0.999721 0.566567 -0.000640815 2.66149 
0.999431 0.560822 -0.00115065 2.65829 
1.015 0.562887 0.000318612 2.70874 
1.01461 0.563001 0.000485153 2.7075 
1.0146 0.562923 0.000474667 2.70741 
1.01417 0.563068 0.000648659 2.70605 
1.01392 0.563117 0.000755893 2.70523 
1.01346 0.56328 0.00092084 2.70378 
1.01416 0.562999 0.000641908 2.70596 
1.0137 0.563162 0.000810415 2.70451 
1.01367 0.563137 0.000807292 2.70441 
0.999666 0.570514 -0.00984748 2.6629 
1.00038 0.570935 -0.00821872 2.66554 
1.00055 0.568003 -0.00829026 2.66482 
1.00104 0.568629 -0.00657217 2.66687 
1.00056 0.568295 -0.00531606 2.66502 
1.00079 0.568798 -0.00410733 2.66615 
1.00115 0.565256 -0.00652234 2.66581 
1.00138 0.565878 -0.00498697 2.66701 
1.00136 0.561003 -0.00485 2.66494 
1.00887 0.563691 0.00635266 2.6886 
1.0089 0.563892 0.00700599 2.68882 
1.00907 0.56214 0.0070016 2.6884 
1.00922 0.56222 0.00767068 2.68897 
1.00893 0.561374 0.00945964 2.68755 
1.00924 0.561658 0.0106348 2.68875 
1.00943 0.560309 0.00761002 2.6886 
1.00974 0.560207 0.00825458 2.68961 
1.00999 0.558218 0.0081112 2.68933 
0.978769 0.605085 -0.0392857 2.61537 
0.981156 0.601053 -0.0364893 2.62067 
0.984561 0.596207 -0.0447195 2.62943 
0.986239 0.591739 -0.0405082 2.63216 
0.986115 0.593501 -0.0349902 2.63208 
0.987406 0.590074 -0.0317257 2.63422 
0.990442 0.587117 -0.0450515 2.64364 
0.991231 0.582971 -0.0402091 2.64367 
0.995394 0.579183 -0.0409008 2.65546 
0.989714 0.596008 -0.0086048 2.64387 
0.99049 0.593625 -0.00733936 2.64496 
0.991596 0.593234 -0.00867355 2.6484 
0.992004 0.591574 -0.00740584 2.64872 
0.99245 0.593873 -0.00385338 2.65148 
0.992806 0.592674 -0.0031611 2.65192 
0.993013 0.591066 -0.00788254 2.65176 
0.993209 0.589986 -0.0067394 2.65174 
0.994094 0.589456 -0.00672903 2.65436 
1.00289 0.579442 0.00108533 2.67756 
1.00121 0.581442 0.00257868 2.67312 
1.0011 0.581643 0.00363839 2.67288 
0.999565 0.58395 0.00590395 2.66914 
0.998333 0.586641 0.00369176 2.66662 
0.996568 0.588645 0.00496144 2.66195 
0.999404 0.58441 0.00729094 2.66889 
0.997458 0.587001 0.00941841 2.66397 
0.996958 0.588294 0.0112515 2.66313 
0.987929 0.595483 -0.0162943 2.63804 
0.989013 0.589515 -0.0216937 2.6383 
0.988929 0.589605 -0.0235531 2.63837 
0.991395 0.583312 -0.0274321 2.6431 
0.993691 0.579255 -0.023012 2.64829 
0.996429 0.57542 -0.0234837 2.65536 
0.991661 0.581609 -0.0293237 2.64343 
0.995276 0.576573 -0.030339 2.65275 
0.995902 0.574014 -0.032002 2.65393 
1.00338 0.577487 0.00221182 2.67807 
1.00334 0.577145 0.00305255 2.67772 
1.00415 0.575804 0.00399899 2.67966 
1.00419 0.575056 0.00486237 2.67936 
1.00308 0.577177 0.00774963 2.6769 
1.00316 0.575779 0.00889981 2.67639 
1.00501 0.573926 0.00548525 2.68148 
1.00514 0.572568 0.0063273 2.68112 
1.00596 0.571756 0.0064978 2.68342 
0.975957 0.615707 -0.0461642 2.61348 
0.977597 0.604517 -0.053074 2.61248 
0.977312 0.605961 -0.0553465 2.61279 
0.980262 0.593204 -0.061654 2.61537 
0.985601 0.58703 -0.0555399 2.629 
0.989327 0.576398 -0.0587709 2.63558 
0.980127 0.591289 -0.0636038 2.61425 
0.984183 0.578215 -0.0689202 2.62062 
0.984096 0.57515 -0.0707912 2.61931 
1.00706 0.566713 0.0191526 2.68443 
1.00569 0.567499 0.0222265 2.68034 
1.00596 0.56942 0.0244104 2.68239 
1.00377 0.570708 0.0272594 2.67589 
1.00212 0.577416 0.0254038 2.6742 
0.999179 0.579179 0.0255763 2.66542 
1.00393 0.574302 0.0306656 2.67861 
1.00058 0.576299 0.0321909 2.66864 
1.00041 0.582513 0.0372832 2.67197 
0.998392 0.559544 -0.0430778 2.65584 
0.99933 0.557536 -0.0482435 2.65854 
0.996899 0.557723 -0.0523353 2.6507 
0.997479 0.556646 -0.0593099 2.65292 
0.998631 0.54114 -0.066421 2.64993 
1.00001 0.539933 -0.0767823 2.65544 
0.994142 0.557446 -0.0633748 2.64245 
0.993988 0.55837 -0.0733692 2.64365 
0.989011 0.560363 -0.077067 2.62846 
0.999505 0.582933 -4.56136e-06 2.66841 
0.999613 0.583 5.44875e-05 2.66881 
0.999608 0.582753 5.46267e-05 2.66867 
0.999704 0.582794 0.000100412 2.66901 
0.999794 0.582874 6.67196e-05 2.66936 
0.999882 0.582933 0.000143278 2.66969 
0.999695 0.58224 0.000101186 2.66869 
0.999786 0.582235 0.000116612 2.66899 
0.999775 0.581421 0.000109774 2.66852 
1.01438 0.564107 -1.33944e-05 2.70731 
1.01391 0.564371 0.000130442 2.70589 
1.01391 0.564245 0.000134601 2.70584 
1.0134 0.564614 0.000368505 2.70433 
1.01284 0.564969 0.000271338 2.70262 
1.01225 0.565516 0.000646338 2.70096 
1.01342 0.564374 0.000383609 2.70424 
1.01289 0.564854 0.00074953 2.70274 
1.01292 0.564454 0.000771411 2.70261 
1.01251 0.551447 0.00159159 2.69409 
1.01219 0.552907 0.00243284 2.69378 
1.01206 0.553594 0.00324632 2.69373 
1.01151 0.554613 0.00403428 2.69244 
1.01127 0.555794 0.00236222 2.69226 
1.0109 0.556601 0.0030576 2.69147 
1.01129 0.55567 0.00473472 2.69227 
1.01085 0.556369 0.00511069 2.6912 
1.01062 0.557558 0.00565161 2.69109 
1.00046 0.53024 -0.000800193 2.65154 
1.00058 0.529443 -0.0014173 2.65155 
1.00099 0.53552 -0.00199135 2.65444 
1.00125 0.534948 -0.00302076 2.65493 
1.00192 0.534017 -0.0026579 2.65681 
1.0022 0.533198 -0.00413155 2.65723 
1.00172 0.544934 -0.00356499 2.65998 
1.00181 0.544557 -0.00462867 2.65998 
1.00203 0.554494 -0.00498918 2.66468 
0.950981 0.575257 -0.140292 2.52451 
0.947375 0.592082 -0.132795 2.52163 
0.949658 0.600723 -0.127137 2.53204 
0.944624 0.617015 -0.113724 2.52401 
0.934977 0.624907 -0.117106 2.49871 
0.932261 0.641274 -0.100695 2.4986 
0.946765 0.618477 -0.106829 2.52959 
0.944082 0.631903 -0.0935217 2.52797 
0.946296 0.629679 -0.0874362 2.53209 
0.996746 0.584317 0.0438876 2.66114 
0.993893 0.588532 0.0470632 2.65434 
0.993684 0.590606 0.0486132 2.65501 
0.989887 0.595122 0.0509652 2.64531 
0.986706 0.604512 0.0444726 2.64034 
0.981951 0.607526 0.0431006 2.62652 
0.989503 0.59925 0.0529835 2.64674 
0.9847 0.603985 0.0543615 2.63393 
0.984127 0.609974 0.0568224 2.63605 
0.884655 0.702074 0.0286874 2.39012 
0.898718 0.703916 0.036586 2.43443 
0.910108 0.688758 0.0334412 2.4563 
0.917939 0.688269 0.0427694 2.48044 
0.913725 0.685144 0.0518618 2.4654 
0.922097 0.683649 0.0598888 2.49069 
0.925826 0.674993 0.0398075 2.49406 
0.932379 0.67394 0.0465844 2.51411 
0.938706 0.663715 0.0425175 2.52592 
0.997996 0.538677 -0.000327101 2.64638 
0.997992 0.538415 -0.000556543 2.64621 
0.998513 0.544919 -0.000715779 2.64985 
0.998554 0.544954 -0.000886678 2.64993 
0.998738 0.544643 -0.000855327 2.65047 
0.998756 0.544644 -0.00114587 2.65046 
0.999107 0.553222 -0.000911513 2.65458 
0.999076 0.55343 -0.000930529 2.65452 
0.999441 0.560511 -0.000784225 2.65839 
1.01063 0.561751 0.000312382 2.69341 
1.01084 0.561885 0.000456279 2.69418 
1.01085 0.562073 0.000683939 2.69432 
1.01098 0.562173 0.000897954 2.69482 
1.01117 0.56228 0.000542394 2.69553 
1.01134 0.562341 0.000728108 2.69612 
1.01095 0.562587 0.00114492 2.69494 
1.01109 0.562674 0.00131404 2.69548 
1.01104 0.563185 0.00153206 2.69557 
0.922653 0.671914 0.111704 2.48897 
0.93803 0.666611 0.121364 2.53464 
0.941225 0.651686 0.113659 2.53246 
0.953149 0.645641 0.118118 2.56679 
0.957812 0.62874 0.130484 2.5716 
0.967592 0.621482 0.128833 2.59815 
0.955512 0.633676 0.111099 2.56471 
0.964704 0.628166 0.112477 2.59082 
0.966506 0.619651 0.106525 2.58992 
0.993684 0.593331 1.41053e-05 2.65517 
0.993387 0.59314 -0.000740206 2.65407 
0.993357 0.59308 -0.000958921 2.65395 
0.993544 0.592224 -0.00243512 2.65407 
0.993921 0.590956 -0.00163846 2.65457 
0.994684 0.5898 -0.00290103 2.65642 
0.993485 0.591364 -0.00289146 2.65339 
0.99417 0.590053 -0.00452746 2.6549 
0.994122 0.587798 -0.00513145 2.65346 
1.00759 0.56253 0.020266 2.68386 
1.00785 0.563843 0.0240942 2.68558 
1.0084 0.559538 0.0249995 2.68504 
1.00885 0.561298 0.0302405 2.68771 
1.0073 0.560738 0.033245 2.68231 
1.0073 0.564235 0.0408001 2.6846 
1.00962 0.555633 0.0314177 2.68719 
1.01027 0.558098 0.0386832 2.69106 
1.01129 0.550645 0.0402817 2.69045 
0.998733 0.580789 -0.00191673 2.6647 
0.998973 0.580658 -0.00113194 2.66542 
0.999118 0.580267 -0.00126803 2.66569 
0.99926 0.580209 -0.000653977 2.66613 
0.999189 0.58157 -0.000581273 2.66664 
0.999318 0.581547 -0.000232938 2.66705 
0.999375 0.579921 -0.000726118 2.66636 
0.999446 0.579916 -0.000272349 2.6666 
0.999529 0.579732 -0.000277465 2.66679 
0.996842 0.585664 -0.000329474 2.66114 
0.997332 0.584896 -0.000684316 2.66232 
0.997361 0.584918 -0.000999907 2.66244 
0.997781 0.584248 -0.00129342 2.66345 
0.998247 0.583638 -0.000613157 2.66465 
0.998573 0.583291 -0.000687433 2.66553 
0.997824 0.583455 -0.00159557 2.66317 
0.99827 0.58297 -0.00163484 2.66437 
0.998326 0.581372 -0.00188715 2.66367 
0.974866 0.619483 0.00819443 2.61007 
0.97407 0.620151 -0.00145805 2.60795 
0.972047 0.621045 -0.00364721 2.60202 
0.973681 0.620394 -0.0122395 2.60708 
0.977566 0.611216 -0.0122241 2.61379 
0.980269 0.609837 -0.0165475 2.62187 
0.971778 0.61805 -0.0167184 2.59958 
0.975605 0.616152 -0.0228141 2.61103 
0.97417 0.610632 -0.0290441 2.60322 
1.00947 0.568338 0.000241571 2.6932 
1.00857 0.569041 0.000778427 2.69057 
1.00852 0.569058 0.000998995 2.69043 
1.00763 0.569983 0.00203988 2.68797 
1.00708 0.571134 0.00141515 2.68678 
1.00605 0.572388 0.00289282 2.68404 
1.00763 0.569796 0.00234093 2.68786 
1.00672 0.570978 0.0039292 2.6855 
1.00679 0.570382 0.00429182 2.6854 
0.974627 0.626174 0.00871795 2.61373 
0.970716 0.627436 0.00320352 2.60194 
0.969642 0.634664 0.00258595 2.60327 
0.965655 0.633631 -0.00516351 2.58987 
0.967004 0.637111 -0.0146293 2.59672 
0.964232 0.631624 -0.0245291 2.58459 
0.964425 0.642491 -0.00633084 2.5919 
0.960467 0.638515 -0.0165194 2.57688 
0.959106 0.648799 -0.0183396 2.57961 
1.00005 0.57231 -0.00282187 2.66486 
0.999796 0.572131 -0.00332795 2.66389 
0.999664 0.574579 -0.00318173 2.66456 
0.999351 0.574526 -0.00362202 2.66346 
0.999463 0.574728 -0.00477393 2.66396 
0.99903 0.574748 -0.00527587 2.66251 
0.999199 0.577469 -0.0033802 2.66448 
0.998859 0.577578 -0.0036646 2.66339 
0.9987 0.58011 -0.00334003 2.66423 
1.00967 0.56765 0.000624182 2.69349 
1.00949 0.567928 0.00100698 2.69302 
1.00968 0.567268 0.00136221 2.69332 
1.00951 0.567514 0.00174004 2.69286 
1.00884 0.567811 0.00248471 2.69081 
1.00871 0.567976 0.00295201 2.69045 
1.00971 0.566859 0.00207338 2.69318 
1.00956 0.56694 0.00243452 2.69272 
1.00977 0.566293 0.00273723 2.69307 
1.00715 0.566871 0.0145754 2.68472 
1.00715 0.565868 0.0116387 2.68411 
1.00675 0.568189 0.0110923 2.68408 
1.00692 0.567316 0.00894568 2.68411 
1.00745 0.567144 0.00853132 2.68579 
1.00761 0.566524 0.00696762 2.68597 
1.00666 0.568994 0.00845913 2.6842 
1.00694 0.568221 0.00680017 2.68468 
1.00678 0.569681 0.0063486 2.68496 
1.03069 0.52143 0.0687465 2.74285 
1.02672 0.516578 0.0583119 2.72607 
1.02334 0.529898 0.0594777 2.72136 
1.02172 0.527217 0.0493914 2.71384 
1.02371 0.529061 0.0438535 2.72128 
1.02174 0.527935 0.036975 2.71367 
1.01938 0.538516 0.04989 2.71177 
1.01812 0.536479 0.0423341 2.70606 
1.01637 0.545441 0.0426457 2.70489 
1.00091 0.5792 0.143679 2.68329 
1.00177 0.566641 0.130031 2.67656 
1.00024 0.570962 0.125104 2.67315 
1.00331 0.561882 0.11006 2.67613 
1.01085 0.552581 0.113452 2.69658 
1.0123 0.544487 0.0980254 2.69515 
1.00241 0.567879 0.106213 2.67592 
1.00473 0.560358 0.0937581 2.67798 
1.00381 0.566212 0.0909892 2.67784 
1.00498 0.493592 -0.0925164 2.6549 
0.999144 0.496532 -0.0961908 2.63692 
0.997905 0.519844 -0.0966025 2.64275 
0.991758 0.526459 -0.0967889 2.62538 
0.988989 0.534834 -0.110945 2.62188 
0.981687 0.545313 -0.107455 2.60259 
0.991021 0.545102 -0.0957396 2.63063 
0.985119 0.55412 -0.0928463 2.61536 
0.984643 0.566162 -0.0903043 2.61875 
0.995334 0.587298 0.0193592 2.65725 
0.994497 0.590453 0.022046 2.65644 
0.995156 0.587318 0.025022 2.65682 
0.994188 0.591167 0.0285972 2.65607 
0.991348 0.593336 0.0300804 2.64801 
0.989573 0.59983 0.0346057 2.64637 
0.995164 0.587122 0.0322931 2.65699 
0.994089 0.591742 0.0370361 2.65646 
0.995544 0.586554 0.0415444 2.65834 
1.00805 0.563339 0.0183085 2.68581 
1.00881 0.560316 0.0191131 2.6867 
1.00938 0.559994 0.0187147 2.68844 
1.0104 0.556169 0.019287 2.68976 
1.01087 0.556384 0.0227303 2.69153 
1.01234 0.551241 0.0234282 2.6937 
1.011 0.556184 0.0184578 2.69178 
1.01232 0.551409 0.0186581 2.69361 
1.01293 0.55191 0.0172471 2.69592 
0.945861 0.640802 -0.0744756 2.53667 
0.937848 0.646183 -0.073535 2.51483 
0.938091 0.652863 -0.06468 2.51942 
0.929364 0.657663 -0.0614441 2.49504 
0.92591 0.664477 -0.0648565 2.48988 
0.915184 0.669565 -0.0594783 2.45979 
0.930851 0.664402 -0.0513563 2.50373 
0.922009 0.668021 -0.0452825 2.47829 
0.924947 0.674399 -0.0343269 2.49148 
0.973652 0.621932 0.0192541 2.60787 
0.970145 0.629688 0.0199707 2.60167 
0.967827 0.630622 0.0228733 2.59487 
0.963398 0.638924 0.0234853 2.58623 
0.960827 0.6397 0.0161128 2.57838 
0.955372 0.647757 0.0144101 2.56657 
0.960222 0.639657 0.0275177 2.57662 
0.954331 0.648868 0.0278152 2.56424 
0.949702 0.649468 0.03349 2.5501 
1.01348 0.549854 0.0030927 2.69649 
1.01326 0.550638 0.00395727 2.69618 
1.01365 0.549004 0.006431 2.69663 
1.01323 0.550549 0.00723568 2.69604 
1.01231 0.552099 0.00789838 2.69381 
1.01191 0.553737 0.00843414 2.69336 
1.01347 0.548859 0.0100474 2.69599 
1.01291 0.55115 0.0106569 2.69534 
1.01298 0.549458 0.0137658 2.69469 
1.01043 0.501613 -0.0218488 2.67225 
1.00926 0.515396 -0.0244117 2.67307 
1.00763 0.514716 -0.019789 2.66709 
1.00702 0.529763 -0.0225111 2.67087 
1.00548 0.531036 -0.0253806 2.66588 
1.00465 0.54569 -0.0269737 2.66952 
1.00571 0.528977 -0.0182693 2.66594 
1.0052 0.542527 -0.0203872 2.66993 
1.00421 0.541733 -0.016731 2.66611 
1.00564 0.51857 -0.00287071 2.66389 
1.00556 0.516658 -0.00469495 2.66267 
1.00552 0.523008 -0.00569147 2.66413 
1.00571 0.521198 -0.0087843 2.66374 
1.00725 0.519878 -0.00918178 2.6684 
1.00721 0.517744 -0.0131631 2.66709 
1.00574 0.532233 -0.00975726 2.66776 
1.00562 0.53082 -0.0127801 2.66653 
1.00542 0.542419 -0.0134316 2.67059 
0.99843 0.533467 -7.7616e-05 2.64596 
0.998458 0.533346 -0.000208553 2.64601 
0.998731 0.537916 -0.000354002 2.64817 
0.998883 0.537676 -0.000857527 2.64849 
0.999144 0.537149 -0.000659104 2.64921 
0.999344 0.53691 -0.0010974 2.64969 
0.999302 0.54521 -0.0010523 2.65243 
0.999509 0.545037 -0.00152026 2.65295 
0.999905 0.552895 -0.00170048 2.65723 
1.00205 0.554169 -0.0060213 2.66448 
1.00286 0.55253 -0.00581234 2.66657 
1.00277 0.551585 -0.00793479 2.66577 
1.00381 0.549668 -0.00781276 2.66845 
1.00369 0.539496 -0.00837013 2.66396 
1.00496 0.536693 -0.00756716 2.66709 
1.00366 0.548485 -0.0105098 2.66733 
1.00497 0.546217 -0.0105168 2.67078 
1.00477 0.544713 -0.0139449 2.66934 
0.999855 0.572193 -0.0018342 2.66415 
0.999779 0.574113 -0.0019237 2.66475 
0.999717 0.573966 -0.00110616 2.66446 
0.999658 0.576145 -0.00125052 2.66535 
0.999454 0.576532 -0.00130139 2.66484 
0.999377 0.578554 -0.00138661 2.66565 
0.999628 0.576022 -0.000564415 2.66517 
0.999578 0.578025 -0.00070532 2.66605 
0.999576 0.57792 -0.000129819 2.66598 
1.01022 0.559229 0.00039286 2.69064 
1.01029 0.559745 0.000764986 2.69114 
1.01029 0.559852 0.0010648 2.6912 
1.01025 0.560264 0.00149665 2.6913 
1.01028 0.560676 0.000876978 2.69164 
1.01031 0.560994 0.00124631 2.69191 
1.01022 0.560488 0.00178901 2.69132 
1.01021 0.560816 0.00211029 2.69148 
1.01018 0.561084 0.00238387 2.69154 
0.978226 0.616884 0.0594229 2.62125 
0.973261 0.620364 0.0530649 2.60693 
0.970407 0.627186 0.0581532 2.60242 
0.965718 0.630721 0.0493516 2.58912 
0.968914 0.630878 0.0420882 2.59918 
0.966194 0.63333 0.0335834 2.59173 
0.961919 0.638083 0.0530569 2.58202 
0.957844 0.641491 0.0418936 2.57078 
0.953038 0.648546 0.0430059 2.56038 
0.997635 0.574739 -0.0140802 2.65822 
0.99635 0.577193 -0.0135842 2.65522 
0.996126 0.579103 -0.0128434 2.65538 
0.995124 0.582042 -0.0116501 2.65366 
0.993608 0.583878 -0.0140145 2.64973 
0.992867 0.587651 -0.0116439 2.64939 
0.995009 0.58348 -0.0109369 2.65403 
0.99432 0.586426 -0.00932189 2.65341 
0.994303 0.586942 -0.00862118 2.6536 
1.00728 0.568923 0.00508938 2.6862 
1.00775 0.568021 0.00530573 2.68727 
1.0082 0.567475 0.00418976 2.68847 
1.0086 0.56681 0.00427113 2.68945 
1.00865 0.56614 0.00431289 2.68922 
1.00903 0.565697 0.00425413 2.69024 
1.00903 0.566373 0.00338448 2.69062 
1.00939 0.565836 0.00341751 2.69153 
1.00981 0.565482 0.00273302 2.69274 
0.945439 0.661658 0.0473474 2.54602 
0.942339 0.656877 0.0565514 2.53335 
0.949756 0.654914 0.0671894 2.55622 
0.948143 0.647514 0.0767849 2.54668 
0.944369 0.658897 0.0829702 2.54363 
0.943224 0.649324 0.0941629 2.53433 
0.956081 0.644631 0.0845122 2.57076 
0.956074 0.634833 0.0941472 2.56499 
0.963858 0.631258 0.0983606 2.58814 
1.02214 0.531549 0.0132287 2.71624 
1.01997 0.533439 0.012654 2.70984 
1.01902 0.538426 0.0141397 2.70925 
1.01722 0.539837 0.0135386 2.7039 
1.01679 0.543218 0.00900289 2.70415 
1.01536 0.544757 0.00930627 2.70016 
1.01642 0.544172 0.0146645 2.70348 
1.01504 0.54513 0.0139055 2.69931 
1.0144 0.548627 0.0147526 2.69906 
0.889175 0.678002 -0.0702077 2.38895 
0.896526 0.686566 -0.0610894 2.41702 
0.903279 0.680878 -0.056981 2.43214 
0.906638 0.687228 -0.0443973 2.44633 
0.898944 0.688573 -0.0378399 2.42339 
0.903914 0.693675 -0.0253414 2.4419 
0.911807 0.678813 -0.0403779 2.45493 
0.915568 0.683459 -0.0294687 2.46947 
0.920277 0.675075 -0.0269499 2.47713 
0.999828 0.568333 -0.000600507 2.66278 
0.999894 0.569842 -8.01383e-05 2.66355 
0.999803 0.571673 -0.000379315 2.66394 
0.999783 0.572585 -9.61182e-05 2.66421 
0.999854 0.572556 -0.000670911 2.66443 
0.999762 0.573304 -0.00051973 2.66438 
0.999741 0.574295 -0.000423104 2.66482 
0.999664 0.575146 -0.000190119 2.66491 
0.999623 0.576944 -0.000495866 2.66566 
1.00913 0.564618 0.00503064 2.69 
1.0094 0.564501 0.0041737 2.69081 
1.00936 0.564889 0.00414589 2.6909 
1.00967 0.564758 0.00345573 2.69187 
1.00992 0.564502 0.00335704 2.69255 
1.01024 0.564386 0.00279698 2.69356 
1.00968 0.565009 0.00341462 2.69203 
1.01002 0.564875 0.00287353 2.69311 
1.01005 0.565046 0.00283196 2.69331 
0.985977 0.589468 0.144792 2.64017 
0.986257 0.590201 0.138535 2.64039 
0.980804 0.598307 0.132408 2.62667 
0.981916 0.599041 0.125902 2.62959 
0.987206 0.588809 0.113385 2.63889 
0.987861 0.590601 0.108183 2.6413 
0.977014 0.607163 0.119133 2.61786 
0.978465 0.606467 0.113024 2.62109 
0.97436 0.614196 0.106 2.61188 
0.99941 0.560777 -0.000642811 2.65839 
0.999621 0.559172 -0.000183649 2.65855 
0.999571 0.558841 -0.00114537 2.65821 
0.999832 0.557061 -0.000568202 2.65848 
0.999431 0.550753 -0.00180046 2.65473 
0.999736 0.54825 -0.00091488 2.65493 
0.999789 0.556678 -0.00164962 2.65813 
1.00011 0.554805 -0.00106826 2.65855 
1.00001 0.554404 -0.00230404 2.658 
1.0106 0.561646 0.000466109 2.69326 
1.01058 0.561676 0.000685786 2.69321 
1.01046 0.56156 0.00104205 2.69272 
1.01041 0.561642 0.00130464 2.6926 
1.01048 0.562016 0.00166295 2.69306 
1.01042 0.562225 0.00188954 2.69296 
1.01029 0.561474 0.00176236 2.69213 
1.01023 0.561624 0.00203958 2.69199 
1.01013 0.561405 0.00260564 2.69152 
0.999954 0.583219 -7.98609e-05 2.67009 
0.999946 0.582622 0.000157979 2.66974 
0.999924 0.58259 -2.14051e-05 2.66965 
0.99992 0.581839 0.000247679 2.66923 
0.999933 0.581162 4.53186e-05 2.66892 
0.999989 0.580196 0.000302442 2.66859 
0.999893 0.581814 1.2656e-05 2.66913 
0.999904 0.581092 0.000241785 2.66878 
0.999825 0.581101 -1.65433e-05 2.66852 
1.01504 0.563255 0.000207661 2.70906 
1.01482 0.563453 0.000221862 2.70845 
1.01449 0.563551 0.00043598 2.7074 
1.01425 0.563788 0.000435556 2.70671 
1.01435 0.563823 0.000388573 2.70707 
1.01411 0.564052 0.000374965 2.7064 
1.01389 0.563903 0.000651133 2.70557 
1.01364 0.564163 0.000630176 2.70487 
1.01327 0.564289 0.000869964 2.70369 
1.0103 0.558007 0.00573844 2.69024 
1.01031 0.558784 0.00444871 2.6907 
1.0101 0.559122 0.00453976 2.69018 
1.01014 0.559741 0.0035061 2.69066 
1.01024 0.559095 0.00313214 2.69065 
1.01025 0.559697 0.00220602 2.691 
1.01003 0.56002 0.00364314 2.69046 
1.01012 0.560505 0.00281069 2.69099 
1.01011 0.560716 0.00297639 2.69111 
0.999727 0.530759 -0.000716838 2.6493 
1.00016 0.535864 -0.00140431 2.65197 
0.999766 0.536098 -0.00127122 2.65073 
1.00028 0.544321 -0.00212648 2.65522 
1.00046 0.544761 -0.0021782 2.65581 
1.00082 0.553438 -0.00295707 2.66038 
0.999894 0.544419 -0.00174168 2.65393 
1.00032 0.552808 -0.00248624 2.65851 
0.999979 0.552859 -0.00212681 2.65738 
0.999678 0.573489 -5.02374e-05 2.6643 
0.99967 0.573497 -0.000363257 2.66428 
0.999709 0.574745 0.000135598 2.66495 
0.999711 0.574737 -0.000250411 2.66496 
0.999687 0.573246 0.000144674 2.66421 
0.999717 0.573227 -0.000272423 2.66431 
0.999708 0.575859 0.000144593 2.66545 
0.999702 0.575845 -0.000302051 2.66542 
0.999657 0.576952 4.45335e-05 2.66578 
1.01098 0.563707 0.00200993 2.69568 
1.01102 0.56396 0.00209092 2.69594 
1.01079 0.564099 0.002223 2.69526 
1.01083 0.56432 0.00225517 2.69551 
1.01118 0.564198 0.00189946 2.69662 
1.01124 0.564347 0.00190458 2.69689 
1.0106 0.564516 0.00234195 2.69484 
1.01063 0.564698 0.00232883 2.69507 
1.0104 0.564925 0.0023919 2.6944 
0.997438 0.540124 -0.000209483 2.64559 
0.997453 0.53985 -0.000379465 2.64536 
0.997789 0.543936 -0.000501269 2.64763 
0.997862 0.543929 -0.000593221 2.64771 
0.997969 0.543643 -0.00037631 2.64793 
0.998023 0.543688 -0.000423996 2.64801 
0.998293 0.549516 -0.00069691 2.65088 
0.998369 0.54962 -0.000698766 2.65105 
0.998754 0.555045 -0.00079104 2.65415 
1.01205 0.562127 0.000250238 2.69839 
1.01245 0.562142 0.000284301 2.69974 
1.01251 0.562319 0.000388301 2.70005 
1.01287 0.562269 0.00044481 2.70122 
1.01304 0.562299 0.000286298 2.70182 
1.01343 0.562229 0.000314441 2.70307 
1.01292 0.562656 0.000543548 2.70162 
1.0133 0.562603 0.000555061 2.70287 
1.01336 0.563123 0.000645498 2.70335 
0.997714 0.538772 -7.56708e-05 2.64549 
0.998163 0.543684 -0.000727213 2.6484 
0.998038 0.543586 -0.000297341 2.64794 
0.998517 0.549706 -0.00105982 2.65151 
0.998663 0.551198 -0.000337493 2.65239 
0.999036 0.556998 -0.000988086 2.6557 
0.998392 0.549565 -0.000539834 2.65103 
0.998813 0.555299 -0.00120922 2.65438 
0.998732 0.555184 -0.000848891 2.65405 
1.01125 0.563198 0.00165115 2.69631 
1.01154 0.563335 0.00128498 2.69735 
1.01184 0.563244 0.00117418 2.69831 
1.01213 0.563313 0.000910858 2.69931 
1.01211 0.562844 0.000761467 2.69897 
1.01237 0.56284 0.000564749 2.69987 
1.01247 0.563227 0.000882195 2.70042 
1.01276 0.563234 0.000700399 2.7014 
1.01313 0.563145 0.000709467 2.7026 
0.962744 0.563144 -0.130495 2.55425 
0.963999 0.579243 -0.124281 2.56521 
0.97121 0.569214 -0.112468 2.58142 
0.971617 0.581228 -0.107055 2.58739 
0.966542 0.590088 -0.101242 2.57536 
0.96732 0.595819 -0.0956779 2.57957 
0.976931 0.573257 -0.0973277 2.59911 
0.977098 0.581282 -0.092901 2.60264 
0.981209 0.574797 -0.0847461 2.6116 
0.999792 0.575231 0.000917083 2.66542 
0.999782 0.575094 0.000353516 2.66531 
0.9998 0.577295 0.000454158 2.66647 
0.999777 0.577218 0.000124511 2.66635 
0.999803 0.576882 0.000246474 2.66627 
0.99975 0.576846 4.2744e-06 2.66608 
0.999794 0.579249 0.000227869 2.66745 
0.999758 0.579184 1.4723e-06 2.6673 
0.99977 0.58076 8.34628e-05 2.66817 
1.01295 0.563825 0.00105117 2.70235 
1.01313 0.56367 0.000985748 2.70288 
1.01302 0.564004 0.00100737 2.70271 
1.01321 0.563862 0.000951492 2.70325 
1.01374 0.56377 0.000764603 2.70498 
1.01391 0.56367 0.000732779 2.70552 
1.01311 0.564182 0.000975136 2.70308 
1.01329 0.564064 0.000938469 2.70364 
1.0132 0.564339 0.000973255 2.70348 
0.896242 0.704393 0.0107897 2.42712 
0.903878 0.693633 0.00928186 2.44105 
0.908289 0.696196 -0.00177884 2.45673 
0.913973 0.684757 -0.000759157 2.46472 
0.922734 0.683817 0.0111078 2.49084 
0.927361 0.674651 0.0109864 2.49796 
0.918345 0.686477 -0.0100491 2.47975 
0.92309 0.676488 -0.00823206 2.4864 
0.927091 0.677643 -0.0159496 2.49994 
1.02444 0.519767 0.0794689 2.72155 
1.02137 0.532511 0.0782245 2.71749 
1.01755 0.532484 0.0831526 2.70495 
1.01533 0.544929 0.0807061 2.70381 
1.01502 0.540183 0.0682104 2.69913 
1.01327 0.5505 0.0662303 2.69861 
1.01115 0.546711 0.0832311 2.69088 
1.00951 0.557211 0.0801482 2.69083 
1.00526 0.560326 0.0806145 2.67834 
1.01055 0.557131 0.00784038 2.69062 
1.01072 0.556725 0.00993925 2.691 
1.01107 0.555583 0.00940778 2.69154 
1.01125 0.555112 0.0120806 2.69191 
1.01053 0.556982 0.0129108 2.69054 
1.01042 0.556688 0.01572 2.69006 
1.01172 0.55379 0.0115673 2.69277 
1.01189 0.553249 0.0149492 2.69309 
1.0125 0.55182 0.0145831 2.69436 
1.01529 0.543926 0.0368017 2.70016 
1.01656 0.544943 0.0334515 2.70486 
1.01536 0.544087 0.0289416 2.70019 
1.01616 0.545555 0.0255758 2.70357 
1.01746 0.538889 0.0246371 2.70443 
1.01789 0.541351 0.0204229 2.70709 
1.01496 0.545264 0.022449 2.69929 
1.01541 0.54693 0.0192908 2.70163 
1.01436 0.546991 0.0173023 2.69809 
0.956728 0.618924 -0.0756923 2.55658 
0.961484 0.612376 -0.0716058 2.5675 
0.965875 0.605212 -0.0816241 2.5782 
0.969461 0.598539 -0.0758921 2.58532 
0.970393 0.607089 -0.0693519 2.59223 
0.973369 0.601738 -0.0648373 2.59836 
0.974336 0.592325 -0.0828793 2.59813 
0.976868 0.58614 -0.0764924 2.60222 
0.981599 0.581117 -0.0807357 2.61521 
1.01241 0.56393 0.00135481 2.70059 
1.01228 0.564199 0.00133859 2.70033 
1.01177 0.564291 0.00165168 2.69865 
1.01165 0.564589 0.00162263 2.6984 
1.01184 0.564486 0.0015398 2.699 
1.01172 0.564802 0.0014952 2.69877 
1.01113 0.564675 0.00199613 2.69673 
1.01101 0.565028 0.00194791 2.6965 
1.01049 0.565104 0.00242522 2.69483 
0.999747 0.580688 -3.90356e-05 2.66805 
0.999744 0.58004 0.000211948 2.66769 
0.999685 0.579969 -1.60092e-05 2.66746 
0.999685 0.579237 0.000221802 2.66707 
0.999668 0.577878 -7.56838e-05 2.66632 
0.999661 0.576941 0.000228801 2.66583 
0.999618 0.579156 -8.6221e-05 2.6668 
0.999634 0.578248 0.000182802 2.66638 
0.99957 0.578143 -0.000242014 2.66611 
0.999976 0.571739 -0.0121959 2.66468 
1.00054 0.568736 -0.01229 2.66526 
1.00107 0.568583 -0.0131189 2.66703 
1.00169 0.564612 -0.0130919 2.66745 
1.00205 0.564805 -0.0104883 2.66877 
1.00242 0.559052 -0.0103605 2.66771 
1.00244 0.564081 -0.0138668 2.66981 
1.003 0.557204 -0.0137291 2.66885 
1.00398 0.555584 -0.0139182 2.67147 
0.998495 0.580647 0.0869477 2.66802 
0.993586 0.5838 0.0865213 2.65353 
0.992542 0.591349 0.0931774 2.65535 
0.986761 0.595502 0.0905419 2.63852 
0.986478 0.601894 0.0872503 2.64112 
0.980915 0.606429 0.0823035 2.62524 
0.985143 0.60459 0.0977138 2.63969 
0.978561 0.609797 0.09225 2.62084 
0.976164 0.620477 0.0997469 2.62085 
1.00145 0.560793 -0.00456535 2.66524 
1.00097 0.56083 -0.00360339 2.66365 
1.00103 0.560457 -0.00351523 2.66378 
1.00064 0.560484 -0.00275353 2.66246 
1.00066 0.565243 -0.00302151 2.66441 
1.00038 0.56522 -0.00234216 2.66346 
1.00065 0.559965 -0.00287584 2.66234 
1.00034 0.559961 -0.00222614 2.66128 
1.00033 0.559238 -0.00260872 2.66099 
0.999726 0.567221 -0.0329771 2.66313 
1.00129 0.56577 -0.0266109 2.66738 
1.00232 0.561493 -0.0282233 2.66877 
1.0027 0.560795 -0.0223382 2.66955 
1.00137 0.565972 -0.0204997 2.66718 
1.0016 0.56555 -0.0167118 2.66766 
1.00361 0.55759 -0.0230975 2.67112 
1.00339 0.557324 -0.018054 2.67016 
1.00409 0.554813 -0.0184013 2.67146 
1.00908 0.564142 0.00541525 2.68956 
1.00923 0.562767 0.00531346 2.68929 
1.00943 0.562978 0.00478876 2.69009 
1.00957 0.561661 0.00460959 2.68982 
1.00961 0.561606 0.00490794 2.6899 
1.00978 0.560242 0.00464503 2.68973 
1.00975 0.561945 0.0040266 2.69056 
1.00987 0.560776 0.00379351 2.69032 
1.01002 0.561102 0.00318736 2.69102 
0.9983 0.580352 -0.00352184 2.66304 
0.998113 0.580915 -0.00472895 2.66274 
0.997597 0.581364 -0.00479799 2.66128 
0.997193 0.582237 -0.00632032 2.66045 
0.997374 0.579523 -0.00701269 2.65956 
0.99681 0.580728 -0.00907861 2.6584 
0.996586 0.583054 -0.00604806 2.6589 
0.995869 0.584254 -0.00774874 2.65723 
0.995238 0.585548 -0.00691642 2.65588 
0.979127 0.608371 0.0668539 2.61921 
0.976498 0.618417 0.0710375 2.6174 
0.975948 0.613759 0.0747508 2.61292 
0.973038 0.624657 0.0795748 2.61103 
0.966542 0.628871 0.0725177 2.59217 
0.962663 0.641284 0.0766966 2.58858 
0.972401 0.619033 0.0838519 2.60571 
0.969026 0.6318 0.0896643 2.60398 
0.968209 0.625271 0.0946372 2.59758 
1.00005 0.57071 -0.00162709 2.66436 
1.00011 0.56945 -0.00169298 2.66417 
1.0002 0.568338 -0.00145903 2.66404 
1.00021 0.566307 -0.00174179 2.66329 
1.00007 0.566266 -0.000759465 2.66282 
1 0.563486 -0.00126505 2.66151 
1.00028 0.564721 -0.00136109 2.66291 
1.00019 0.561495 -0.00196423 2.66139 
1.00021 0.559132 -0.00133291 2.66054 
1.01067 0.563178 0.00218418 2.69434 
1.01041 0.563233 0.00267706 2.69349 
1.01038 0.562624 0.00241694 2.69307 
1.01016 0.562677 0.00298243 2.69233 
1.00995 0.562724 0.00332056 2.69167 
1.00977 0.562792 0.00411012 2.69109 
1.01015 0.561987 0.00269253 2.69193 
1.00999 0.562025 0.00338464 2.69142 
1.01002 0.561177 0.00303474 2.69103 
1.01252 0.564856 0.000880359 2.70151 
1.01197 0.565066 0.000953371 2.69977 
1.01176 0.5653 0.00115472 2.69918 
1.01122 0.565495 0.00130243 2.69748 
1.01102 0.566132 0.00103914 2.69716 
1.01046 0.566348 0.00116406 2.6954 
1.01102 0.565688 0.00152234 2.69693 
1.01048 0.565881 0.00176564 2.69522 
1.01031 0.56608 0.00205601 2.69475 
0.999437 0.582864 -6.018e-06 2.66814 
0.999459 0.582631 -5.51337e-05 2.6681 
0.99945 0.582484 -2.57433e-05 2.668 
0.99948 0.581748 -0.000133702 2.6677 
0.999568 0.581793 7.51321e-05 2.66802 
0.999587 0.580861 -6.04921e-05 2.66759 
0.999487 0.581382 -4.3796e-06 2.66753 
0.999523 0.580344 -0.000134213 2.6671 
0.999541 0.579833 7.11423e-05 2.66688 
0.999637 0.566573 -0.000772342 2.66144 
0.999559 0.56638 -8.83376e-05 2.66106 
0.999474 0.564643 -0.000907739 2.6601 
0.99939 0.564469 -0.000266848 2.65971 
0.999548 0.568116 -0.000613658 2.66167 
0.999531 0.567976 -0.00020474 2.66152 
0.999294 0.562732 -0.00111205 2.65873 
0.999246 0.562547 -0.00050312 2.65846 
0.999159 0.560695 -0.00147862 2.65747 
1.0125 0.563671 0.00125609 2.70077 
1.01247 0.563592 0.0012273 2.7006 
1.01274 0.5635 0.00113333 2.70147 
1.0127 0.563423 0.00109171 2.7013 
1.01228 0.563562 0.00122169 2.69995 
1.01225 0.563412 0.00115458 2.69976 
1.01296 0.563373 0.000974527 2.70216 
1.01292 0.563304 0.000920734 2.70198 
1.01318 0.56328 0.000799453 2.70282 
0.997625 0.578117 0.0486391 2.66061 
0.997095 0.58185 0.0541194 2.66137 
0.99771 0.577465 0.0570528 2.66103 
0.997001 0.58194 0.0637791 2.66178 
0.993923 0.583583 0.0649751 2.6526 
0.992549 0.589806 0.0728936 2.65243 
0.997811 0.576466 0.0673432 2.66151 
0.996958 0.581878 0.0757609 2.66259 
0.997986 0.575079 0.0801019 2.66239 
0.953378 0.643788 -0.0257849 2.55803 
0.954163 0.641868 -0.0325424 2.55953 
0.951629 0.639047 -0.0372162 2.54986 
0.953634 0.636456 -0.0441743 2.55494 
0.959097 0.632138 -0.0435977 2.5695 
0.962043 0.629524 -0.0482273 2.57756 
0.951271 0.634057 -0.0496266 2.54638 
0.954761 0.63079 -0.0561333 2.55587 
0.952654 0.627105 -0.062779 2.54761 
0.950054 0.641791 -0.0231052 2.54597 
0.947725 0.645062 -0.0264573 2.54112 
0.944612 0.64765 -0.0254377 2.53297 
0.941803 0.653363 -0.029308 2.52855 
0.942285 0.649718 -0.0423199 2.52822 
0.939434 0.652911 -0.0473396 2.52217 
0.938095 0.65661 -0.0281427 2.51907 
0.934728 0.662142 -0.0327993 2.51301 
0.930412 0.665695 -0.0313359 2.50196 
0.996499 0.586406 -0.00094338 2.66043 
0.996507 0.58636 -0.00153479 2.66045 
0.996127 0.587172 -0.00236476 2.65966 
0.996155 0.586265 -0.00303403 2.65926 
0.996727 0.585532 -0.00356681 2.66073 
0.996804 0.58359 -0.00418511 2.6599 
0.995739 0.58722 -0.00406426 2.65844 
0.995773 0.585341 -0.00483181 2.6575 
0.995224 0.586483 -0.00601534 2.65635 
1.01325 0.552388 0.0453834 2.69824 
1.01104 0.55266 0.0492459 2.69115 
1.01156 0.55621 0.0548856 2.69521 
1.00836 0.557352 0.0580902 2.68524 
1.0065 0.566145 0.0563326 2.68384 
1.00281 0.568332 0.0571893 2.67278 
1.00858 0.562535 0.0654659 2.68941 
1.00418 0.564916 0.0671415 2.67615 
1.00385 0.572137 0.0764346 2.67996 
0.942714 0.659183 0.0307046 2.5348 
0.940031 0.659759 0.017048 2.5265 
0.937282 0.666329 0.016968 2.52268 
0.935885 0.666269 0.00311451 2.51825 
0.940075 0.658979 0.000214401 2.52604 
0.940175 0.658295 -0.0118808 2.5261 
0.932869 0.669951 0.00128482 2.51159 
0.932943 0.669227 -0.0124165 2.51156 
0.929767 0.670063 -0.0159042 2.50244 
1.01413 0.561842 -7.20501e-05 2.70524 
1.0142 0.56189 5.8019e-05 2.7055 
1.01404 0.562118 0.000189674 2.70507 
1.01413 0.562192 0.000309195 2.70542 
1.01457 0.562156 0.000200222 2.70688 
1.01466 0.562267 0.000339304 2.70726 
1.01395 0.562529 0.000435204 2.70502 
1.01405 0.562605 0.000557469 2.7054 
1.01387 0.563005 0.000667028 2.70499 
1.01558 0.562197 0.000137849 2.71029 
1.0154 0.562328 0.000165521 2.70976 
1.0151 0.562415 0.000350519 2.70882 
1.01487 0.562601 0.000373318 2.70815 
1.01497 0.562662 0.000353605 2.7085 
1.01474 0.562847 0.000371223 2.70784 
1.01454 0.562709 0.000569947 2.7071 
1.01429 0.562929 0.000572771 2.70639 
1.01393 0.563052 0.000731175 2.70524 
0.996365 0.540798 -1.39218e-05 2.64437 
0.996481 0.540916 -6.59506e-05 2.64431 
0.996919 0.544447 -8.92299e-05 2.64611 
0.997119 0.544589 -0.00036088 2.64644 
0.997193 0.544267 -0.00022892 2.6464 
0.997426 0.544348 -0.000484732 2.64691 
0.997654 0.549792 -0.000418009 2.64933 
0.997917 0.549901 -0.000725666 2.65002 
0.998434 0.554987 -0.000744533 2.65318 
0.999485 0.57062 -0.000680473 2.66232 
0.9994 0.567434 -0.00020794 2.66077 
0.999334 0.567529 -0.00139634 2.66059 
0.999186 0.563323 -0.000550047 2.65852 
0.998969 0.559779 -0.00193672 2.65673 
0.998683 0.554747 -0.00073751 2.65419 
0.999209 0.563377 -0.00195341 2.65862 
0.99896 0.558532 -0.00075994 2.65609 
0.999065 0.55854 -0.00216267 2.65642 
