1.0017 0.586974 0.0179642 2.67812 
0.980793 0.623362 -0.0115864 2.63169 
1.01501 0.52333 -0.0837579 2.70325 
0.9887 0.611748 0.000549454 2.64987 
0.999729 0.58822 -0.000106197 2.67309 
1.00244 0.587133 0.000521698 2.68049 
0.999955 0.586755 -0.00472492 2.67338 
1.00324 0.584587 0.0153477 2.68181 
0.981949 0.616943 -0.0218767 2.63178 
0.988544 0.611972 -9.54805e-05 2.6495 
0.989944 0.610885 0.000889126 2.65343 
0.996862 0.590079 -0.0182877 2.66514 
0.992873 0.604636 0.0160633 2.65941 
0.99428 0.594262 -0.0469572 2.66216 
0.991989 0.606911 0.0189761 2.65796 
1.00934 0.521444 -0.0895603 2.68346 
0.999934 0.592578 -1.57611e-05 2.6755 
1.00195 0.588266 5.27348e-05 2.67952 
1.00569 0.580677 0.000526385 2.6876 
1.00473 0.554854 -0.00280678 2.68118 
0.881412 0.683569 -0.0989319 2.37376 
0.970027 0.642926 0.0253358 2.60989 
0.881071 0.715929 0.0947894 2.39455 
0.998761 0.569461 -0.000806981 2.66784 
1.00296 0.586157 0.000129105 2.68164 
0.972906 0.622913 0.158674 2.62073 
0.993248 0.601852 -0.00079306 2.65886 
0.996738 0.594604 0.0446263 2.66714 
0.999237 0.593669 -0.000203693 2.67382 
0.999003 0.594015 -0.000162759 2.67325 
0.979858 0.620775 -0.0148948 2.6271 
0.99902 0.595086 0.000652017 2.67382 
0.964375 0.649281 -0.0423333 2.59759 
0.998953 0.588176 -0.0124279 2.67053 
1.00086 0.590098 0.00425034 2.67699 
1.00289 0.586652 0.00555988 2.68172 
1.02389 0.547673 0.0225369 2.73091 
1.0271 0.54827 0.0958789 2.74713 
0.963321 0.573862 -0.1433 2.5659 
0.972537 0.632821 0.0250152 2.61113 
1.00936 0.574871 0.0369287 2.69733 
0.886489 0.700983 -0.0845446 2.40043 
0.94369 0.672855 -0.010097 2.54719 
1.00634 0.579529 0.00686546 2.68912 
0.999536 0.579347 -0.0396951 2.67149 
1.01464 0.53398 -0.0173757 2.70449 
0.999483 0.564192 -0.000481938 2.66837 
1.00463 0.55274 -0.00465091 2.6797 
0.998387 0.592969 -0.00358752 2.67076 
1.00377 0.584607 0.000200282 2.68343 
0.96482 0.64767 0.0236506 2.59629 
0.98394 0.610465 -0.0182057 2.63398 
1.00267 0.586403 0.00453916 2.68085 
0.902166 0.711296 0.103517 2.45558 
1.01099 0.570501 0.00233729 2.69954 
0.852437 0.729015 -0.0044544 2.31716 
0.999947 0.586894 -0.00336005 2.6732 
1.0029 0.586485 0.00161632 2.68164 
0.993067 0.59445 0.0955845 2.65905 
0.998576 0.56893 -0.00137868 2.66691 
1.00305 0.586061 0.00135835 2.68189 
0.999865 0.589487 -0.000424664 2.67388 
1.00229 0.587515 1.64501e-05 2.6802 
1.00548 0.581343 0.000884271 2.68726 
1.00147 0.58055 -0.00569098 2.67803 
0.999735 0.587368 -0.00104958 2.67367 
1.00245 0.587185 0.000707065 2.68055 
0.997568 0.571915 -7.30339e-05 2.66494 
1.00266 0.586808 2.4022e-05 2.68102 
0.999356 0.585527 -0.0008785 2.67291 
1.0029 0.586285 0.000173622 2.68152 
0.944886 0.649852 -0.0911874 2.54216 
0.999773 0.5883 -0.000608002 2.67317 
1.00242 0.587331 0.000102459 2.68053 
0.923462 0.695314 0.0344778 2.50127 
1.01161 0.567107 0.0485005 2.70104 
1.00396 0.584478 0.0162817 2.68416 
1.02079 0.54861 0.0201707 2.72088 
0.966891 0.642483 -0.0536492 2.60205 
1.00226 0.587575 0.000440196 2.68016 
0.999752 0.588272 -0.000767585 2.67308 
1.00188 0.583751 -0.00791887 2.68008 
0.975176 0.630475 0.0754653 2.621 
1.00015 0.586892 -0.00430927 2.67418 
0.998992 0.588673 -0.0171707 2.67147 
1.00535 0.581928 0.00564122 2.68718 
0.997588 0.588539 -0.0135666 2.6662 
0.936883 0.680845 0.0495822 2.53271 
0.999744 0.586972 -0.00115133 2.67413 
1.00312 0.586064 0.00414056 2.68213 
1.00181 0.588491 0.00016669 2.67919 
0.999773 0.591767 -0.000533322 2.67458 
0.999771 0.588034 -0.00070744 2.67323 
1.00283 0.586574 0.00114743 2.68144 
0.976962 0.624039 0.0715127 2.62228 
0.964165 0.647786 -0.0452599 2.59625 
0.938978 0.664644 -0.0772723 2.53168 
0.99755 0.595375 -0.00462645 2.66936 
0.995818 0.599312 0.0495133 2.6672 
0.936102 0.672367 -0.0181782 2.52306 
1.00256 0.587021 1.13758e-05 2.68081 
1.00245 0.58722 6.25718e-05 2.68058 
0.997247 0.573204 -5.3711e-05 2.66435 
0.997941 0.577828 -0.00147954 2.66749 
0.996298 0.597439 0.0196669 2.66644 
0.998804 0.596165 0.0187861 2.67397 
1.00076 0.589564 0.00979363 2.67639 
0.983752 0.620547 0.00862295 2.63934 
0.980728 0.621909 0.00533285 2.63034 
0.974397 0.636587 -0.00119591 2.61953 
1.01815 0.524221 -0.0447985 2.71215 
1.01298 0.521158 -0.0514665 2.69319 
1.00255 0.56762 -0.0570493 2.67728 
0.98806 0.612873 0.00648192 2.64853 
0.98759 0.614267 0.00378644 2.64785 
0.985516 0.614791 -0.00253661 2.6414 
0.999751 0.588077 -0.000451221 2.67313 
0.999772 0.588117 -0.000375914 2.67323 
0.999568 0.587042 -0.000371874 2.67299 
1.00243 0.587192 0.000215989 2.68048 
1.00245 0.5872 0.000296029 2.68055 
1.00253 0.586979 0.000382441 2.6807 
0.999718 0.586599 -0.0091977 2.67252 
1.00027 0.587076 -0.00776136 2.67468 
1.00076 0.585751 -0.00620275 2.67654 
1.00332 0.585108 0.00793932 2.68228 
1.00373 0.585503 0.009139 2.68389 
1.00505 0.581155 0.0103629 2.68577 
0.976766 0.622367 -0.0360481 2.61934 
0.9789 0.618884 -0.0337234 2.62406 
0.987717 0.606169 -0.0420543 2.64576 
0.986644 0.614689 -0.00513919 2.64505 
0.987322 0.61253 -0.00427497 2.64591 
0.989667 0.610161 -0.00549158 2.65216 
0.994927 0.60331 0.0013916 2.66523 
0.992901 0.605433 0.00257467 2.65983 
0.990401 0.610708 0.00638321 2.65489 
0.988464 0.604783 -0.023482 2.64591 
0.991221 0.599507 -0.0260288 2.65204 
0.995664 0.591287 -0.0289712 2.66297 
0.996431 0.599068 0.00576217 2.66765 
0.996451 0.598721 0.00691537 2.66752 
0.99876 0.594663 0.00969747 2.67276 
0.97882 0.623815 -0.0567876 2.62923 
0.982418 0.613593 -0.0607755 2.63509 
0.987478 0.594858 -0.0665248 2.64196 
0.999487 0.593915 0.0221223 2.67497 
0.997091 0.595264 0.023675 2.66786 
0.993475 0.606099 0.0310908 2.66274 
0.999991 0.568936 -0.0588857 2.66946 
1.0017 0.566406 -0.0660224 2.67496 
0.994213 0.566842 -0.0891914 2.65277 
0.999685 0.592989 -3.87136e-05 2.67491 
0.999781 0.592851 -8.93577e-05 2.67515 
0.999847 0.59211 -0.000191636 2.67498 
1.00223 0.587641 1.40806e-05 2.6801 
1.00219 0.587739 9.23587e-05 2.68 
1.00215 0.587729 0.000286128 2.67988 
1.0075 0.576848 0.00104929 2.69143 
1.00714 0.577984 0.00166558 2.69087 
1.00629 0.580086 0.00345389 2.68926 
1.00142 0.560866 -0.00130437 2.67315 
1.00151 0.55967 -0.0022123 2.67276 
1.00267 0.572486 -0.00586219 2.67925 
0.923231 0.629676 -0.14027 2.47114 
0.921114 0.648379 -0.130421 2.47527 
0.924467 0.66467 -0.0997745 2.48989 
0.984218 0.620468 0.0446865 2.64199 
0.979729 0.623992 0.0449072 2.62957 
0.972419 0.641441 0.0482588 2.6177 
0.864072 0.727886 0.0520851 2.35102 
0.880314 0.727996 0.0598802 2.39977 
0.910897 0.69913 0.0568401 2.46685 
0.997977 0.571124 -0.000380073 2.66595 
0.997943 0.570848 -0.000622007 2.66568 
0.999162 0.581846 -0.00133322 2.67174 
1.00325 0.585545 0.00020554 2.68226 
1.00321 0.585725 0.00030189 2.68222 
1.00306 0.5861 0.000705004 2.68194 
0.930255 0.673935 0.140406 2.51781 
0.944078 0.665989 0.14425 2.55618 
0.959322 0.639151 0.128294 2.58259 
0.98931 0.609526 -0.000502308 2.65052 
0.990604 0.608122 -0.00168977 2.65392 
0.992192 0.60393 -0.0046117 2.65669 
1.00236 0.585251 0.027478 2.67955 
1.00247 0.588012 0.0334469 2.68176 
1.00433 0.579686 0.0448506 2.68365 
0.998679 0.593962 -0.00172403 2.67221 
0.998997 0.593728 -0.00111237 2.67313 
0.999377 0.59257 -0.00113958 2.67373 
0.997159 0.596741 -0.000373446 2.66875 
0.997765 0.595843 -0.000676637 2.67022 
0.998294 0.594745 -0.00155272 2.67139 
0.969217 0.637088 -0.00666861 2.60313 
0.971293 0.636268 -0.0132463 2.60944 
0.972836 0.628174 -0.0264377 2.60974 
1.00114 0.590243 0.000275019 2.67799 
1.00052 0.591001 0.000990883 2.67638 
0.999936 0.59224 0.00319624 2.67517 
0.961354 0.657584 -0.0096355 2.59206 
0.958211 0.65448 -0.0183437 2.5802 
0.952882 0.668742 -0.0331712 2.57404 
0.999845 0.587058 -0.00655964 2.6728 
0.999372 0.586909 -0.00729782 2.67112 
0.998308 0.591772 -0.00683968 2.66991 
1.0014 0.589047 0.00120892 2.67816 
1.0014 0.589364 0.0016268 2.67834 
1.00175 0.58854 0.00253233 2.67902 
1.0028 0.587144 0.0106548 2.68176 
1.00249 0.586546 0.0085278 2.68037 
1.00162 0.589167 0.00618349 2.67897 
1.02914 0.541201 0.0512531 2.74657 
1.02503 0.538876 0.0439888 2.73099 
1.0174 0.560226 0.0397662 2.7163 
1.01096 0.578448 0.135743 2.71484 
1.01 0.566855 0.121004 2.70268 
1.00723 0.575915 0.100547 2.69582 
0.995832 0.530968 -0.116446 2.64689 
0.988114 0.538049 -0.118365 2.62501 
0.978498 0.588568 -0.11151 2.61611 
0.98565 0.614249 0.0236767 2.64177 
0.984031 0.620176 0.0272551 2.64038 
0.983706 0.618176 0.0420404 2.63866 
1.00503 0.582661 0.0230267 2.68683 
1.00638 0.578869 0.0241935 2.6892 
1.00996 0.573716 0.0228651 2.69821 
0.9236 0.678071 -0.0841115 2.49477 
0.911528 0.684487 -0.0809818 2.46188 
0.901325 0.7051 -0.0520303 2.44377 
0.957204 0.6571 0.0121948 2.57833 
0.952319 0.665353 0.0109968 2.56868 
0.936174 0.678433 0.0173966 2.52751 
1.0087 0.57488 0.00504213 2.69437 
1.00836 0.576069 0.00572137 2.69388 
1.00833 0.575156 0.0107281 2.69331 
1.00825 0.542952 -0.0320224 2.68473 
1.00716 0.559184 -0.0343805 2.68775 
1.00409 0.570089 -0.025572 2.68174 
1.00864 0.545508 -0.00586649 2.68994 
1.00819 0.542384 -0.00894497 2.68674 
1.00768 0.557942 -0.0161808 2.68914 
0.998488 0.566429 -0.00032348 2.66608 
0.99857 0.565985 -0.000649332 2.6661 
0.999771 0.574977 -0.00185275 2.67165 
1.00276 0.571572 -0.00773693 2.67894 
1.00383 0.569327 -0.00707955 2.68163 
1.00529 0.563491 -0.0126029 2.68371 
0.999338 0.588104 -0.00389515 2.67138 
0.999233 0.589886 -0.00385852 2.67191 
0.999314 0.59084 -0.0020498 2.67263 
1.00453 0.583071 0.000288144 2.68509 
1.00439 0.583522 0.000543225 2.6849 
1.00413 0.58422 0.00125185 2.68443 
0.965044 0.648759 0.0483422 2.59879 
0.961059 0.651681 0.0408427 2.58766 
0.950069 0.666767 0.035148 2.56301 
0.992956 0.596085 -0.02052 2.65529 
0.99128 0.600161 -0.0186963 2.65203 
0.990023 0.60473 -0.0136899 2.65024 
1.0017 0.588613 0.00492776 2.6789 
1.00203 0.588219 0.00482121 2.67979 
1.00225 0.587401 0.00267857 2.68003 
0.921345 0.696226 0.0633705 2.49731 
0.917616 0.689458 0.0749554 2.48153 
0.940039 0.671893 0.107043 2.54174 
1.01642 0.560134 0.00767549 2.71211 
1.01465 0.562297 0.00793933 2.70735 
1.01175 0.570254 0.0105183 2.70202 
0.861231 0.716309 -0.0522898 2.3346 
0.870465 0.723567 -0.0428706 2.36724 
0.889331 0.712473 -0.0259474 2.41189 
0.999972 0.587231 -0.00172483 2.674 
0.999921 0.587081 -0.00202639 2.67345 
0.999677 0.588293 -0.00219854 2.67262 
1.00293 0.586435 0.00307569 2.68172 
1.00283 0.586457 0.0024344 2.68138 
1.00248 0.587176 0.00194163 2.68065 
0.985109 0.602815 0.12936 2.64271 
0.985576 0.606371 0.123485 2.64543 
0.976435 0.621691 0.108595 2.6233 
0.999198 0.581828 -0.00156609 2.67176 
0.99937 0.580366 -0.0010483 2.67206 
0.999526 0.57778 -0.00260037 2.67172 
1.00348 0.585268 0.000814946 2.68287 
1.00344 0.58535 0.000968339 2.68278 
1.00354 0.585108 0.00181147 2.68297 
0.999918 0.591623 -0.000288049 2.67496 
0.999916 0.591205 -0.000204659 2.67475 
0.999877 0.590776 -0.000529838 2.67442 
1.00234 0.587417 5.59458e-05 2.68033 
1.00232 0.587458 5.45059e-05 2.68027 
1.00227 0.587523 0.000147501 2.68015 
1.00579 0.580673 0.00372622 2.68793 
1.00559 0.581481 0.0026148 2.6877 
1.00471 0.582937 0.00219605 2.68561 
1.00033 0.567251 -0.00241467 2.67082 
1.00091 0.574271 -0.00340653 2.67469 
1.00044 0.580882 -0.00351916 2.67519 
0.999726 0.587703 -0.000816741 2.67306 
0.99976 0.587685 -0.000939503 2.67316 
0.999762 0.587929 -0.0013059 2.67284 
1.00264 0.586829 0.00108276 2.68098 
1.00256 0.587038 0.00110883 2.68083 
1.00235 0.587354 0.00119297 2.68033 
0.997528 0.572613 -0.000133759 2.66503 
0.997499 0.57244 -0.000243768 2.66483 
0.998404 0.579772 -0.000486254 2.66914 
1.00277 0.586597 3.66406e-05 2.68127 
1.00273 0.586652 7.34818e-05 2.68116 
1.00266 0.586883 0.000152367 2.68106 
0.998208 0.576378 -0.000389819 2.66762 
0.998741 0.580919 -0.000982235 2.67033 
0.998925 0.584127 -0.000653135 2.67144 
1.00293 0.586225 0.00074794 2.68158 
1.0029 0.586434 0.000522475 2.68161 
1.00272 0.586683 0.000324466 2.68114 
0.951179 0.617246 -0.123877 2.54801 
0.952603 0.625769 -0.116696 2.55531 
0.968689 0.614355 -0.0959426 2.5963 
0.999769 0.588539 -0.000268432 2.67322 
0.999756 0.588505 -0.000441118 2.67315 
0.999805 0.590145 -0.000564286 2.67389 
1.00242 0.587309 0.000342816 2.68052 
1.0024 0.587302 0.000309268 2.68046 
1.00235 0.587472 0.000269653 2.68039 
0.893743 0.720056 0.021839 2.43107 
0.89961 0.710117 0.0202108 2.44009 
0.912297 0.705761 0.000628051 2.47495 
1.01785 0.550779 0.0686455 2.71446 
1.01552 0.562751 0.0672351 2.71304 
1.00653 0.574663 0.0717952 2.68985 
1.00595 0.580283 0.0106421 2.68828 
1.00602 0.579943 0.0130473 2.68836 
1.00717 0.578009 0.0161633 2.69114 
1.01565 0.559262 0.0341208 2.70963 
1.01669 0.561473 0.0294467 2.71421 
1.01368 0.564133 0.0188272 2.70524 
0.956075 0.644159 -0.0714718 2.57039 
0.96038 0.638757 -0.068402 2.58044 
0.972887 0.621427 -0.0786415 2.61071 
1.00234 0.587421 0.000625753 2.68033 
1.00232 0.587527 0.00060407 2.68031 
1.0022 0.587653 0.000985794 2.68 
0.999773 0.590122 -0.000758542 2.67377 
0.999789 0.58968 -0.000667165 2.67362 
0.999719 0.589137 -0.00115371 2.67314 
1.0007 0.586772 -0.0132178 2.67643 
1.00131 0.585291 -0.0126811 2.67818 
1.00324 0.581103 -0.0127795 2.68359 
0.986736 0.614739 0.0886116 2.64991 
0.980834 0.618737 0.0860884 2.63286 
0.97017 0.640483 0.0931502 2.61332 
1.00092 0.585989 -0.00560289 2.67734 
1.00056 0.586045 -0.00494363 2.67616 
1.00044 0.586343 -0.00365613 2.67618 
0.999355 0.588365 -0.0275409 2.67363 
1.00019 0.587554 -0.0235287 2.67583 
1.00211 0.58417 -0.0199593 2.6806 
1.00381 0.585026 0.00509603 2.68384 
1.00412 0.583729 0.00496382 2.68412 
1.00451 0.583349 0.00343201 2.6852 
0.997618 0.592283 -0.00709108 2.66791 
0.997259 0.593361 -0.00905464 2.66738 
0.994392 0.597309 -0.0110983 2.66023 
0.960357 0.648302 0.0685385 2.58464 
0.956539 0.659587 0.0721759 2.58066 
0.949028 0.663428 0.0861725 2.56108 
1.00004 0.587039 -0.00250873 2.67423 
1.00006 0.587116 -0.00222735 2.67473 
1.00003 0.585609 -0.00188821 2.67503 
1.00308 0.585989 0.00220343 2.68196 
1.00323 0.585975 0.00280249 2.68243 
1.00365 0.584678 0.00317498 2.68308 
1.00212 0.58784 0.000388482 2.67984 
1.00203 0.587883 0.000455769 2.67958 
1.00194 0.588235 0.000974977 2.67946 
0.99959 0.593146 -0.000368426 2.67471 
0.999599 0.592571 -0.000556451 2.67443 
0.999663 0.591492 -0.000853611 2.67409 
0.999687 0.587478 -0.000825271 2.67333 
0.999633 0.587483 -0.000725513 2.67316 
0.999467 0.587078 -0.000736472 2.67287 
1.00256 0.587023 0.000835956 2.68082 
1.0026 0.586828 0.000812039 2.68085 
1.00267 0.586831 0.000542475 2.68108 
0.988485 0.606689 0.0584178 2.64803 
0.987238 0.61215 0.0651566 2.64783 
0.987 0.607803 0.081823 2.64575 
0.948848 0.665574 -0.0396466 2.55935 
0.95191 0.662934 -0.0451654 2.56757 
0.952104 0.651037 -0.0611072 2.56143 
0.936222 0.669245 -0.0440539 2.52264 
0.933696 0.672881 -0.0485792 2.51803 
0.921738 0.685779 -0.0530847 2.49108 
0.99591 0.599424 -0.00287475 2.66623 
0.995967 0.598598 -0.00359785 2.66597 
0.995074 0.599139 -0.00700651 2.66341 
1.00566 0.582809 0.0507297 2.6902 
1.0024 0.584161 0.053057 2.68023 
0.997806 0.597233 0.0680831 2.6738 
0.927829 0.683322 0.0112683 2.505 
0.926775 0.683305 -0.00163258 2.50178 
0.921895 0.689145 -0.0187209 2.49172 
1.00258 0.586934 2.98802e-05 2.68084 
1.00259 0.586971 4.21141e-05 2.68088 
1.00259 0.586977 0.00010882 2.6809 
1.00253 0.587073 3.45757e-05 2.68076 
1.00252 0.587087 4.97952e-05 2.68073 
1.00253 0.587091 0.000180838 2.68075 
0.997094 0.573919 -7.78429e-05 2.6641 
0.997156 0.573844 -0.000192243 2.66426 
0.998108 0.579879 -0.000469512 2.66832 
0.999196 0.586024 -0.000694542 2.67178 
0.998959 0.584619 -0.000467247 2.67122 
0.998679 0.582674 -0.00131426 2.67042 
0.999243 0.591624 0.0198164 2.67273 
1.00117 0.591599 0.0171698 2.67908 
1.00112 0.588482 0.0133229 2.67699 
0.980827 0.625246 -0.00117296 2.63282 
0.978591 0.622742 -0.00757852 2.62405 
0.977483 0.630258 -0.0084179 2.62538 
1.01764 0.521969 -0.0621262 2.71012 
1.01073 0.520401 -0.0689228 2.68615 
1.00654 0.548327 -0.0682724 2.68334 
0.988453 0.612101 0.00257089 2.6493 
0.988253 0.612797 0.00117268 2.64907 
0.987543 0.612926 0.000162837 2.64683 
0.999742 0.588141 -0.000280391 2.67311 
0.999762 0.588187 -0.000199445 2.67322 
0.999679 0.58776 -0.000222065 2.67306 
1.00243 0.58717 0.000347983 2.68048 
1.00246 0.587177 0.00044983 2.68058 
1.00249 0.587043 0.000458552 2.6806 
0.999937 0.586565 -0.00657479 2.67321 
1.00025 0.587022 -0.00549063 2.67455 
1.00029 0.586461 -0.00543975 2.67479 
1.00339 0.5847 0.0110404 2.68229 
1.00386 0.58548 0.0129109 2.68437 
1.00434 0.582469 0.012982 2.68419 
0.979546 0.619432 -0.0281493 2.62592 
0.981318 0.6167 -0.0264344 2.62997 
0.983723 0.612603 -0.0329747 2.63563 
0.987869 0.613091 -0.00152529 2.648 
0.988334 0.611952 -0.00123957 2.64882 
0.988745 0.611914 -0.00219047 2.65015 
0.992291 0.607749 0.00135958 2.65924 
0.990316 0.60939 0.00169263 2.65373 
0.990011 0.610731 0.00268905 2.65358 
0.993224 0.595929 -0.0220405 2.65645 
0.99593 0.592753 -0.0220312 2.66368 
0.996392 0.590089 -0.0228309 2.66406 
0.995016 0.601541 0.0102886 2.66451 
0.994963 0.601023 0.0118316 2.66405 
0.99644 0.598749 0.0133087 2.66758 
0.987225 0.607807 -0.0542165 2.64703 
0.991129 0.599841 -0.0554188 2.6554 
0.991657 0.593834 -0.0561017 2.65409 
0.995712 0.600733 0.0217996 2.66655 
0.992793 0.602397 0.0212478 2.65789 
0.992491 0.606659 0.0243677 2.6596 
1.00334 0.549254 -0.0721423 2.67316 
1.00646 0.545095 -0.0819592 2.68348 
1.00168 0.544939 -0.091466 2.66799 
0.999836 0.592732 -2.87713e-05 2.67526 
0.999904 0.592643 -4.88611e-05 2.67544 
0.999902 0.592445 -7.06419e-05 2.67533 
1.00214 0.58786 2.86475e-05 2.6799 
1.00205 0.588043 0.000169426 2.67971 
1.00205 0.587974 0.000204693 2.67969 
1.00647 0.579032 0.00072511 2.68924 
1.00621 0.579897 0.00120617 2.68885 
1.00616 0.580204 0.00169131 2.68888 
1.00284 0.55828 -0.00187948 2.67658 
1.00291 0.55666 -0.00314735 2.67593 
1.00324 0.562597 -0.00443012 2.67801 
0.901174 0.657843 -0.124358 2.41898 
0.903058 0.676965 -0.111325 2.43637 
0.908245 0.674518 -0.104142 2.44829 
0.976792 0.633204 0.0377995 2.62575 
0.971547 0.634619 0.0335818 2.60947 
0.970443 0.643747 0.0360023 2.61224 
0.871833 0.723139 0.0739978 2.37125 
0.887172 0.721852 0.0810568 2.41664 
0.898278 0.707423 0.0727406 2.43671 
0.998272 0.57042 -0.000527425 2.66664 
0.998228 0.570035 -0.000862468 2.66627 
0.998806 0.575699 -0.00120674 2.66924 
1.00309 0.585887 0.000162428 2.68191 
1.00305 0.586029 0.000238558 2.68188 
1.00305 0.586081 0.000354121 2.68189 
0.95317 0.648098 0.154375 2.57365 
0.963081 0.638916 0.151981 2.59873 
0.964258 0.630661 0.144645 2.59541 
0.990982 0.605966 -0.000733496 2.65386 
0.992831 0.604209 -0.00183445 2.6589 
0.992896 0.603223 -0.00248464 2.65854 
1.00043 0.588312 0.0355482 2.67521 
0.999784 0.592982 0.0435831 2.67624 
1.00052 0.587067 0.0456953 2.67529 
0.998965 0.594039 -0.000780458 2.67317 
0.999229 0.593859 -0.000461158 2.67394 
0.999279 0.593446 -0.000709387 2.67386 
0.998269 0.595079 -0.000258278 2.67144 
0.998683 0.594499 -0.000426632 2.67247 
0.998708 0.594593 -0.000629319 2.67263 
0.97462 0.628647 -0.0130365 2.61514 
0.97755 0.627233 -0.0163451 2.62384 
0.976895 0.624106 -0.0198966 2.61986 
1.00031 0.592176 0.000434576 2.67638 
0.999338 0.593336 0.00147886 2.67383 
0.99932 0.593722 0.00194349 2.67401 
0.961078 0.65672 -0.0267549 2.59118 
0.95968 0.649474 -0.036777 2.58237 
0.958656 0.659147 -0.0392429 2.58593 
0.999573 0.587372 -0.0090706 2.6721 
0.998873 0.587364 -0.00990246 2.66975 
0.998502 0.589711 -0.00925455 2.66956 
1.00112 0.589572 0.00245212 2.67753 
1.00119 0.589842 0.00302451 2.67792 
1.00139 0.589183 0.00333966 2.67819 
1.0029 0.586767 0.00771013 2.68185 
1.00261 0.58641 0.00624718 2.68065 
1.00227 0.587842 0.00602551 2.68037 
1.02695 0.54323 0.0348986 2.73938 
1.02331 0.542928 0.0305244 2.7267 
1.02084 0.55299 0.0324422 2.72372 
1.02104 0.560292 0.116782 2.73568 
1.01876 0.550734 0.102977 2.72092 
1.01573 0.561211 0.10226 2.71631 
0.981662 0.549166 -0.132611 2.61116 
0.973476 0.561238 -0.131372 2.59056 
0.973601 0.581588 -0.128558 2.60009 
0.980376 0.622081 0.0261298 2.62958 
0.977621 0.631168 0.0300945 2.62673 
0.977637 0.626436 0.0358734 2.62388 
1.00685 0.579375 0.0287715 2.69118 
1.0087 0.574189 0.0303197 2.69448 
1.00996 0.573776 0.0292656 2.69842 
0.907714 0.689735 -0.085798 2.45542 
0.892357 0.696714 -0.0802785 2.41348 
0.89406 0.705464 -0.0674407 2.42409 
0.950442 0.665661 0.00301242 2.56295 
0.944709 0.673071 -0.000780796 2.55037 
0.939367 0.676563 0.00251354 2.53611 
1.00745 0.577354 0.00625088 2.6916 
1.00711 0.578599 0.00671664 2.69115 
1.00726 0.577568 0.00849917 2.69108 
1.0043 0.561114 -0.0377849 2.67881 
1.00299 0.575721 -0.0384063 2.68124 
1.00262 0.573517 -0.0324021 2.67856 
1.01157 0.540054 -0.0101836 2.6971 
1.01052 0.536177 -0.0145238 2.69146 
1.0099 0.545208 -0.0159784 2.69197 
0.998926 0.565411 -0.000390235 2.66708 
0.999033 0.56487 -0.000779365 2.66713 
0.999486 0.568373 -0.00111603 2.66898 
1.0035 0.561167 -0.00692377 2.67797 
1.00474 0.558133 -0.00550799 2.68096 
1.00505 0.556298 -0.00870967 2.68102 
0.998896 0.590509 -0.00385768 2.67111 
0.998768 0.592166 -0.00372584 2.67157 
0.998948 0.591759 -0.00273268 2.67193 
1.00411 0.583919 0.000232979 2.6842 
1.00401 0.584282 0.000439064 2.68404 
1.004 0.584395 0.00061558 2.6841 
0.96388 0.650001 0.0349787 2.59528 
0.961617 0.65205 0.0275996 2.58921 
0.958444 0.657148 0.028451 2.58261 
0.988414 0.602965 -0.0213556 2.64431 
0.987231 0.608191 -0.0176733 2.6434 
0.987468 0.606991 -0.0162271 2.64331 
1.00221 0.587446 0.00487277 2.67992 
1.00249 0.587321 0.00457898 2.68076 
1.00241 0.587022 0.00350632 2.68033 
0.912249 0.703598 0.0810399 2.47714 
0.908716 0.694767 0.0945523 2.46074 
0.923659 0.690385 0.107923 2.50505 
1.01339 0.56583 0.00418475 2.70501 
1.01214 0.567859 0.00488618 2.70196 
1.01178 0.569938 0.00595856 2.7019 
0.855132 0.724175 -0.0289894 2.32176 
0.865949 0.730011 -0.0191239 2.35809 
0.873975 0.721853 -0.0187718 2.37407 
1.00001 0.587049 -0.0024404 2.67373 
0.99988 0.586904 -0.00277809 2.67298 
0.999767 0.587371 -0.00269563 2.6726 
1.00293 0.586428 0.0022538 2.68172 
1.00283 0.586462 0.00178506 2.68138 
1.0027 0.586819 0.00183388 2.68116 
0.989843 0.597629 0.110809 2.65228 
0.989883 0.601365 0.10619 2.65401 
0.985682 0.606673 0.102987 2.64315 
0.998811 0.575527 -0.00177659 2.66906 
0.998968 0.573301 -0.000884943 2.66911 
0.998972 0.57277 -0.00217172 2.66882 
1.00327 0.585669 0.00115045 2.68239 
1.00321 0.585802 0.00126358 2.68228 
1.00326 0.585643 0.00157652 2.68236 
0.999893 0.590677 -0.00040074 2.67444 
0.9999 0.590085 -0.000277065 2.6742 
0.999895 0.590093 -0.000524431 2.67418 
1.00231 0.58748 3.87535e-05 2.68025 
1.00229 0.587512 3.18398e-05 2.68021 
1.00228 0.587518 6.50441e-05 2.68018 
1.00571 0.580863 0.00218855 2.68777 
1.00545 0.581622 0.00125692 2.68732 
1.0051 0.582123 0.00164848 2.68646 
1.0011 0.57423 -0.00403533 2.67498 
1.00143 0.580645 -0.00489525 2.67815 
1.00092 0.580801 -0.00440429 2.67653 
0.99971 0.587493 -0.000907538 2.67323 
0.999761 0.587465 -0.00102172 2.67338 
0.999784 0.587413 -0.00118751 2.67309 
1.00253 0.587042 0.000888676 2.68072 
1.00246 0.587189 0.000890542 2.6806 
1.00241 0.58725 0.000922926 2.68047 
0.997572 0.572233 -0.000108636 2.66505 
0.997543 0.572094 -0.000202563 2.66487 
0.997964 0.575533 -0.000280521 2.66688 
1.00271 0.586719 2.72433e-05 2.68113 
1.00268 0.58676 5.4593e-05 2.68105 
1.00267 0.586839 7.61746e-05 2.68107 
0.998908 0.581855 -0.000641054 2.67092 
0.999258 0.584946 -0.00101743 2.67262 
0.999135 0.584906 -0.000691586 2.67219 
1.00293 0.586214 0.000434706 2.68158 
1.00289 0.586413 0.000243637 2.68156 
1.0028 0.586483 0.000275918 2.68132 
0.94698 0.636975 -0.107766 2.54337 
0.948723 0.63924 -0.101052 2.54849 
0.957444 0.631048 -0.0961271 2.57051 
0.999773 0.588416 -0.000440182 2.6732 
0.999759 0.588383 -0.00060858 2.67313 
0.999802 0.589046 -0.000593411 2.67343 
1.00242 0.587319 0.0002103 2.68052 
1.0024 0.587317 0.000184798 2.68047 
1.00239 0.587396 0.000187551 2.68047 
0.909941 0.706777 0.029985 2.46891 
0.914891 0.699053 0.0275872 2.4776 
0.917011 0.701815 0.0188373 2.48618 
1.01438 0.559787 0.0572884 2.70682 
1.01252 0.569451 0.0561596 2.70585 
1.00988 0.569448 0.0594603 2.6972 
1.00519 0.58195 0.0136173 2.68675 
1.00494 0.581798 0.0160329 2.68589 
1.00546 0.581454 0.0165303 2.68743 
1.01851 0.553049 0.0280456 2.71574 
1.01901 0.556541 0.0222555 2.71913 
1.01679 0.557188 0.0196115 2.71193 
0.961835 0.644716 -0.0620639 2.58811 
0.965457 0.640097 -0.0594577 2.59659 
0.969022 0.634676 -0.0668597 2.60513 
1.0023 0.587514 0.000539105 2.68023 
1.00227 0.587619 0.000510082 2.68022 
1.00223 0.58762 0.000663444 2.68007 
0.999774 0.589017 -0.000791823 2.67331 
0.999776 0.588639 -0.000716451 2.67319 
0.999753 0.588606 -0.000943491 2.67309 
1.00154 0.585508 -0.0105873 2.67908 
1.00189 0.583397 -0.00992156 2.67994 
1.00251 0.582529 -0.0100053 2.6817 
0.980525 0.623602 0.0830715 2.63466 
0.974857 0.627919 0.078473 2.61859 
0.972814 0.635597 0.0834857 2.6175 
1.00048 0.586654 -0.00494004 2.67561 
1.00024 0.586654 -0.00436582 2.6748 
1.00036 0.586821 -0.00397786 2.67538 
0.999225 0.588193 -0.0214382 2.67244 
0.999694 0.587685 -0.0185352 2.67366 
1.00035 0.58667 -0.0185615 2.67538 
1.00449 0.58362 0.00544705 2.6853 
1.00485 0.582132 0.00520535 2.68564 
1.0049 0.582685 0.00438197 2.68612 
0.997565 0.590195 -0.00980832 2.66672 
0.997112 0.591646 -0.0124951 2.66611 
0.995847 0.592695 -0.0127217 2.66252 
0.949229 0.664078 0.0621609 2.55987 
0.944283 0.676094 0.064321 2.55327 
0.941821 0.673583 0.0692491 2.54414 
0.999951 0.587139 -0.00173449 2.67439 
0.999873 0.586929 -0.00156256 2.67453 
0.999869 0.586411 -0.00145271 2.67457 
1.00313 0.585955 0.0030648 2.68211 
1.00327 0.585969 0.00386985 2.68259 
1.0034 0.585348 0.00372124 2.68266 
1.00198 0.588131 0.000322071 2.67954 
1.00186 0.588198 0.000352194 2.67919 
1.00184 0.588393 0.000576358 2.67924 
0.999697 0.592526 -0.000455906 2.67473 
0.9997 0.591797 -0.000641688 2.67436 
0.999717 0.591651 -0.000653149 2.67435 
0.999729 0.587697 -0.000742558 2.67319 
0.999696 0.587696 -0.000667623 2.67308 
0.999663 0.587645 -0.000653731 2.67309 
1.00267 0.586837 0.000997959 2.68108 
1.00272 0.586585 0.000954573 2.68111 
1.00274 0.586717 0.000793709 2.68124 
0.98353 0.614207 0.0651872 2.63693 
0.981501 0.621386 0.0727764 2.63551 
0.98166 0.616382 0.0773553 2.63322 
0.956775 0.657147 -0.0437501 2.57891 
0.96017 0.654525 -0.0481337 2.58826 
0.958609 0.650557 -0.0531572 2.58101 
0.936684 0.668515 -0.0604565 2.52516 
0.934291 0.669725 -0.0657747 2.51948 
0.930101 0.675819 -0.0668618 2.51088 
0.996715 0.597771 -0.00402215 2.66796 
0.996827 0.595955 -0.00461733 2.6673 
0.996518 0.596957 -0.00581941 2.66688 
1.00073 0.591171 0.0513169 2.67874 
0.997059 0.593334 0.0518312 2.66784 
0.996641 0.598502 0.0580159 2.66997 
0.931167 0.678244 -0.00506785 2.51165 
0.932017 0.67749 -0.0159844 2.51401 
0.929666 0.679226 -0.0183163 2.50812 
1.00256 0.586987 1.98144e-05 2.68082 
1.00257 0.587012 2.78664e-05 2.68084 
1.00257 0.587001 4.15909e-05 2.68085 
1.0025 0.587138 5.20812e-05 2.68068 
1.00248 0.587164 6.60463e-05 2.68064 
1.00248 0.587162 0.00012814 2.68065 
0.997168 0.573579 -7.8185e-05 2.66423 
0.997248 0.573493 -0.000196682 2.66444 
0.997609 0.575995 -0.000262088 2.66599 
0.998609 0.582805 -0.00119391 2.67001 
0.998278 0.580183 -0.000682976 2.66884 
0.9983 0.5802 -0.00152553 2.66893 
0.993296 0.603434 0.017576 2.6601 
0.996059 0.601136 0.0184881 2.66786 
0.997004 0.596525 0.0145797 2.66812 
0.998909 0.595601 0.0138042 2.67388 
0.999238 0.592098 0.0146185 2.67289 
1.00073 0.592018 0.0126906 2.67777 
0.999287 0.592433 0.0106416 2.67319 
1.00048 0.592285 0.00927019 2.67704 
1.00059 0.590283 0.0070471 2.6762 
0.988139 0.612384 0.014812 2.64861 
0.985313 0.616244 0.0148619 2.64177 
0.984496 0.619068 0.0158895 2.64093 
0.980702 0.622806 0.0140837 2.63091 
0.979589 0.627941 0.00560275 2.63057 
0.975977 0.627326 -0.000893315 2.6185 
0.979409 0.628422 0.0150344 2.6304 
0.974401 0.630894 0.00984466 2.61574 
0.972563 0.640249 0.0103851 2.61608 
1.01679 0.528969 -0.0312857 2.70944 
1.01304 0.525192 -0.0373699 2.69482 
1.01033 0.544146 -0.0387652 2.69261 
1.00754 0.543286 -0.0454097 2.6828 
1.00942 0.54475 -0.0522257 2.69035 
1.00526 0.545094 -0.0585922 2.67664 
1.00539 0.563548 -0.045639 2.68409 
1.0019 0.564639 -0.0493769 2.67303 
0.999771 0.582486 -0.0477074 2.67437 
0.988001 0.61253 0.0128003 2.64821 
0.986719 0.615006 0.00871445 2.64551 
0.984434 0.616686 0.00798177 2.63907 
0.984447 0.618376 0.00377744 2.64017 
0.986176 0.614948 0.00262243 2.64363 
0.98658 0.615588 0.000396376 2.64536 
0.982309 0.618177 6.61988e-05 2.63306 
0.98388 0.618402 -0.00298708 2.63837 
0.982587 0.61613 -0.00871377 2.6328 
0.999752 0.58804 -0.000613554 2.67314 
0.99977 0.588067 -0.000555378 2.67322 
0.99967 0.587662 -0.000581237 2.67306 
0.999686 0.58767 -0.000542008 2.67314 
0.99969 0.58767 -0.00041204 2.67309 
0.999717 0.58772 -0.000314278 2.67322 
0.999509 0.587074 -0.000597972 2.67289 
0.99954 0.587052 -0.000563082 2.67301 
0.999237 0.58547 -0.000717545 2.67224 
1.00242 0.587207 0.000108668 2.68048 
1.00244 0.587214 0.000176106 2.68054 
1.00246 0.587139 0.000183901 2.68055 
1.00248 0.58714 0.000248371 2.68063 
1.00247 0.587102 0.000304015 2.68057 
1.0025 0.587098 0.000381554 2.68068 
1.0025 0.587054 0.000251317 2.68065 
1.00254 0.58704 0.000304941 2.68076 
1.00256 0.586942 0.000299302 2.68078 
0.999141 0.587164 -0.0127385 2.67097 
1.00004 0.587543 -0.0109981 2.67421 
1.00026 0.585746 -0.0110835 2.67428 
1.0009 0.586485 -0.00914516 2.67688 
1.00039 0.585994 -0.00774847 2.67486 
1.00072 0.58667 -0.00630967 2.67638 
1.00104 0.584963 -0.00907855 2.67702 
1.00137 0.585878 -0.00720761 2.67871 
1.00137 0.583672 -0.00702189 2.67827 
1.00319 0.585575 0.00570032 2.6821 
1.00352 0.585774 0.00648716 2.68331 
1.00375 0.5843 0.00646522 2.68323 
1.0042 0.584363 0.00725984 2.68477 
1.00406 0.583408 0.00914121 2.68377 
1.00464 0.583673 0.0104362 2.68587 
1.00447 0.582656 0.00717994 2.68468 
1.00508 0.582514 0.00792294 2.68663 
1.00538 0.580702 0.00775834 2.6866 
0.973331 0.627222 -0.04575 2.61214 
0.976077 0.622916 -0.0430077 2.61827 
0.980642 0.617789 -0.0511921 2.63051 
0.98257 0.613109 -0.0470337 2.63376 
0.982245 0.614077 -0.041027 2.63244 
0.983754 0.610384 -0.0377192 2.63501 
0.987846 0.608363 -0.0513066 2.64853 
0.988761 0.604081 -0.0465028 2.64875 
0.993842 0.600336 -0.046718 2.66344 
0.985104 0.615373 -0.0119555 2.64063 
0.985933 0.612313 -0.0102374 2.64139 
0.987707 0.611598 -0.0117023 2.6468 
0.988132 0.609387 -0.0100242 2.64677 
0.988262 0.612298 -0.00574881 2.64887 
0.988676 0.610578 -0.00474291 2.64915 
0.98973 0.608571 -0.0105601 2.65154 
0.989919 0.607026 -0.00903977 2.65117 
0.991321 0.606205 -0.00903583 2.65529 
0.997207 0.598901 0.00112509 2.6701 
0.995567 0.60091 0.00264555 2.66588 
0.995472 0.601355 0.00378428 2.66585 
0.99394 0.603702 0.00608146 2.66223 
0.992686 0.606424 0.00382233 2.65974 
0.990871 0.608391 0.00491352 2.65497 
0.993779 0.604576 0.00759374 2.66225 
0.991724 0.607228 0.00965495 2.65712 
0.991154 0.60927 0.0116861 2.65655 
0.983618 0.615083 -0.0205538 2.63606 
0.985413 0.608434 -0.0262517 2.63814 
0.98541 0.609019 -0.0284637 2.63886 
0.988754 0.602227 -0.0323097 2.64604 
0.991571 0.59764 -0.0275532 2.65248 
0.995056 0.593669 -0.0276989 2.66184 
0.989133 0.601153 -0.0345649 2.64716 
0.993672 0.596058 -0.0351382 2.65934 
0.994447 0.594805 -0.0372189 2.66184 
0.99762 0.596972 0.00223448 2.67031 
0.997594 0.596805 0.00309522 2.67012 
0.99835 0.595497 0.00403507 2.67185 
0.998434 0.594914 0.00491013 2.67179 
0.997495 0.597099 0.00796657 2.67001 
0.997641 0.595992 0.00915316 2.66984 
0.999212 0.593848 0.00548179 2.67374 
0.999406 0.592719 0.00631528 2.67371 
1.00018 0.592 0.00640587 2.67585 
0.970552 0.640137 -0.0532214 2.61234 
0.972863 0.628828 -0.0600289 2.61315 
0.972625 0.630736 -0.0625172 2.61403 
0.976361 0.617862 -0.0686048 2.61874 
0.982605 0.611353 -0.0624865 2.63482 
0.987092 0.600719 -0.0653707 2.64357 
0.976277 0.616048 -0.0707151 2.61786 
0.981173 0.602898 -0.0757479 2.62655 
0.981113 0.599987 -0.0777822 2.62544 
1.00255 0.58796 0.0198769 2.68158 
1.0011 0.588746 0.0231752 2.6773 
1.00149 0.590898 0.0255782 2.67993 
0.999044 0.592257 0.0286495 2.67269 
0.99713 0.598872 0.0268144 2.67027 
0.993734 0.600799 0.0269923 2.66019 
0.999296 0.596203 0.0323707 2.67605 
0.995442 0.598375 0.034047 2.66463 
0.995317 0.605124 0.0395881 2.66863 
0.99773 0.58391 -0.0485146 2.66836 
0.998795 0.582066 -0.0538706 2.67161 
0.995992 0.58239 -0.0580192 2.66267 
0.996633 0.581483 -0.0652149 2.66527 
0.998042 0.566688 -0.0719699 2.66324 
0.999567 0.565664 -0.0827089 2.66948 
0.992784 0.582469 -0.0693621 2.65331 
0.992608 0.583658 -0.0796593 2.65476 
0.986847 0.585926 -0.0834991 2.63731 
0.999476 0.593331 -5.32604e-05 2.67442 
0.999608 0.593149 -0.000118405 2.67475 
0.999605 0.592981 -0.000159279 2.67466 
0.999702 0.592814 -0.00022872 2.67489 
0.999778 0.592674 -0.000120642 2.67505 
0.999852 0.592549 -0.00016178 2.67523 
0.999694 0.592403 -0.00026351 2.67465 
0.999779 0.592246 -0.000321679 2.67484 
0.999768 0.591665 -0.000352802 2.6745 
1.00228 0.587536 4.8244e-06 2.68018 
1.00226 0.587581 4.57803e-05 2.68015 
1.00226 0.587545 5.39084e-05 2.68013 
1.00224 0.587624 0.000136967 2.6801 
1.00219 0.58769 0.000110749 2.67998 
1.00214 0.587843 0.000261743 2.67991 
1.00225 0.587549 0.000149044 2.68008 
1.00222 0.587667 0.000281614 2.68006 
1.00223 0.587539 0.000296751 2.68003 
1.00888 0.573912 0.00163331 2.6944 
1.00836 0.575412 0.00240697 2.69351 
1.0082 0.576191 0.00323864 2.69342 
1.00745 0.577234 0.00393696 2.69149 
1.00705 0.578451 0.00229766 2.69086 
1.00648 0.579281 0.00290453 2.68943 
1.00717 0.578399 0.00463636 2.69124 
1.00653 0.579108 0.00490231 2.6895 
1.00623 0.58036 0.00541723 2.68921 
1.00037 0.562901 -0.000982956 2.67065 
1.00046 0.561966 -0.00166965 2.67041 
1.00094 0.566748 -0.00241599 2.67261 
1.00122 0.565971 -0.00366521 2.67298 
1.00193 0.564926 -0.00316832 2.67492 
1.00223 0.563877 -0.00488922 2.67522 
1.00176 0.573885 -0.0044212 2.67703 
1.00185 0.57326 -0.00575965 2.67686 
1.00211 0.580365 -0.00632046 2.68006 
0.944343 0.601917 -0.146886 2.52182 
0.939672 0.618895 -0.139997 2.51628 
0.942097 0.627539 -0.133983 2.52706 
0.935968 0.643894 -0.121018 2.51621 
0.924767 0.651945 -0.123415 2.48664 
0.921099 0.668418 -0.107323 2.48419 
0.938239 0.645434 -0.113823 2.52199 
0.934688 0.658975 -0.100816 2.51816 
0.937025 0.656764 -0.0945109 2.52236 
0.990937 0.607658 0.0465627 2.65606 
0.987594 0.612144 0.0498304 2.64802 
0.987378 0.614517 0.0515569 2.64894 
0.982905 0.619372 0.0539556 2.63748 
0.97911 0.629357 0.0470836 2.63124 
0.973417 0.632662 0.0454073 2.61478 
0.982486 0.623836 0.0561942 2.63918 
0.976793 0.629011 0.0576177 2.62404 
0.976167 0.635318 0.0603408 2.62644 
0.859266 0.729553 0.0291876 2.33761 
0.875607 0.73138 0.0375067 2.38764 
0.887871 0.717302 0.0342275 2.41125 
0.897337 0.716776 0.0440705 2.43978 
0.8921 0.713472 0.0538046 2.42167 
0.902306 0.711848 0.0624042 2.45186 
0.906139 0.703875 0.0408376 2.45521 
0.914111 0.702733 0.0481703 2.47914 
0.921311 0.692377 0.0437068 2.49263 
0.997775 0.571722 -0.000320425 2.66553 
0.997755 0.571485 -0.000519984 2.66532 
0.998362 0.576391 -0.00070941 2.66815 
0.998403 0.576361 -0.000929496 2.66817 
0.998545 0.576082 -0.000855722 2.66859 
0.998566 0.576012 -0.00119312 2.66852 
0.999034 0.581923 -0.00104756 2.67139 
0.999024 0.581973 -0.00120947 2.67128 
0.999437 0.585605 -0.00122894 2.67322 
1.00346 0.585106 0.000264228 2.6827 
1.0034 0.585338 0.000387901 2.68264 
1.00339 0.585429 0.000570128 2.68265 
1.00326 0.585604 0.000717731 2.68234 
1.0032 0.585791 0.000446502 2.68223 
1.0031 0.585932 0.000568711 2.68198 
1.00321 0.585813 0.000887585 2.68227 
1.00309 0.585943 0.000961574 2.68197 
1.00302 0.586183 0.00109072 2.68187 
0.905188 0.69839 0.115834 2.45583 
0.923264 0.692682 0.126716 2.50869 
0.926685 0.678041 0.118576 2.50644 
0.94076 0.671571 0.123735 2.54656 
0.94636 0.654312 0.13613 2.5533 
0.957763 0.646652 0.134907 2.58417 
0.943309 0.659744 0.116322 2.54442 
0.954157 0.653814 0.118151 2.57501 
0.956125 0.645247 0.111825 2.57409 
0.988752 0.611654 -0.000106826 2.64999 
0.989062 0.610989 -0.00116089 2.6506 
0.989069 0.610802 -0.00149953 2.65053 
0.989949 0.609361 -0.00339735 2.65255 
0.99065 0.607354 -0.00226105 2.65363 
0.992162 0.60557 -0.00389738 2.65755 
0.989922 0.608296 -0.00401581 2.65185 
0.991374 0.606358 -0.00603361 2.65547 
0.991357 0.603814 -0.00680435 2.65394 
1.00318 0.584234 0.0208813 2.68152 
1.00365 0.585687 0.0250611 2.68406 
1.00433 0.581482 0.025938 2.68388 
1.00498 0.583391 0.0316051 2.68737 
1.00323 0.582815 0.0348513 2.6813 
1.00333 0.586561 0.0429857 2.68422 
1.00589 0.577762 0.0327543 2.68719 
1.00674 0.580385 0.0405473 2.69192 
1.00793 0.572911 0.0421157 2.69164 
0.998354 0.593441 -0.00307049 2.67088 
0.998756 0.593132 -0.0021388 2.67203 
0.998921 0.592495 -0.00242767 2.67221 
0.999168 0.59229 -0.00168464 2.67291 
0.999096 0.593161 -0.00140582 2.67313 
0.999305 0.593 -0.000928916 2.67373 
0.999293 0.591795 -0.00189009 2.67305 
0.99944 0.591662 -0.00130862 2.67346 
0.999528 0.5913 -0.00143236 2.67355 
0.995738 0.599069 -0.000419527 2.66543 
0.996442 0.597835 -0.000981845 2.66702 
0.996478 0.598205 -0.00140176 2.66738 
0.997082 0.59707 -0.00193004 2.66871 
0.9978 0.596031 -0.000987347 2.67047 
0.99825 0.595277 -0.00127315 2.67152 
0.997135 0.596589 -0.0023396 2.66864 
0.99775 0.595672 -0.00258847 2.67014 
0.997818 0.594343 -0.00293971 2.66962 
0.96547 0.644578 0.00587193 2.59604 
0.96495 0.645213 -0.00475908 2.59488 
0.962648 0.645852 -0.00748639 2.588 
0.96526 0.644905 -0.0168685 2.59601 
0.969925 0.634321 -0.0168777 2.60389 
0.973807 0.632496 -0.0215331 2.61543 
0.963154 0.642006 -0.0220438 2.58753 
0.968487 0.639582 -0.0285866 2.60339 
0.966992 0.633352 -0.0354881 2.5949 
1.00164 0.589026 0.000164634 2.67895 
1.00127 0.589496 0.000629244 2.67799 
1.00127 0.589587 0.00081433 2.67805 
1.00087 0.590297 0.00179727 2.67714 
1.00052 0.591195 0.00128941 2.67649 
0.999869 0.5923 0.00276895 2.67499 
1.00093 0.590184 0.00206467 2.67725 
1.00046 0.591189 0.00366333 2.67631 
1.0006 0.590656 0.00400409 2.67645 
0.965063 0.652454 0.00637888 2.60021 
0.960592 0.653656 -6.37359e-05 2.58679 
0.959331 0.6617 -0.000632033 2.58839 
0.954884 0.660405 -0.00946382 2.57353 
0.956997 0.663994 -0.0199187 2.58303 
0.95423 0.657831 -0.0309119 2.57052 
0.95346 0.670154 -0.0106191 2.57594 
0.949202 0.665691 -0.0220171 2.55977 
0.947643 0.676943 -0.0238833 2.56304 
0.999918 0.586988 -0.00475157 2.673 
0.999603 0.586815 -0.00533361 2.67183 
0.999433 0.588398 -0.00510643 2.67187 
0.999046 0.588459 -0.00552653 2.6706 
0.999108 0.588863 -0.00691095 2.67107 
0.998566 0.589046 -0.00737153 2.66935 
0.998858 0.590922 -0.0051814 2.67123 
0.998433 0.591211 -0.00539394 2.66998 
0.998232 0.593471 -0.00495744 2.67055 
1.00168 0.588584 0.000423441 2.67879 
1.00164 0.588884 0.000716688 2.67884 
1.00171 0.58849 0.000957534 2.67886 
1.00172 0.5887 0.00126429 2.67902 
1.00153 0.588848 0.00190916 2.67846 
1.0016 0.589004 0.00232502 2.67879 
1.00182 0.588329 0.00146145 2.67912 
1.00188 0.58842 0.00175722 2.67939 
1.00199 0.588105 0.0018906 2.67957 
1.00242 0.588097 0.0146925 2.6811 
1.00218 0.58706 0.0115409 2.67965 
1.00165 0.589279 0.0109798 2.67917 
1.00156 0.588427 0.00869166 2.67836 
1.00206 0.588353 0.00817812 2.67998 
1.00192 0.587802 0.00651849 2.67918 
1.00119 0.590055 0.00819935 2.67809 
1.00121 0.589333 0.00645128 2.67772 
1.00095 0.590539 0.00601504 2.67756 
1.02938 0.543332 0.0715456 2.74996 
1.0251 0.538332 0.0608175 2.73193 
1.02143 0.552097 0.0620588 2.72683 
1.01963 0.549331 0.0515912 2.71857 
1.02187 0.55121 0.0457231 2.72684 
1.01967 0.550043 0.0385325 2.71841 
1.01707 0.56093 0.0521211 2.71621 
1.01565 0.558816 0.044248 2.70984 
1.0137 0.567938 0.044575 2.70834 
0.99577 0.603039 0.149428 2.68145 
0.996957 0.590057 0.135798 2.67506 
0.995311 0.594568 0.130534 2.67142 
0.99879 0.585209 0.115299 2.67515 
1.00732 0.57556 0.118394 2.69827 
1.00896 0.567223 0.102643 2.69699 
0.997803 0.591387 0.111164 2.67487 
1.00044 0.58361 0.098498 2.67748 
0.999426 0.589599 0.0955055 2.6772 
1.00559 0.519555 -0.0976739 2.67201 
0.998872 0.522314 -0.101988 2.65116 
0.997504 0.546115 -0.102364 2.65717 
0.990474 0.552613 -0.103269 2.6371 
0.987338 0.561096 -0.117351 2.63278 
0.978976 0.571531 -0.114556 2.61042 
0.98963 0.571364 -0.102071 2.64233 
0.982806 0.580272 -0.0998594 2.62433 
0.982195 0.592151 -0.0971369 2.62732 
0.989217 0.608866 0.0201239 2.65004 
0.988282 0.612513 0.0230856 2.64933 
0.989012 0.609225 0.0262308 2.64976 
0.987932 0.613772 0.0301844 2.64922 
0.984603 0.61613 0.0315383 2.6398 
0.982569 0.623719 0.0365776 2.63828 
0.989057 0.609519 0.0340496 2.65038 
0.987877 0.615035 0.0392927 2.65026 
0.989594 0.609591 0.0439293 2.65268 
1.00372 0.585071 0.0187698 2.68374 
1.00471 0.582264 0.0196879 2.68546 
1.00539 0.581965 0.0192003 2.68753 
1.00666 0.578306 0.0198596 2.68969 
1.00729 0.578535 0.0234671 2.69201 
1.00904 0.573517 0.0242505 2.69504 
1.00735 0.578361 0.0189199 2.69203 
1.00893 0.573741 0.0191725 2.69468 
1.00962 0.574304 0.0176327 2.69729 
0.936112 0.668 -0.0816149 2.52579 
0.926503 0.673667 -0.0798336 2.4996 
0.92633 0.680347 -0.0712173 2.50305 
0.915655 0.685467 -0.0670198 2.47336 
0.911998 0.692155 -0.0705199 2.46799 
0.89885 0.697532 -0.0640061 2.43136 
0.916869 0.692248 -0.0570693 2.48134 
0.905776 0.696211 -0.0499456 2.44975 
0.908642 0.702698 -0.0389827 2.46281 
0.963599 0.647919 0.0182365 2.59244 
0.959431 0.656474 0.0187415 2.58508 
0.956456 0.657669 0.0221773 2.57649 
0.951216 0.666686 0.022592 2.56627 
0.948228 0.667489 0.0145583 2.55727 
0.941809 0.676223 0.0124297 2.54349 
0.947201 0.667535 0.0273987 2.55426 
0.940265 0.677396 0.0275106 2.53972 
0.934507 0.677932 0.0342832 2.52227 
1.01002 0.572285 0.00309657 2.69732 
1.00978 0.573155 0.00398985 2.69699 
1.01029 0.571489 0.00645803 2.69779 
1.00981 0.573145 0.00729326 2.69711 
1.00866 0.574741 0.00785627 2.69415 
1.00818 0.57646 0.0084045 2.69355 
1.01015 0.571426 0.0101262 2.6973 
1.0095 0.573817 0.010769 2.69649 
1.00962 0.572105 0.0139157 2.69596 
1.01161 0.529936 -0.0238584 2.69214 
1.01027 0.543315 -0.0265653 2.69224 
1.00842 0.54289 -0.0221226 2.68565 
1.00772 0.557029 -0.0249375 2.68879 
1.00593 0.557748 -0.0286782 2.68266 
1.00496 0.571392 -0.0302738 2.6855 
1.00624 0.556474 -0.0209186 2.68341 
1.00563 0.568919 -0.0230693 2.68666 
1.00452 0.568309 -0.019613 2.68251 
1.00615 0.549863 -0.00333941 2.68377 
1.00601 0.547571 -0.00540173 2.68205 
1.006 0.553022 -0.00669507 2.68294 
1.0062 0.55083 -0.0102363 2.68233 
1.00795 0.549215 -0.0104211 2.68748 
1.00789 0.546668 -0.0149432 2.6858 
1.00624 0.560712 -0.0115069 2.6858 
1.00609 0.558929 -0.0150099 2.68419 
1.00586 0.569279 -0.0158928 2.68759 
0.998182 0.567116 -0.000203123 2.66535 
0.998204 0.566851 -0.000425984 2.66527 
0.998568 0.570426 -0.000671434 2.66701 
0.998743 0.570051 -0.00127888 2.66729 
0.998995 0.569448 -0.000944904 2.66792 
0.999208 0.569052 -0.00153241 2.6683 
0.999276 0.575889 -0.00157463 2.67053 
0.999477 0.575577 -0.00214745 2.6709 
0.999956 0.581082 -0.00241754 2.67404 
1.00211 0.579799 -0.00762512 2.67966 
1.00297 0.578501 -0.00761871 2.68209 
1.00289 0.57755 -0.00965475 2.68128 
1.004 0.575953 -0.00973729 2.68438 
1.00388 0.567942 -0.00979151 2.68102 
1.00527 0.565243 -0.00910408 2.68461 
1.00384 0.574762 -0.0123705 2.68319 
1.00526 0.572799 -0.0126158 2.68718 
1.00501 0.571295 -0.0160267 2.6855 
0.999715 0.586818 -0.00372415 2.67222 
0.99963 0.587853 -0.0036714 2.67228 
0.999601 0.587624 -0.00282802 2.67204 
0.999543 0.58911 -0.00284285 2.67253 
0.999301 0.589554 -0.00287602 2.67194 
0.999215 0.591135 -0.00283474 2.67248 
0.99956 0.588882 -0.00210095 2.67245 
0.999509 0.590348 -0.00211863 2.67302 
0.999557 0.590126 -0.00146803 2.67305 
1.00505 0.581997 0.000365477 2.6862 
1.00488 0.58257 0.000690142 2.68595 
1.00486 0.582719 0.00096012 2.686 
1.00459 0.583177 0.00131127 2.68535 
1.00439 0.583648 0.000759264 2.68495 
1.00417 0.584018 0.00104864 2.68444 
1.00454 0.583446 0.0015601 2.68533 
1.00428 0.583803 0.00177916 2.6847 
1.00422 0.584108 0.00199153 2.68467 
0.969242 0.642596 0.0626385 2.60898 
0.96311 0.646538 0.0559091 2.59145 
0.959766 0.653722 0.0611232 2.58599 
0.953946 0.657714 0.0517858 2.56964 
0.957654 0.657993 0.043562 2.58124 
0.954306 0.660763 0.0343171 2.57218 
0.949465 0.665501 0.0554613 2.56113 
0.94436 0.669357 0.043535 2.5472 
0.938615 0.67689 0.044382 2.53471 
0.996574 0.590891 -0.0173423 2.66429 
0.994897 0.593522 -0.0169311 2.66015 
0.994596 0.594963 -0.01595 2.65977 
0.993195 0.598298 -0.0147072 2.65701 
0.991164 0.600568 -0.0173681 2.6517 
0.989984 0.604887 -0.01483 2.6503 
0.993017 0.599441 -0.0137776 2.65699 
0.991944 0.602901 -0.0120175 2.65546 
0.991879 0.603154 -0.0111193 2.65533 
1.00118 0.589843 0.00470449 2.67789 
1.00155 0.589215 0.00479422 2.67876 
1.00167 0.588766 0.00365086 2.67889 
1.00193 0.588407 0.00361075 2.67955 
1.00206 0.587831 0.00366684 2.67963 
1.00228 0.587652 0.0035026 2.68026 
1.00197 0.588095 0.00273602 2.67951 
1.00215 0.587878 0.00265925 2.67998 
1.00216 0.587665 0.00200984 2.67986 
0.929647 0.6901 0.0491898 2.51714 
0.926023 0.684931 0.0592844 2.50257 
0.935234 0.682589 0.0706842 2.53041 
0.933518 0.674769 0.0808726 2.5201 
0.92936 0.686218 0.0873327 2.51668 
0.928289 0.676203 0.0989766 2.50704 
0.943241 0.671443 0.0891178 2.5491 
0.943448 0.66126 0.0990775 2.54343 
0.952867 0.657219 0.103638 2.57108 
1.02007 0.553635 0.0137962 2.72099 
1.01763 0.555569 0.013064 2.71377 
1.0166 0.560725 0.014656 2.71311 
1.01454 0.562157 0.0139022 2.70697 
1.01403 0.5656 0.00927655 2.70707 
1.01236 0.567163 0.00946536 2.70235 
1.01365 0.566664 0.0151031 2.70646 
1.01203 0.567628 0.0141928 2.70155 
1.0113 0.571278 0.0150859 2.70116 
0.870274 0.705483 -0.0736239 2.35451 
0.877524 0.714123 -0.0647982 2.38221 
0.884659 0.708702 -0.0607261 2.39789 
0.887876 0.715169 -0.0483154 2.41174 
0.878062 0.716573 -0.040676 2.38298 
0.883272 0.721788 -0.0282019 2.40214 
0.893459 0.707068 -0.0443539 2.42104 
0.897232 0.711902 -0.0334222 2.43567 
0.902373 0.703692 -0.0309993 2.44405 
0.999838 0.587311 -0.00123311 2.67398 
0.999869 0.587277 -0.00144023 2.67369 
0.999847 0.587381 -0.00138385 2.67328 
0.999796 0.587321 -0.00159094 2.67285 
0.999849 0.587307 -0.00194992 2.67302 
0.999734 0.587362 -0.00214514 2.67249 
0.999778 0.587927 -0.00163742 2.67289 
0.999683 0.588262 -0.00165653 2.67262 
0.999649 0.589342 -0.00172627 2.67299 
1.00287 0.586551 0.00408424 2.68157 
1.00278 0.58655 0.00325596 2.68127 
1.00258 0.587027 0.00323749 2.68089 
1.00253 0.587009 0.00256968 2.68073 
1.00266 0.586878 0.00246039 2.68109 
1.0026 0.58688 0.00194915 2.68089 
1.00239 0.587335 0.00252441 2.68043 
1.00237 0.587309 0.00200429 2.68037 
1.00226 0.58753 0.00194483 2.68013 
0.979022 0.613606 0.151185 2.63333 
0.979371 0.614479 0.144495 2.63375 
0.973026 0.622813 0.138579 2.61767 
0.974247 0.623723 0.131631 2.62091 
0.980347 0.613082 0.119121 2.63201 
0.981051 0.615032 0.113568 2.63462 
0.9685 0.632055 0.125055 2.60697 
0.970083 0.631534 0.118501 2.61054 
0.965217 0.639469 0.111627 2.59939 
0.999483 0.585615 -0.00130913 2.67331 
0.999608 0.58489 -0.00110554 2.67372 
0.999612 0.584663 -0.001653 2.6736 
0.999791 0.583762 -0.00142004 2.67412 
0.999344 0.579994 -0.00200018 2.67175 
0.999574 0.578234 -0.00141202 2.67215 
0.999785 0.583478 -0.00212407 2.67393 
1.00003 0.582403 -0.00187041 2.67458 
0.999977 0.582073 -0.00276371 2.67422 
1.00367 0.58492 0.000373976 2.68329 
1.00366 0.584909 0.000551144 2.68326 
1.00378 0.584718 0.000828643 2.68355 
1.00374 0.584771 0.00103071 2.68344 
1.00353 0.585169 0.0012792 2.68296 
1.00346 0.58531 0.00143053 2.68283 
1.00386 0.584547 0.00139665 2.6837 
1.00379 0.584683 0.00159957 2.68355 
1.00389 0.58443 0.0020556 2.68376 
0.999928 0.592287 -0.000151207 2.67533 
0.999929 0.592029 -0.000123103 2.6752 
0.999901 0.592048 -0.00024177 2.67512 
0.999899 0.591681 -0.000188458 2.67493 
0.999896 0.591219 -0.000367493 2.67469 
0.999916 0.590749 -0.00029894 2.67453 
0.99987 0.591701 -0.000343844 2.67485 
0.999879 0.591326 -0.00030018 2.67469 
0.999821 0.591363 -0.000479836 2.67452 
1.00239 0.587334 6.65594e-05 2.68043 
1.00236 0.58738 7.04424e-05 2.68037 
1.00236 0.587383 0.000139066 2.68036 
1.00233 0.587437 0.000133682 2.68029 
1.00231 0.587463 0.000108728 2.68025 
1.00229 0.587514 9.39905e-05 2.6802 
1.00232 0.587444 0.000206625 2.68026 
1.00229 0.587513 0.000187683 2.6802 
1.00227 0.587525 0.000266577 2.68014 
1.0057 0.580786 0.00536502 2.6877 
1.00559 0.58158 0.00414386 2.68777 
1.00516 0.58193 0.00413926 2.68656 
1.00505 0.582581 0.00317513 2.68654 
1.00519 0.581931 0.00283608 2.68665 
1.00502 0.582567 0.00198569 2.68642 
1.00471 0.58289 0.00322879 2.68559 
1.00461 0.583419 0.00246846 2.68555 
1.00435 0.583678 0.00254961 2.68484 
0.999567 0.563543 -0.000994477 2.66828 
1.00007 0.567577 -0.00173843 2.67038 
0.999656 0.567955 -0.00180269 2.6692 
1.00025 0.574475 -0.00267809 2.67287 
1.00043 0.574526 -0.00312699 2.67321 
1.00084 0.580746 -0.00389087 2.67647 
0.999858 0.574716 -0.00249908 2.67167 
1.00033 0.58073 -0.00320431 2.675 
1 0.580881 -0.00298177 2.67398 
0.999752 0.588077 -0.000764733 2.6731 
0.999778 0.588066 -0.000909967 2.67318 
0.999783 0.588288 -0.000922543 2.67311 
0.999799 0.588283 -0.00115299 2.67317 
0.999771 0.587751 -0.00103169 2.67298 
0.9998 0.587739 -0.00123664 2.67306 
0.999774 0.588662 -0.00111317 2.67314 
0.999764 0.588675 -0.00143891 2.67311 
0.999713 0.589295 -0.00129664 2.67317 
1.0028 0.586521 0.00127673 2.68134 
1.0027 0.586811 0.00134084 2.68116 
1.00264 0.586831 0.00144942 2.68096 
1.00253 0.587085 0.00146531 2.68077 
1.0025 0.587084 0.00117378 2.68066 
1.00242 0.587262 0.00116338 2.68051 
1.00245 0.587166 0.00153252 2.68055 
1.00236 0.587375 0.00150334 2.68035 
1.00227 0.587501 0.00153489 2.68013 
0.997448 0.573059 -0.00016537 2.66494 
0.99742 0.572843 -0.000293394 2.66472 
0.997801 0.575981 -0.000394547 2.66655 
0.997833 0.575965 -0.000475633 2.66657 
0.997894 0.575742 -0.000334778 2.66675 
0.997924 0.575742 -0.000407921 2.66676 
0.998307 0.579907 -0.000560368 2.6689 
0.998348 0.579958 -0.000589229 2.66897 
0.998762 0.583227 -0.00066126 2.67089 
1.00285 0.586435 4.82354e-05 2.68146 
1.0028 0.586508 9.70866e-05 2.68131 
1.00278 0.586614 0.000139214 2.68133 
1.00272 0.586666 0.000175368 2.68116 
1.00272 0.586743 0.000104959 2.68118 
1.00267 0.586782 0.00013 2.68105 
1.00271 0.586789 0.000206632 2.68117 
1.00266 0.586825 0.000210884 2.68103 
1.00264 0.586941 0.000229107 2.68104 
0.997534 0.571825 -0.000148065 2.66478 
0.998042 0.575612 -0.000673436 2.6671 
0.997927 0.575582 -0.000382393 2.66669 
0.998455 0.579915 -0.000936696 2.66929 
0.99861 0.580854 -0.000572223 2.66985 
0.999009 0.584187 -0.000962251 2.67176 
0.998351 0.579855 -0.000589341 2.66891 
0.998791 0.583321 -0.000995719 2.67096 
0.998731 0.583272 -0.000756231 2.67072 
1.00289 0.586283 0.00107916 2.68149 
1.00288 0.586485 0.000833292 2.68159 
1.00278 0.586519 0.000742855 2.68127 
1.00278 0.586674 0.000560726 2.68134 
1.00281 0.58649 0.000497708 2.68133 
1.00279 0.58664 0.000337781 2.68135 
1.0027 0.586703 0.000506211 2.68111 
1.0027 0.586822 0.000371882 2.68116 
1.00264 0.586846 0.000336396 2.68099 
0.957402 0.589632 -0.137724 2.55494 
0.958722 0.605811 -0.131185 2.56631 
0.966901 0.595593 -0.119826 2.58502 
0.967295 0.60762 -0.114175 2.59107 
0.961307 0.616479 -0.108841 2.57646 
0.962087 0.622049 -0.103013 2.58054 
0.973334 0.599456 -0.104731 2.60462 
0.973445 0.607254 -0.100122 2.60788 
0.978107 0.600574 -0.0921572 2.61821 
0.999757 0.588681 -9.29699e-05 2.67323 
0.99975 0.58864 -0.00027792 2.67318 
0.999792 0.589356 -0.000258134 2.67353 
0.999776 0.589324 -0.000438319 2.67345 
0.999798 0.5892 -0.000421454 2.67348 
0.999778 0.589169 -0.000605378 2.67339 
0.999804 0.590276 -0.000396189 2.67395 
0.999779 0.590255 -0.000567575 2.67385 
0.999795 0.591226 -0.000513409 2.67438 
1.00242 0.587302 0.000516608 2.68053 
1.0024 0.587287 0.0004695 2.68044 
1.00237 0.587428 0.000469778 2.68044 
1.00236 0.587395 0.000414537 2.68036 
1.00238 0.587407 0.000310891 2.68045 
1.00237 0.587385 0.000270876 2.6804 
1.00233 0.587514 0.000410381 2.68035 
1.00232 0.587468 0.000351928 2.68029 
1.0023 0.587569 0.000345469 2.68028 
0.873154 0.731923 0.0106879 2.38064 
0.881296 0.722042 0.00853961 2.39558 
0.887074 0.724538 -0.00311653 2.41514 
0.893301 0.713629 -0.00262768 2.42417 
0.903367 0.712757 0.0100688 2.45363 
0.908536 0.703763 0.00943821 2.46177 
0.899094 0.71527 -0.0126519 2.44329 
0.904332 0.705487 -0.0111769 2.45076 
0.909698 0.706527 -0.0196358 2.46826 
1.02253 0.541669 0.0828697 2.72676 
1.0192 0.554793 0.0816402 2.72236 
1.0149 0.55483 0.0869645 2.70833 
1.01248 0.567609 0.0844378 2.70701 
1.01214 0.562738 0.0714901 2.70193 
1.01019 0.573268 0.0694428 2.70117 
1.00773 0.569504 0.0873201 2.69241 
1.00592 0.580252 0.084095 2.69219 
1.00106 0.583508 0.0848824 2.67793 
1.00619 0.579636 0.00767012 2.6887 
1.00654 0.579162 0.0098107 2.68961 
1.00704 0.578049 0.00936802 2.69064 
1.00737 0.577512 0.012104 2.69147 
1.00655 0.579141 0.0130421 2.68969 
1.00653 0.578795 0.0159659 2.68946 
1.00799 0.576213 0.0116763 2.69281 
1.00829 0.575607 0.0151566 2.6935 
1.00905 0.574193 0.0148755 2.69526 
1.01245 0.566362 0.0384658 2.70297 
1.0139 0.567438 0.0348483 2.7083 
1.01252 0.566541 0.0301027 2.70297 
1.01343 0.568072 0.0265266 2.70677 
1.01488 0.561266 0.0255347 2.70788 
1.01537 0.563785 0.0211436 2.71079 
1.01203 0.567766 0.0232144 2.7018 
1.01253 0.569498 0.0198942 2.70437 
1.01127 0.569567 0.0177609 2.70013 
0.94882 0.645063 -0.082755 2.54962 
0.954315 0.63835 -0.079154 2.56244 
0.959846 0.630823 -0.0890174 2.57629 
0.963923 0.624016 -0.0836036 2.58459 
0.964794 0.632442 -0.0767769 2.59128 
0.968204 0.626969 -0.0725602 2.59849 
0.969859 0.617523 -0.0903339 2.60041 
0.972703 0.611268 -0.084194 2.6052 
0.97834 0.606081 -0.0880767 2.6208 
1.0024 0.587285 0.000692927 2.68045 
1.00237 0.587392 0.000678844 2.68042 
1.00236 0.587368 0.000896828 2.68035 
1.00232 0.58751 0.00087282 2.68031 
1.00228 0.587516 0.000791429 2.68019 
1.00225 0.58766 0.000756563 2.68017 
1.00229 0.587486 0.00114878 2.68018 
1.00224 0.587682 0.00110735 2.68014 
1.00218 0.587659 0.00146991 2.67993 
0.999772 0.591214 -0.000646761 2.6743 
0.999791 0.590903 -0.000587477 2.67421 
0.999737 0.590891 -0.000802148 2.67402 
0.99976 0.590518 -0.000756221 2.67391 
0.999747 0.589649 -0.000939363 2.67346 
0.999762 0.589174 -0.000850779 2.67331 
0.99969 0.5905 -0.00104617 2.67367 
0.99972 0.59001 -0.000987013 2.67354 
0.999642 0.589979 -0.00136753 2.67326 
0.999479 0.588688 -0.015397 2.67307 
1.00018 0.586736 -0.0152778 2.67468 
1.00076 0.586819 -0.016263 2.6768 
1.00153 0.584784 -0.0158421 2.67879 
1.00196 0.584959 -0.013283 2.68032 
1.00245 0.582124 -0.0125682 2.68131 
1.00233 0.584574 -0.0168091 2.68153 
1.00304 0.580663 -0.0160849 2.68271 
1.00409 0.579488 -0.0165568 2.6858 
0.993315 0.604427 0.09163 2.6655 
0.98755 0.607863 0.0913494 2.64857 
0.986384 0.615642 0.0981908 2.65045 
0.979558 0.620148 0.0956108 2.63069 
0.979197 0.626633 0.092171 2.63327 
0.972542 0.63156 0.0871308 2.61436 
0.977734 0.629489 0.102921 2.63177 
0.9699 0.635117 0.0974116 2.60945 
0.967187 0.646036 0.104952 2.60912 
1.00152 0.584022 -0.00621898 2.67911 
1.00097 0.584178 -0.00545268 2.67736 
1.00107 0.584359 -0.00488727 2.67792 
1.00063 0.584493 -0.00432388 2.67655 
1.00067 0.586217 -0.00448295 2.67674 
1.00038 0.586269 -0.00396812 2.67578 
1.00067 0.584532 -0.00396691 2.67686 
1.00034 0.584633 -0.00351576 2.6758 
1.00035 0.584497 -0.00338139 2.67592 
0.999089 0.588671 -0.0371027 2.67392 
1.00082 0.587137 -0.030816 2.67862 
1.0021 0.583616 -0.0317545 2.68116 
1.00254 0.582895 -0.0260363 2.68208 
1.00107 0.585826 -0.0238015 2.67794 
1.00134 0.58537 -0.0201177 2.67853 
1.00365 0.580509 -0.0260992 2.68472 
1.00342 0.58027 -0.0212927 2.68371 
1.00427 0.578635 -0.0209203 2.68599 
1.00328 0.58611 0.0046359 2.68269 
1.00354 0.585055 0.0045864 2.68294 
1.00364 0.585306 0.00410709 2.68342 
1.00389 0.584222 0.00397882 2.68362 
1.0042 0.58411 0.00432757 2.68461 
1.00449 0.582881 0.00410768 2.68485 
1.00395 0.584552 0.00344441 2.68401 
1.00417 0.583523 0.00325358 2.68417 
1.00419 0.583906 0.00270006 2.68445 
0.997723 0.593919 -0.00506755 2.66911 
0.997403 0.594762 -0.00650619 2.66856 
0.996711 0.595491 -0.00646687 2.66669 
0.996095 0.596718 -0.00828524 2.6654 
0.996331 0.594216 -0.00914405 2.6648 
0.995527 0.595824 -0.0115755 2.66311 
0.995239 0.597876 -0.00788912 2.66325 
0.994201 0.599515 -0.00994142 2.66081 
0.993231 0.601229 -0.00895914 2.65861 
0.97021 0.633591 0.0707646 2.60657 
0.967118 0.64423 0.075073 2.60413 
0.96649 0.639308 0.0790803 2.59912 
0.963122 0.650754 0.0840594 2.59666 
0.955173 0.655384 0.0766773 2.57376 
0.950692 0.668369 0.0809356 2.56934 
0.962421 0.644846 0.0886182 2.59081 
0.958574 0.658069 0.0945955 2.58855 
0.957708 0.651213 0.0998444 2.58162 
1.00003 0.586898 -0.00348109 2.67377 
1.00013 0.587042 -0.00313872 2.67451 
1.0002 0.586849 -0.00318504 2.67488 
1.00022 0.586814 -0.00287658 2.67539 
1.00009 0.586837 -0.00221725 2.67498 
1.00002 0.586372 -0.00205592 2.67504 
1.00027 0.58638 -0.00283029 2.67562 
1.00019 0.585579 -0.00270559 2.67555 
1.00019 0.584517 -0.00244533 2.67539 
1.00301 0.586062 0.00153627 2.68175 
1.00314 0.586037 0.00198026 2.68217 
1.00321 0.585552 0.00182708 2.68214 
1.00339 0.585512 0.00235233 2.6827 
1.00333 0.585413 0.00263973 2.68244 
1.00352 0.585389 0.00338753 2.68307 
1.00348 0.584919 0.00215468 2.68266 
1.00371 0.584857 0.00279587 2.6834 
1.00383 0.584094 0.00252794 2.68335 
1.00223 0.587639 0.000395764 2.68008 
1.00217 0.587664 0.000473291 2.6799 
1.00219 0.587754 0.000599185 2.68 
1.00211 0.58778 0.000731327 2.67978 
1.00204 0.588016 0.000629648 2.67967 
1.00192 0.58807 0.000742879 2.67932 
1.00214 0.587874 0.000893544 2.67993 
1.00205 0.587904 0.0011023 2.67962 
1.00209 0.588018 0.00133129 2.67984 
0.999451 0.593536 -0.000235336 2.67446 
0.999465 0.593215 -0.00041312 2.67434 
0.999479 0.593341 -0.000591453 2.67447 
0.999504 0.592586 -0.000806825 2.67414 
0.999617 0.59254 -0.000641887 2.67449 
0.999635 0.591677 -0.000842006 2.67409 
0.999535 0.592507 -0.000895257 2.67421 
0.999572 0.591515 -0.00110306 2.6738 
0.999615 0.591289 -0.00111533 2.67383 
0.999653 0.587103 -0.00104449 2.67361 
0.999555 0.587096 -0.000806413 2.67328 
0.999456 0.586719 -0.000890936 2.67311 
0.999383 0.586706 -0.000686218 2.67286 
0.999572 0.587355 -0.000736269 2.67311 
0.999539 0.587346 -0.000633897 2.673 
0.99927 0.586193 -0.000874053 2.67256 
0.999231 0.586157 -0.000666528 2.67241 
0.999122 0.585475 -0.000982163 2.67204 
1.00248 0.587151 0.000677122 2.68064 
1.00252 0.587002 0.00066653 2.68067 
1.00254 0.587046 0.000585436 2.68077 
1.00257 0.586905 0.00056633 2.68079 
1.00262 0.586909 0.00069591 2.68097 
1.00266 0.586729 0.00066254 2.68099 
1.00259 0.58697 0.000478486 2.68088 
1.00261 0.586843 0.000452824 2.68089 
1.00262 0.586923 0.000363084 2.68095 
0.991994 0.601178 0.051609 2.65579 
0.991437 0.605167 0.0574652 2.65677 
0.992192 0.600671 0.060463 2.6567 
0.991437 0.60542 0.0676047 2.65767 
0.987794 0.607268 0.0689084 2.64689 
0.986285 0.613845 0.077295 2.6468 
0.992412 0.599836 0.0712117 2.65773 
0.991511 0.605542 0.0801079 2.65909 
0.992747 0.59864 0.0844523 2.65932 
0.941471 0.671325 -0.0318498 2.53974 
0.943072 0.669127 -0.0387534 2.54358 
0.940402 0.666144 -0.0437065 2.53343 
0.94345 0.663222 -0.0507517 2.54147 
0.949812 0.658732 -0.0506236 2.55843 
0.953838 0.655774 -0.0553116 2.56955 
0.940984 0.660851 -0.0564577 2.53271 
0.945689 0.657219 -0.063023 2.54562 
0.943496 0.653722 -0.0698559 2.53728 
0.937409 0.669134 -0.0287228 2.52525 
0.934916 0.672787 -0.0323139 2.52044 
0.931083 0.675468 -0.0307211 2.51032 
0.928057 0.681514 -0.0348947 2.5059 
0.929557 0.67747 -0.0482861 2.50842 
0.926539 0.680765 -0.0536029 2.50229 
0.923509 0.684816 -0.0330392 2.49414 
0.919871 0.6904 -0.0380743 2.48775 
0.914587 0.693919 -0.035784 2.47402 
0.99516 0.600208 -0.00125191 2.6642 
0.995166 0.60043 -0.0020566 2.66437 
0.994546 0.60165 -0.003128 2.66306 
0.994592 0.600846 -0.00401551 2.66277 
0.995485 0.599742 -0.00476261 2.66506 
0.995594 0.597811 -0.0055678 2.66433 
0.993929 0.602234 -0.00532619 2.66141 
0.994002 0.600323 -0.00632297 2.66057 
0.993172 0.601937 -0.00781457 2.65881 
1.01017 0.574751 0.0475789 2.70049 
1.00765 0.575063 0.0517402 2.69242 
1.00827 0.578771 0.0576528 2.69703 
1.00459 0.580014 0.0611774 2.68565 
1.00248 0.588817 0.059404 2.68366 
0.99819 0.591169 0.0605297 2.67086 
1.00487 0.585394 0.0688676 2.69033 
0.999819 0.587949 0.0708833 2.67513 
0.999492 0.59539 0.080501 2.67938 
0.926407 0.687739 0.0306161 2.50433 
0.923331 0.688484 0.015952 2.49511 
0.92018 0.695244 0.0156407 2.49064 
0.918908 0.69524 0.000815565 2.48677 
0.924006 0.687751 -0.00296144 2.49666 
0.924806 0.686967 -0.0159439 2.49888 
0.915487 0.69891 -0.00134593 2.47918 
0.916291 0.698107 -0.0159372 2.48141 
0.912729 0.69878 -0.0198143 2.47122 
1.00261 0.586857 4.35088e-05 2.68089 
1.00262 0.58691 6.11965e-05 2.68094 
1.00263 0.586872 8.71908e-05 2.68095 
1.00262 0.586927 0.000119418 2.68096 
1.00259 0.586947 6.11664e-05 2.68089 
1.00259 0.586987 8.48027e-05 2.6809 
1.00262 0.586909 0.000150696 2.68096 
1.00261 0.586959 0.000177562 2.68096 
1.00261 0.586958 0.000208596 2.68095 
1.00255 0.587036 1.13696e-05 2.68081 
1.00255 0.587035 2.62277e-05 2.6808 
1.00256 0.58703 4.95135e-05 2.68083 
1.00255 0.587025 7.7743e-05 2.68081 
1.00253 0.587084 9.55977e-05 2.68076 
1.00251 0.587097 0.000120304 2.68072 
1.00257 0.587017 0.000116119 2.68085 
1.00256 0.587012 0.000156233 2.68082 
1.00258 0.587001 0.000209684 2.68088 
0.997064 0.574164 -6.32826e-05 2.66407 
0.997082 0.574123 -0.000150208 2.66411 
0.997378 0.576605 -0.000208712 2.66552 
0.997493 0.57663 -0.000406817 2.66584 
0.997489 0.576311 -0.000261084 2.66575 
0.997618 0.57633 -0.000422592 2.66612 
0.997956 0.580133 -0.000465706 2.66797 
0.998109 0.580181 -0.000608607 2.66841 
0.998577 0.583208 -0.000639235 2.67035 
0.999568 0.587695 -0.000360152 2.67267 
0.999431 0.587027 -0.000297642 2.67243 
0.999422 0.587042 -0.000554556 2.67241 
0.999239 0.586016 -0.000421628 2.67209 
0.998959 0.584636 -0.000944421 2.67123 
0.998708 0.582629 -0.000598157 2.67049 
0.999242 0.586029 -0.000815672 2.67211 
0.998998 0.584526 -0.000562798 2.67156 
0.999001 0.584544 -0.00108683 2.67158 
