1.00172 0.586899 0.0179656 2.67813 
0.980811 0.623282 -0.011577 2.6317 
1.015 0.523221 -0.0837402 2.70318 
0.988717 0.611688 0.000549996 2.64989 
0.99973 0.588147 -0.000103496 2.67305 
1.00248 0.587056 0.00052401 2.68056 
0.999961 0.586676 -0.0047234 2.67335 
1.00326 0.58451 0.0153499 2.68182 
0.981966 0.616864 -0.0218659 2.63178 
0.988561 0.611911 -9.44935e-05 2.64951 
0.989961 0.610825 0.000889427 2.65345 
0.996869 0.590001 -0.018281 2.66512 
0.992891 0.604566 0.0160633 2.65943 
0.994287 0.59416 -0.0469406 2.66212 
0.992007 0.606837 0.0189755 2.65797 
1.00934 0.521336 -0.0895419 2.6834 
0.999936 0.592524 -1.5667e-05 2.67547 
1.00198 0.588196 5.29954e-05 2.67959 
1.00572 0.580591 0.000526444 2.68762 
1.00473 0.55473 -0.00280597 2.68112 
0.881473 0.683459 -0.0989159 2.37386 
0.970053 0.64283 0.0253339 2.60991 
0.881138 0.715828 0.0947769 2.39467 
0.998767 0.569329 -0.000807083 2.66778 
1.00299 0.586073 0.000129296 2.68169 
0.97293 0.622817 0.15865 2.62074 
0.993258 0.601797 -0.00079253 2.65886 
0.996755 0.59452 0.0446207 2.66715 
0.999241 0.593615 -0.000203857 2.67381 
0.999008 0.593962 -0.000162623 2.67323 
0.979876 0.620696 -0.0148848 2.62711 
0.999041 0.595023 0.000652331 2.67385 
0.9644 0.649179 -0.0423143 2.5976 
0.99896 0.588103 -0.0124239 2.67051 
1.00089 0.59003 0.00425345 2.67703 
1.00291 0.586578 0.00556332 2.68175 
1.0239 0.547587 0.0225335 2.73089 
1.02711 0.548183 0.0958641 2.7471 
0.96334 0.573752 -0.143273 2.56589 
0.972562 0.632732 0.0250136 2.61116 
1.00937 0.574785 0.0369248 2.69732 
0.886549 0.700873 -0.0845278 2.40052 
0.943729 0.672745 -0.0100885 2.54723 
1.00636 0.579445 0.00686725 2.68914 
0.999541 0.579241 -0.0396824 2.67145 
1.01464 0.533865 -0.017371 2.70442 
0.999489 0.564064 -0.000481602 2.66831 
1.00464 0.552617 -0.00465001 2.67964 
0.998393 0.592907 -0.00358607 2.67074 
1.00379 0.584522 0.000200486 2.68347 
0.96485 0.647572 0.0236499 2.59631 
0.983955 0.610393 -0.0181972 2.63399 
1.0027 0.586329 0.00454287 2.68088 
0.902221 0.711195 0.1035 2.45566 
1.011 0.570414 0.00233699 2.69955 
0.852518 0.728911 -0.00445108 2.3173 
0.999952 0.586818 -0.00335937 2.67317 
1.00293 0.586409 0.00161952 2.68169 
0.993084 0.594356 0.0955673 2.65904 
0.998582 0.568799 -0.00137903 2.66685 
1.00308 0.585984 0.00136108 2.68194 
0.999866 0.589422 -0.000423651 2.67385 
1.00233 0.587438 1.68894e-05 2.6803 
1.0055 0.581257 0.000884641 2.68728 
1.00148 0.580441 -0.00568852 2.67798 
0.999739 0.587281 -0.0010475 2.67363 
1.00248 0.587108 0.000709372 2.68062 
0.997572 0.57178 -7.27615e-05 2.66487 
1.0027 0.586725 2.42466e-05 2.6811 
0.99936 0.585422 -0.000876195 2.67286 
1.00293 0.586201 0.000174072 2.68157 
0.944917 0.649743 -0.0911621 2.54218 
0.999776 0.588228 -0.000607315 2.67313 
1.00246 0.587252 0.000103124 2.68062 
0.923511 0.695204 0.0344733 2.50134 
1.01162 0.56702 0.0484938 2.70102 
1.00398 0.5844 0.016283 2.68417 
1.0208 0.548523 0.0201681 2.72086 
0.966913 0.642381 -0.0536297 2.60205 
1.0023 0.587499 0.000442583 2.68023 
0.999755 0.588201 -0.000767475 2.67305 
1.00188 0.583651 -0.00791575 2.68004 
0.9752 0.630378 0.0754512 2.62102 
1.00016 0.586812 -0.00430817 2.67415 
0.998999 0.588594 -0.0171654 2.67144 
1.00537 0.581847 0.00564347 2.6872 
0.997595 0.588467 -0.0135621 2.66618 
0.936926 0.680736 0.0495724 2.53276 
0.999748 0.586876 -0.00114811 2.67408 
1.00314 0.585988 0.00414428 2.68216 
1.00184 0.588422 0.000166652 2.67925 
0.999775 0.591709 -0.000532982 2.67455 
0.999774 0.58796 -0.000706946 2.67319 
1.00286 0.586498 0.00115006 2.6815 
0.976986 0.623943 0.0714992 2.6223 
0.96419 0.647682 -0.045241 2.59626 
0.939014 0.664534 -0.0772501 2.53171 
0.997557 0.595315 -0.00462482 2.66934 
0.995834 0.599226 0.0495064 2.66721 
0.936144 0.672258 -0.0181663 2.52312 
1.0026 0.586938 1.13782e-05 2.68091 
1.0025 0.587141 6.29852e-05 2.68068 
0.99725 0.573067 -5.34618e-05 2.66427 
0.997942 0.577698 -0.00148311 2.66741 
0.996316 0.597366 0.0196668 2.66646 
0.998822 0.596092 0.0187864 2.67399 
1.00078 0.589492 0.00979581 2.67641 
0.983772 0.620468 0.00862524 2.63936 
0.980749 0.62183 0.00533639 2.63036 
0.974421 0.636499 -0.00118974 2.61955 
1.01815 0.52411 -0.0447879 2.71207 
1.01298 0.521049 -0.0514546 2.69312 
1.00255 0.567513 -0.0570357 2.67723 
0.988079 0.612806 0.00648291 2.64855 
0.987608 0.6142 0.00378789 2.64787 
0.985534 0.614724 -0.0025329 2.64141 
0.999753 0.588003 -0.000450243 2.67309 
0.999774 0.588043 -0.000374564 2.6732 
0.999571 0.586952 -0.000371063 2.67295 
1.00247 0.587113 0.000217426 2.68057 
1.00249 0.587121 0.00029776 2.68064 
1.00257 0.586901 0.00038451 2.68077 
0.999723 0.58652 -0.00919455 2.67249 
1.00028 0.586997 -0.00775863 2.67465 
1.00076 0.585659 -0.0062002 2.6765 
1.00334 0.585032 0.00794248 2.68231 
1.00375 0.585427 0.00914172 2.68391 
1.00507 0.581075 0.0103654 2.68579 
0.976785 0.62228 -0.036034 2.61934 
0.978918 0.618797 -0.0337086 2.62406 
0.987729 0.606083 -0.0420398 2.64574 
0.98666 0.614622 -0.00513441 2.64506 
0.987337 0.612466 -0.0042714 2.64593 
0.98968 0.610099 -0.00548798 2.65216 
0.994946 0.603249 0.00139171 2.66525 
0.992919 0.605371 0.00257496 2.65985 
0.990419 0.610641 0.00638387 2.65491 
0.988476 0.604706 -0.0234718 2.6459 
0.991232 0.59943 -0.0260195 2.65202 
0.995672 0.591201 -0.0289609 2.66295 
0.99645 0.599004 0.0057629 2.66767 
0.996471 0.598655 0.0069163 2.66754 
0.99878 0.594595 0.00969877 2.67279 
0.978836 0.623714 -0.0567677 2.62922 
0.982431 0.613491 -0.0607563 2.63507 
0.987488 0.594754 -0.0665045 2.64193 
0.999504 0.59384 0.0221217 2.67498 
0.997108 0.595189 0.023674 2.66787 
0.993493 0.60602 0.0310874 2.66275 
0.999996 0.56883 -0.0588702 2.66941 
1.0017 0.5663 -0.066005 2.67491 
0.99422 0.566734 -0.0891708 2.65273 
0.999688 0.592934 -3.86426e-05 2.67489 
0.999783 0.592797 -8.93329e-05 2.67513 
0.99985 0.592054 -0.000191357 2.67496 
1.00227 0.587566 1.41567e-05 2.68018 
1.00222 0.587665 9.28712e-05 2.68008 
1.00219 0.587655 0.000287639 2.67995 
1.00752 0.576761 0.00104925 2.69145 
1.00715 0.577898 0.00166589 2.69088 
1.00631 0.580003 0.00345474 2.68928 
1.00143 0.56074 -0.00130393 2.6731 
1.00151 0.559544 -0.00221174 2.6727 
1.00267 0.57237 -0.00586056 2.6792 
0.92327 0.629564 -0.140246 2.47118 
0.921155 0.648267 -0.130395 2.47531 
0.924509 0.664559 -0.0997516 2.48994 
0.984239 0.620378 0.0446796 2.642 
0.979752 0.6239 0.0449003 2.62958 
0.972444 0.641342 0.04825 2.61771 
0.864149 0.727783 0.0520792 2.35116 
0.880382 0.727893 0.0598719 2.39988 
0.910953 0.699021 0.0568312 2.46694 
0.997982 0.570991 -0.000379926 2.66589 
0.997949 0.570715 -0.000621775 2.66562 
0.999166 0.58173 -0.00133247 2.67169 
1.00328 0.585462 0.000205753 2.68231 
1.00324 0.585642 0.000302331 2.68227 
1.00309 0.586022 0.000706292 2.68199 
0.930297 0.673835 0.140386 2.51786 
0.944113 0.66589 0.144227 2.55621 
0.959351 0.639053 0.128272 2.58262 
0.989325 0.609468 -0.000501735 2.65053 
0.990616 0.608065 -0.00168891 2.65393 
0.992203 0.60387 -0.00460954 2.65669 
1.00238 0.585171 0.027477 2.67956 
1.00248 0.587931 0.0334439 2.68176 
1.00435 0.579601 0.0448452 2.68364 
0.998685 0.593904 -0.00172366 2.6722 
0.999002 0.59367 -0.00111193 2.67311 
0.999382 0.592511 -0.00113923 2.67371 
0.997166 0.596687 -0.000373225 2.66874 
0.997771 0.595789 -0.000676467 2.67021 
0.9983 0.594688 -0.00155207 2.67137 
0.969242 0.637 -0.00666038 2.60316 
0.971317 0.636179 -0.0132362 2.60946 
0.972858 0.628086 -0.0264243 2.60976 
1.00117 0.590177 0.000275435 2.67803 
1.00055 0.590936 0.000991589 2.67642 
0.999958 0.592174 0.00319776 2.67521 
0.961383 0.657482 -0.00962607 2.59209 
0.958242 0.654377 -0.0183317 2.58022 
0.952914 0.668634 -0.0331552 2.57407 
0.999851 0.586985 -0.00655754 2.67278 
0.999378 0.586836 -0.00729541 2.6711 
0.998314 0.591708 -0.00683757 2.66989 
1.00143 0.588978 0.00121079 2.6782 
1.00143 0.589295 0.00162897 2.67839 
1.00178 0.588469 0.00253582 2.67906 
1.00282 0.58707 0.0106575 2.68179 
1.00252 0.586472 0.00853085 2.68039 
1.00164 0.589094 0.00618646 2.679 
1.02914 0.541115 0.0512453 2.74655 
1.02504 0.53879 0.0439821 2.73097 
1.01741 0.560139 0.0397606 2.71629 
1.01097 0.578357 0.135722 2.71482 
1.01001 0.566765 0.120985 2.70267 
1.00724 0.575824 0.10053 2.69581 
0.995837 0.53086 -0.116422 2.64684 
0.988122 0.537942 -0.118339 2.62497 
0.978512 0.588459 -0.111485 2.61608 
0.985671 0.614171 0.0236754 2.64179 
0.984052 0.620094 0.0272526 2.64039 
0.983727 0.61809 0.042035 2.63867 
1.00504 0.58258 0.0230262 2.68683 
1.0064 0.578786 0.0241923 2.6892 
1.00997 0.573632 0.0228638 2.69821 
0.923643 0.677959 -0.084089 2.49481 
0.911578 0.684375 -0.0809626 2.46194 
0.901381 0.704989 -0.0520151 2.44386 
0.957237 0.656997 0.0121973 2.57837 
0.952353 0.665247 0.0110001 2.56871 
0.936218 0.678323 0.017396 2.52756 
1.00872 0.574794 0.00504264 2.69438 
1.00837 0.575984 0.00572175 2.69389 
1.00834 0.575071 0.010729 2.69332 
1.00825 0.542841 -0.0320136 2.68467 
1.00716 0.559074 -0.034372 2.68769 
1.00409 0.56998 -0.0255639 2.68169 
1.00864 0.545388 -0.00586466 2.68987 
1.00819 0.542265 -0.00894253 2.68668 
1.00768 0.557828 -0.0161759 2.68908 
0.998494 0.566298 -0.000323185 2.66602 
0.998576 0.565855 -0.000648731 2.66604 
0.999776 0.574856 -0.00185144 2.67159 
1.00277 0.571456 -0.00773497 2.67889 
1.00383 0.569212 -0.00707684 2.68157 
1.0053 0.563375 -0.0125998 2.68365 
0.999344 0.588035 -0.00389344 2.67136 
0.999239 0.589821 -0.00385735 2.67189 
0.999319 0.590777 -0.00204859 2.67261 
1.00455 0.582987 0.000288237 2.68512 
1.00442 0.583437 0.000543637 2.68493 
1.00416 0.584138 0.00125296 2.68446 
0.965073 0.648658 0.0483348 2.59882 
0.96109 0.65158 0.0408366 2.58769 
0.950106 0.666661 0.0351439 2.56305 
0.992965 0.596013 -0.0205129 2.65528 
0.991291 0.600089 -0.0186884 2.65203 
0.990035 0.604666 -0.0136839 2.65024 
1.00172 0.58854 0.00493081 2.67893 
1.00206 0.588145 0.00482461 2.67982 
1.00228 0.587326 0.00268195 2.68007 
0.921394 0.696118 0.0633592 2.49738 
0.917667 0.689351 0.0749412 2.4816 
0.940077 0.671791 0.107023 2.54178 
1.01643 0.560047 0.00767428 2.7121 
1.01467 0.56221 0.0079387 2.70735 
1.01176 0.570168 0.0105178 2.70202 
0.861305 0.716202 -0.0522801 2.33473 
0.870536 0.72346 -0.0428611 2.36735 
0.889396 0.712362 -0.0259385 2.412 
0.999977 0.587148 -0.00172439 2.67397 
0.999926 0.587001 -0.00202456 2.67342 
0.999682 0.588224 -0.00219807 2.6726 
1.00296 0.58636 0.00307956 2.68176 
1.00285 0.586381 0.00243803 2.68142 
1.00251 0.5871 0.00194507 2.6807 
0.985128 0.602721 0.129338 2.64271 
0.985595 0.606276 0.123464 2.64543 
0.976458 0.621594 0.108575 2.62331 
0.999203 0.581713 -0.00156522 2.6717 
0.999375 0.580249 -0.00104633 2.672 
0.999531 0.57766 -0.00260023 2.67167 
1.00351 0.585187 0.000816186 2.68291 
1.00347 0.58527 0.000969468 2.68282 
1.00356 0.585029 0.00181392 2.68301 
0.999918 0.591566 -0.000287969 2.67493 
0.999917 0.591146 -0.000203891 2.67472 
0.999879 0.590715 -0.000529801 2.67439 
1.00239 0.587338 5.64317e-05 2.68042 
1.00236 0.58738 5.50443e-05 2.68037 
1.00231 0.587447 0.000148966 2.68024 
1.00581 0.580589 0.00372759 2.68794 
1.00561 0.581398 0.00261575 2.68772 
1.00473 0.582855 0.00219741 2.68564 
1.00034 0.567127 -0.00241333 2.67076 
1.00092 0.574152 -0.00340533 2.67463 
1.00044 0.580769 -0.00351731 2.67514 
0.999729 0.587625 -0.000815645 2.67302 
0.999764 0.587608 -0.000939446 2.67313 
0.999766 0.587858 -0.00130452 2.67281 
1.00267 0.586752 0.00108547 2.68103 
1.00259 0.586961 0.00111158 2.68089 
1.00238 0.587278 0.00119591 2.68039 
0.997532 0.572476 -0.000133777 2.66496 
0.997503 0.572304 -0.00024352 2.66476 
0.998408 0.579648 -0.000485438 2.66908 
1.0028 0.586513 3.72539e-05 2.68134 
1.00276 0.586569 7.41521e-05 2.68123 
1.00269 0.586803 0.000153606 2.68114 
0.998213 0.576251 -0.000388406 2.66756 
0.998745 0.5808 -0.000981747 2.67027 
0.998928 0.584015 -0.000651715 2.67138 
1.00296 0.586146 0.000749745 2.68164 
1.00293 0.586355 0.000523982 2.68167 
1.00275 0.586604 0.000325783 2.68121 
0.951205 0.617135 -0.123849 2.54801 
0.952629 0.625659 -0.11667 2.55532 
0.968708 0.614248 -0.0959168 2.59629 
0.999771 0.588469 -0.000266641 2.67319 
0.999758 0.588434 -0.000440255 2.67312 
0.999808 0.590082 -0.000563802 2.67386 
1.00246 0.587231 0.000344501 2.6806 
1.00244 0.587224 0.000310922 2.68054 
1.00239 0.587396 0.000271463 2.68047 
0.893806 0.719947 0.0218368 2.43117 
0.899672 0.710006 0.0202106 2.44019 
0.912352 0.705648 0.000632374 2.47502 
1.01786 0.550691 0.0686346 2.71444 
1.01553 0.562663 0.0672245 2.71302 
1.00654 0.574573 0.0717833 2.68984 
1.00597 0.580202 0.0106436 2.6883 
1.00604 0.579863 0.013049 2.68837 
1.00718 0.577927 0.0161636 2.69115 
1.01566 0.559175 0.0341165 2.70962 
1.0167 0.561387 0.029443 2.7142 
1.01369 0.564047 0.0188257 2.70523 
0.956102 0.644052 -0.07145 2.5704 
0.960405 0.638651 -0.0683792 2.58045 
0.972905 0.621322 -0.0786184 2.6107 
1.00238 0.587344 0.000628224 2.6804 
1.00235 0.587451 0.00060648 2.68038 
1.00223 0.587578 0.000988987 2.68006 
0.999776 0.590059 -0.000758419 2.67374 
0.999792 0.589615 -0.000666486 2.67359 
0.999723 0.589071 -0.00115328 2.67312 
1.00071 0.586688 -0.0132133 2.6764 
1.00131 0.5852 -0.0126776 2.67815 
1.00325 0.581001 -0.0127753 2.68355 
0.986756 0.614644 0.0885954 2.64991 
0.980856 0.61864 0.0860722 2.63287 
0.970195 0.640383 0.0931328 2.61334 
1.00093 0.585897 -0.00560112 2.6773 
1.00057 0.585952 -0.00494152 2.67612 
1.00045 0.586247 -0.00365505 2.67614 
0.999361 0.588277 -0.027533 2.6736 
1.00019 0.587466 -0.0235209 2.6758 
1.00211 0.584077 -0.0199545 2.68056 
1.00383 0.584948 0.00509922 2.68387 
1.00414 0.58365 0.00496681 2.68414 
1.00453 0.583269 0.00343417 2.68523 
0.997625 0.59222 -0.00708864 2.66789 
0.997266 0.593297 -0.00905172 2.66736 
0.994401 0.597245 -0.011094 2.66022 
0.960387 0.6482 0.0685257 2.58467 
0.956571 0.659483 0.0721624 2.58069 
0.949063 0.663323 0.0861555 2.56112 
1.00005 0.586955 -0.00250657 2.6742 
1.00006 0.587027 -0.0022262 2.67469 
1.00003 0.585506 -0.00188592 2.67498 
1.00311 0.585912 0.00220661 2.682 
1.00325 0.585899 0.00280586 2.68247 
1.00367 0.584599 0.00317778 2.68312 
1.00215 0.587767 0.000389741 2.67991 
1.00207 0.58781 0.00045709 2.67964 
1.00197 0.588163 0.000977113 2.67951 
0.999594 0.593091 -0.000368158 2.67469 
0.999603 0.592514 -0.00055636 2.67441 
0.999666 0.591432 -0.000852869 2.67407 
0.999691 0.587394 -0.000824445 2.67329 
0.999637 0.587398 -0.000723998 2.67312 
0.99947 0.586988 -0.000736622 2.67282 
1.00259 0.586946 0.000838262 2.68089 
1.00264 0.586751 0.000814337 2.68092 
1.0027 0.586754 0.000544401 2.68115 
0.988505 0.606599 0.0584084 2.64804 
0.987257 0.612057 0.0651451 2.64783 
0.987019 0.607709 0.0818084 2.64576 
0.948882 0.665465 -0.0396288 2.55938 
0.951942 0.662826 -0.0451471 2.56759 
0.952134 0.650929 -0.0610858 2.56145 
0.936261 0.669136 -0.044037 2.52268 
0.933736 0.67277 -0.0485607 2.51808 
0.921785 0.685667 -0.0530684 2.49114 
0.995918 0.599368 -0.00287376 2.66623 
0.995975 0.59854 -0.00359646 2.66596 
0.995082 0.599079 -0.00700392 2.6634 
1.00567 0.582723 0.0507226 2.69019 
1.00241 0.584074 0.0530493 2.68023 
0.997821 0.597143 0.0680716 2.67379 
0.927876 0.683212 0.011271 2.50507 
0.926823 0.683195 -0.00162704 2.50185 
0.921944 0.689033 -0.0187101 2.49178 
1.00262 0.586851 2.9623e-05 2.68093 
1.00263 0.586888 4.24016e-05 2.68097 
1.00263 0.586897 0.000110417 2.68099 
1.00258 0.586992 3.50851e-05 2.68086 
1.00257 0.587007 5.03461e-05 2.68083 
1.00257 0.587012 0.000182217 2.68084 
0.997095 0.57378 -7.73037e-05 2.66402 
0.997158 0.573706 -0.00019178 2.66418 
0.99811 0.579755 -0.000469027 2.66825 
0.999197 0.58593 -0.000696939 2.67173 
0.99896 0.584514 -0.000467037 2.67116 
0.998681 0.582559 -0.00131723 2.67035 
0.999261 0.59155 0.0198169 2.67275 
1.00119 0.591525 0.017171 2.67909 
1.00114 0.588408 0.0133248 2.67701 
0.980848 0.625166 -0.00116744 2.63284 
0.978612 0.622662 -0.0075706 2.62406 
0.977504 0.630174 -0.00840937 2.6254 
1.01764 0.52186 -0.0621121 2.71004 
1.01073 0.520293 -0.0689073 2.68609 
1.00654 0.548218 -0.0682577 2.68328 
0.988471 0.612037 0.0025719 2.64932 
0.988271 0.612734 0.00117381 2.64909 
0.98756 0.612863 0.000164603 2.64684 
0.999744 0.588067 -0.000278758 2.67308 
0.999764 0.588114 -0.000197267 2.67318 
0.999681 0.587681 -0.000220217 2.67302 
1.00247 0.587091 0.000349921 2.68056 
1.0025 0.587099 0.000451998 2.68066 
1.00253 0.586965 0.000460729 2.68068 
0.999942 0.586485 -0.00657251 2.67318 
1.00025 0.586942 -0.00548866 2.67452 
1.00029 0.586376 -0.00543764 2.67475 
1.00341 0.584623 0.0110432 2.68231 
1.00388 0.585403 0.0129132 2.68438 
1.00435 0.582391 0.0129844 2.68421 
0.979564 0.61935 -0.0281369 2.62592 
0.981335 0.616618 -0.0264216 2.62997 
0.983737 0.612521 -0.0329616 2.63563 
0.987885 0.613028 -0.00152271 2.64802 
0.98835 0.61189 -0.00123788 2.64883 
0.98876 0.611852 -0.00218817 2.65016 
0.992309 0.607688 0.00135968 2.65926 
0.990334 0.609328 0.00169318 2.65375 
0.990029 0.610668 0.00268969 2.6536 
0.993234 0.595851 -0.0220319 2.65643 
0.995937 0.592675 -0.0220241 2.66366 
0.9964 0.590007 -0.0228227 2.66404 
0.995035 0.601474 0.0102892 2.66453 
0.994982 0.600954 0.0118323 2.66407 
0.996459 0.598681 0.0133092 2.6676 
0.987236 0.607706 -0.0541978 2.647 
0.991138 0.599739 -0.0554013 2.65536 
0.991666 0.593732 -0.0560834 2.65406 
0.99573 0.600659 0.0217986 2.66657 
0.992812 0.602322 0.0212469 2.6579 
0.992509 0.606582 0.0243659 2.65961 
1.00334 0.549146 -0.0721258 2.6731 
1.00646 0.544987 -0.0819401 2.68342 
1.00168 0.544831 -0.0914463 2.66794 
0.999838 0.592678 -2.8706e-05 2.67524 
0.999906 0.592589 -4.87018e-05 2.67541 
0.999904 0.59239 -7.04092e-05 2.67531 
1.00217 0.587787 2.881e-05 2.67997 
1.00208 0.587972 0.000170212 2.67978 
1.00209 0.587902 0.000205668 2.67976 
1.00649 0.578946 0.000725137 2.68926 
1.00623 0.579811 0.00120653 2.68887 
1.00618 0.58012 0.00169172 2.6889 
1.00284 0.558155 -0.00187888 2.67653 
1.00292 0.556536 -0.00314664 2.67587 
1.00324 0.562476 -0.00442893 2.67795 
0.901224 0.657731 -0.124337 2.41905 
0.903109 0.676854 -0.111302 2.43643 
0.908295 0.674407 -0.104122 2.44835 
0.976816 0.633111 0.0377938 2.62576 
0.971573 0.634525 0.0335775 2.60949 
0.970469 0.643649 0.0359969 2.61226 
0.871905 0.723037 0.0739884 2.37138 
0.887236 0.72175 0.0810447 2.41674 
0.89834 0.707317 0.0727293 2.43681 
0.998278 0.570288 -0.000527343 2.66658 
0.998234 0.569903 -0.000862375 2.66621 
0.998811 0.575574 -0.00120651 2.66918 
1.00312 0.585803 0.00016264 2.68196 
1.00308 0.585945 0.000238984 2.68193 
1.00308 0.586 0.000354744 2.68195 
0.953202 0.648 0.154352 2.57368 
0.963109 0.63882 0.151957 2.59875 
0.964285 0.630564 0.144622 2.59543 
0.990994 0.60591 -0.000732916 2.65386 
0.992842 0.604153 -0.00183371 2.6589 
0.992906 0.603166 -0.00248347 2.65854 
1.00044 0.58823 0.0355451 2.67521 
0.999799 0.592898 0.0435776 2.67624 
1.00054 0.586982 0.0456895 2.67529 
0.998971 0.593983 -0.000780431 2.67315 
0.999234 0.593804 -0.000461027 2.67392 
0.999283 0.59339 -0.000709355 2.67384 
0.998275 0.595025 -0.000258108 2.67143 
0.998688 0.594445 -0.000426495 2.67246 
0.998713 0.594537 -0.000629009 2.67261 
0.974643 0.628563 -0.0130266 2.61516 
0.977569 0.62715 -0.0163343 2.62385 
0.976915 0.624023 -0.019885 2.61988 
1.00033 0.592111 0.000434952 2.67642 
0.999359 0.593272 0.00147949 2.67387 
0.999341 0.593658 0.0019443 2.67404 
0.961106 0.656617 -0.0267403 2.5912 
0.959709 0.649371 -0.0367598 2.58239 
0.958685 0.659041 -0.0392248 2.58595 
0.999579 0.587299 -0.00906767 2.67207 
0.99888 0.587291 -0.00989917 2.66972 
0.998509 0.589644 -0.00925167 2.66954 
1.00115 0.589504 0.00245475 2.67758 
1.00121 0.589773 0.00302734 2.67796 
1.00141 0.589113 0.00334303 2.67823 
1.00292 0.586692 0.00771324 2.68188 
1.00263 0.586336 0.00625055 2.68068 
1.0023 0.587768 0.00602878 2.6804 
1.02696 0.543144 0.0348933 2.73936 
1.02332 0.542842 0.03052 2.72668 
1.02085 0.552903 0.0324374 2.7237 
1.02105 0.560203 0.116764 2.73565 
1.01877 0.550646 0.10296 2.72089 
1.01574 0.561122 0.102244 2.71628 
0.981673 0.549057 -0.132585 2.61113 
0.973492 0.561129 -0.131344 2.59053 
0.973617 0.581479 -0.128532 2.60007 
0.980398 0.621998 0.0261278 2.6296 
0.977644 0.63108 0.0300911 2.62675 
0.977661 0.626349 0.0358689 2.6239 
1.00686 0.579292 0.0287694 2.69118 
1.00872 0.574104 0.0303169 2.69448 
1.00997 0.573691 0.0292631 2.69842 
0.907764 0.689624 -0.0857776 2.45549 
0.892416 0.696604 -0.0802626 2.41357 
0.894118 0.705353 -0.0674244 2.42418 
0.950477 0.665555 0.00301742 2.56299 
0.944747 0.672962 -0.000773991 2.55041 
0.939408 0.676453 0.00251774 2.53616 
1.00747 0.577269 0.00625194 2.69161 
1.00713 0.578515 0.00671767 2.69116 
1.00727 0.577484 0.00850057 2.69109 
1.0043 0.561006 -0.0377739 2.67875 
1.003 0.575615 -0.038396 2.68119 
1.00262 0.573411 -0.0323918 2.67851 
1.01157 0.539936 -0.0101807 2.69703 
1.01052 0.536061 -0.01452 2.6914 
1.0099 0.545093 -0.0159739 2.69191 
0.998932 0.565281 -0.000389946 2.66702 
0.999039 0.564741 -0.000778794 2.66707 
0.999492 0.568247 -0.00111521 2.66892 
1.0035 0.561047 -0.00692217 2.67791 
1.00474 0.558013 -0.00550599 2.68091 
1.00506 0.556178 -0.00870766 2.68096 
0.998902 0.590445 -0.00385607 2.67109 
0.998774 0.592104 -0.00372469 2.67156 
0.998953 0.591697 -0.00273142 2.67191 
1.00414 0.583834 0.00023311 2.68423 
1.00403 0.584198 0.000439528 2.68408 
1.00403 0.584311 0.000616184 2.68414 
0.963909 0.649901 0.0349748 2.5953 
0.961648 0.651948 0.0275974 2.58924 
0.958477 0.657045 0.028449 2.58265 
0.988427 0.602893 -0.0213473 2.64431 
0.987245 0.60812 -0.0176647 2.6434 
0.987482 0.606923 -0.0162197 2.64331 
1.00223 0.587372 0.00487618 2.67995 
1.00251 0.587246 0.00458262 2.6808 
1.00244 0.586947 0.00350987 2.68037 
0.912301 0.703492 0.0810254 2.47721 
0.90877 0.694664 0.0945355 2.46083 
0.923704 0.690282 0.107904 2.50511 
1.0134 0.565743 0.00418411 2.70501 
1.01216 0.567773 0.00488603 2.70196 
1.01179 0.569851 0.00595823 2.7019 
0.855211 0.724069 -0.0289831 2.3219 
0.866024 0.729906 -0.0191186 2.35822 
0.874048 0.721745 -0.0187661 2.37419 
1.00001 0.58697 -0.00243986 2.6737 
0.999885 0.586828 -0.00277637 2.67296 
0.999772 0.587299 -0.00269511 2.67258 
1.00296 0.586353 0.00225737 2.68176 
1.00285 0.586386 0.00178837 2.68143 
1.00272 0.586743 0.0018372 2.68121 
0.989861 0.597535 0.110789 2.65228 
0.989901 0.60127 0.106171 2.65401 
0.985702 0.606577 0.102968 2.64315 
0.998817 0.575402 -0.00177635 2.669 
0.998973 0.573174 -0.000883854 2.66905 
0.998978 0.572643 -0.00217185 2.66876 
1.00329 0.58559 0.00115242 2.68243 
1.00324 0.585724 0.00126561 2.68232 
1.00329 0.585565 0.00157919 2.68241 
0.999893 0.590617 -0.000400195 2.6744 
0.999901 0.590023 -0.000275702 2.67416 
0.999896 0.59003 -0.000524107 2.67415 
1.00235 0.587402 3.92056e-05 2.68034 
1.00233 0.587435 3.23541e-05 2.6803 
1.00232 0.587441 6.5963e-05 2.68027 
1.00573 0.580779 0.00218939 2.68779 
1.00547 0.581538 0.00125738 2.68734 
1.00512 0.582039 0.00164931 2.68648 
1.0011 0.574113 -0.00403337 2.67493 
1.00143 0.580535 -0.00489362 2.6781 
1.00092 0.58069 -0.00440213 2.67648 
0.999714 0.587411 -0.000906005 2.67319 
0.999765 0.587384 -0.00102141 2.67334 
0.999788 0.587336 -0.0011858 2.67306 
1.00256 0.586965 0.000891209 2.68079 
1.0025 0.587113 0.000893091 2.68066 
1.00245 0.587174 0.000925511 2.68053 
0.997576 0.572097 -0.000108527 2.66498 
0.997547 0.571959 -0.000202097 2.6648 
0.997969 0.575402 -0.000279878 2.66681 
1.00274 0.586636 2.77845e-05 2.6812 
1.00271 0.586676 5.50693e-05 2.68113 
1.0027 0.586758 7.67821e-05 2.68115 
0.998912 0.581739 -0.000639108 2.67086 
0.999262 0.584838 -0.00101653 2.67257 
0.999139 0.584797 -0.000689718 2.67214 
1.00296 0.586133 0.000435801 2.68164 
1.00292 0.586331 0.000244518 2.68162 
1.00284 0.586402 0.000276814 2.68138 
0.947009 0.636865 -0.107739 2.54339 
0.948752 0.639131 -0.101027 2.5485 
0.957469 0.63094 -0.096101 2.57052 
0.999775 0.588345 -0.000439053 2.67316 
0.999761 0.588312 -0.00060814 2.67309 
0.999804 0.588979 -0.000592792 2.67339 
1.00246 0.587241 0.00021151 2.68061 
1.00245 0.587238 0.000185994 2.68057 
1.00243 0.587318 0.000188846 2.68056 
0.909996 0.706667 0.0299813 2.46899 
0.914944 0.698942 0.0275855 2.47768 
0.917063 0.701704 0.0188369 2.48625 
1.01439 0.559699 0.0572797 2.7068 
1.01253 0.569363 0.0561512 2.70584 
1.00989 0.569359 0.0594511 2.69718 
1.00521 0.58187 0.0136188 2.68677 
1.00496 0.581719 0.0160344 2.6859 
1.00548 0.581374 0.0165311 2.68744 
1.01852 0.552962 0.028042 2.71573 
1.01902 0.556454 0.0222525 2.71911 
1.0168 0.557101 0.0196094 2.71192 
0.961859 0.644611 -0.0620432 2.58812 
0.96548 0.639991 -0.0594362 2.59659 
0.969042 0.634571 -0.0668381 2.60513 
1.00233 0.587438 0.000541541 2.6803 
1.00231 0.587544 0.000512435 2.68029 
1.00226 0.587545 0.000666207 2.68014 
0.999777 0.58895 -0.00079166 2.67328 
0.999779 0.58857 -0.000715637 2.67316 
0.999756 0.588538 -0.000943143 2.67306 
1.00155 0.585416 -0.0105834 2.67904 
1.0019 0.583297 -0.00991903 2.6799 
1.00251 0.582428 -0.0100017 2.68166 
0.980547 0.623505 0.0830561 2.63467 
0.974882 0.627821 0.0784579 2.61861 
0.972839 0.635498 0.0834699 2.61752 
1.00049 0.586568 -0.00493853 2.67558 
1.00024 0.586568 -0.00436411 2.67477 
1.00036 0.586734 -0.00397667 2.67534 
0.999231 0.58811 -0.0214318 2.67241 
0.9997 0.587602 -0.0185289 2.67363 
1.00036 0.586585 -0.0185563 2.67535 
1.00451 0.583541 0.0054498 2.68532 
1.00487 0.582051 0.0052079 2.68566 
1.00492 0.582605 0.00438417 2.68614 
0.997572 0.590128 -0.00980502 2.6667 
0.997119 0.591578 -0.0124911 2.66609 
0.995855 0.592628 -0.0127172 2.6625 
0.949265 0.663972 0.0621489 2.55991 
0.944321 0.675986 0.0643091 2.55332 
0.94186 0.673476 0.069235 2.54419 
0.999956 0.587049 -0.00173202 2.67435 
0.999878 0.586833 -0.00156124 2.67449 
0.999874 0.586312 -0.00145009 2.67453 
1.00316 0.585879 0.00306829 2.68215 
1.0033 0.585892 0.00387354 2.68262 
1.00343 0.585271 0.00372458 2.6827 
1.00201 0.58806 0.000322733 2.67961 
1.00189 0.588128 0.000352946 2.67925 
1.00187 0.588323 0.000577548 2.6793 
0.9997 0.592469 -0.000455556 2.67471 
0.999703 0.591738 -0.000641535 2.67433 
0.99972 0.591592 -0.000652609 2.67432 
0.999733 0.587619 -0.000741799 2.67316 
0.9997 0.587617 -0.000666451 2.67305 
0.999666 0.587564 -0.000653343 2.67306 
1.0027 0.58676 0.00100037 2.68114 
1.00275 0.586508 0.000956954 2.68117 
1.00277 0.58664 0.000795869 2.6813 
0.983551 0.614114 0.0651757 2.63694 
0.981522 0.621291 0.0727629 2.63552 
0.981682 0.616288 0.077341 2.63323 
0.956804 0.65704 -0.0437313 2.57892 
0.960197 0.654419 -0.0481144 2.58827 
0.958637 0.65045 -0.0531367 2.58102 
0.936722 0.668404 -0.0604367 2.5252 
0.93433 0.669613 -0.0657533 2.51952 
0.930142 0.675707 -0.0668421 2.51093 
0.996723 0.597713 -0.00402076 2.66795 
0.996834 0.595896 -0.00461561 2.66729 
0.996526 0.596897 -0.00581737 2.66687 
1.00075 0.591085 0.0513096 2.67874 
0.997076 0.593248 0.0518236 2.66785 
0.996657 0.598413 0.0580067 2.66997 
0.931212 0.678134 -0.00506014 2.51171 
0.932061 0.67738 -0.015974 2.51407 
0.929711 0.679115 -0.0183048 2.50818 
1.00261 0.586904 1.96389e-05 2.68091 
1.00261 0.586929 2.82891e-05 2.68094 
1.00261 0.58692 4.24972e-05 2.68094 
1.00254 0.587057 5.25202e-05 2.68078 
1.00252 0.587084 6.65394e-05 2.68073 
1.00253 0.587083 0.000128995 2.68075 
0.99717 0.573441 -7.77465e-05 2.66415 
0.99725 0.573356 -0.000196439 2.66437 
0.997611 0.575862 -0.000261803 2.66592 
0.99861 0.582692 -0.00119711 2.66994 
0.998279 0.58006 -0.000683311 2.66877 
0.998302 0.580078 -0.00152895 2.66886 
0.993314 0.603361 0.017576 2.66012 
0.996077 0.601063 0.018488 2.66788 
0.997022 0.596453 0.0145805 2.66814 
0.998928 0.595529 0.0138052 2.6739 
0.999257 0.592025 0.0146197 2.67291 
1.00075 0.591945 0.0126923 2.67779 
0.999307 0.592362 0.0106432 2.67321 
1.0005 0.592214 0.00927206 2.67707 
1.00061 0.590213 0.0070494 2.67623 
0.988158 0.612308 0.0148125 2.64863 
0.985333 0.616167 0.0148626 2.64179 
0.984516 0.618988 0.01589 2.64094 
0.980723 0.622725 0.0140849 2.63093 
0.97961 0.627859 0.00560634 2.63059 
0.975999 0.627244 -0.000887381 2.61852 
0.979431 0.628338 0.0150354 2.63042 
0.974424 0.630808 0.00984741 2.61576 
0.972588 0.640158 0.0103877 2.6161 
1.01679 0.528857 -0.0312779 2.70937 
1.01304 0.52508 -0.0373612 2.69475 
1.01033 0.544035 -0.0387561 2.69254 
1.00754 0.543176 -0.0453985 2.68275 
1.00942 0.54464 -0.0522138 2.69028 
1.00526 0.544985 -0.0585782 2.67659 
1.00539 0.56344 -0.0456278 2.68403 
1.0019 0.564532 -0.0493636 2.67298 
0.999776 0.582381 -0.0476944 2.67432 
0.98802 0.612459 0.0128007 2.64823 
0.986739 0.614934 0.00871555 2.64553 
0.984453 0.616614 0.00798346 2.63909 
0.984466 0.618303 0.0037801 2.64019 
0.986195 0.614881 0.0026246 2.64365 
0.986598 0.61552 0.000398957 2.64538 
0.982328 0.618104 7.03113e-05 2.63308 
0.983898 0.61833 -0.00298218 2.63838 
0.982605 0.616059 -0.00870673 2.63282 
0.999755 0.587966 -0.000612971 2.6731 
0.999773 0.587993 -0.000554604 2.67319 
0.999673 0.587582 -0.000580815 2.67302 
0.999689 0.58759 -0.000541347 2.6731 
0.999692 0.58759 -0.000411059 2.67305 
0.999719 0.58764 -0.000312808 2.67318 
0.999512 0.586984 -0.000597952 2.67285 
0.999543 0.586962 -0.0005628 2.67297 
0.99924 0.585367 -0.00071823 2.67218 
1.00247 0.587127 0.000109472 2.68058 
1.00248 0.587135 0.000177256 2.68063 
1.0025 0.58706 0.000185018 2.68064 
1.00252 0.587061 0.000249875 2.68072 
1.00251 0.587023 0.000305743 2.68065 
1.00254 0.58702 0.000383585 2.68076 
1.00254 0.586975 0.000252846 2.68073 
1.00258 0.586962 0.00030689 2.68084 
1.0026 0.586864 0.000301342 2.68086 
0.999147 0.587085 -0.0127342 2.67095 
1.00005 0.587463 -0.0109944 2.67418 
1.00026 0.585662 -0.0110796 2.67425 
1.0009 0.5864 -0.00914183 2.67684 
1.0004 0.585909 -0.00774559 2.67483 
1.00072 0.586584 -0.00630723 2.67635 
1.00105 0.584872 -0.0090751 2.67698 
1.00138 0.585786 -0.00720477 2.67867 
1.00138 0.583573 -0.00701896 2.67823 
1.00321 0.585499 0.00570379 2.68213 
1.00354 0.585698 0.00649022 2.68334 
1.00377 0.584222 0.00646837 2.68325 
1.00422 0.584285 0.00726253 2.68479 
1.00408 0.58333 0.00914404 2.68379 
1.00466 0.583595 0.0104386 2.68589 
1.00449 0.582577 0.00718273 2.6847 
1.0051 0.582434 0.00792526 2.68665 
1.0054 0.58062 0.00776078 2.68661 
0.973351 0.627129 -0.0457337 2.61214 
0.976095 0.622823 -0.0429906 2.61827 
0.980658 0.617697 -0.0511751 2.6305 
0.982585 0.613016 -0.0470163 2.63375 
0.98226 0.61399 -0.0410121 2.63243 
0.983769 0.610298 -0.037704 2.635 
0.987858 0.60827 -0.0512901 2.64851 
0.988772 0.603988 -0.0464861 2.64873 
0.993851 0.600242 -0.046703 2.66341 
0.98512 0.615302 -0.0119474 2.64064 
0.985949 0.612244 -0.0102311 2.6414 
0.987721 0.61153 -0.0116954 2.6468 
0.988146 0.609322 -0.0100189 2.64678 
0.988277 0.612233 -0.00574453 2.64888 
0.98869 0.610515 -0.0047398 2.64916 
0.989742 0.608506 -0.0105545 2.65154 
0.989932 0.606963 -0.00903552 2.65117 
0.991333 0.606142 -0.00903141 2.65529 
0.997226 0.598839 0.0011253 2.67013 
0.995586 0.600849 0.00264587 2.66591 
0.995491 0.601291 0.00378463 2.66587 
0.993959 0.603639 0.00608193 2.66225 
0.992705 0.606361 0.00382259 2.65977 
0.990889 0.608328 0.00491428 2.65499 
0.993798 0.604509 0.00759411 2.66227 
0.991743 0.607162 0.0096555 2.65714 
0.991172 0.6092 0.0116863 2.65657 
0.983634 0.615005 -0.0205434 2.63607 
0.985427 0.608356 -0.0262411 2.63814 
0.985424 0.608937 -0.0284517 2.63885 
0.988766 0.602145 -0.0322984 2.64603 
0.991581 0.597559 -0.0275425 2.65246 
0.995064 0.593587 -0.0276901 2.66182 
0.989144 0.601067 -0.0345518 2.64715 
0.993681 0.595971 -0.0351271 2.65932 
0.994455 0.594712 -0.0372058 2.66181 
0.99764 0.59691 0.00223493 2.67034 
0.997614 0.596741 0.00309595 2.67015 
0.99837 0.595433 0.00403596 2.67188 
0.998454 0.594849 0.00491132 2.67182 
0.997514 0.597033 0.00796754 2.67003 
0.99766 0.595924 0.00915438 2.66986 
0.999233 0.593782 0.00548319 2.67377 
0.999426 0.592652 0.00631702 2.67374 
1.0002 0.591932 0.0064078 2.67588 
0.970572 0.640035 -0.0532019 2.61233 
0.972881 0.628726 -0.0600093 2.61314 
0.972643 0.630632 -0.0624964 2.61402 
0.976378 0.617758 -0.0685843 2.61872 
0.982618 0.61125 -0.0624662 2.63479 
0.987103 0.600615 -0.0653514 2.64354 
0.976294 0.615943 -0.0706935 2.61785 
0.981187 0.602793 -0.075727 2.62653 
0.981127 0.599882 -0.0777602 2.62542 
1.00257 0.587884 0.0198771 2.6816 
1.00112 0.588669 0.0231749 2.67731 
1.00151 0.59082 0.0255768 2.67994 
0.99906 0.592179 0.0286476 2.6727 
0.997147 0.598795 0.0268124 2.67028 
0.993752 0.600722 0.0269902 2.6602 
0.999312 0.596123 0.0323675 2.67605 
0.99546 0.598294 0.0340435 2.66464 
0.995334 0.605041 0.0395829 2.66863 
0.997736 0.583806 -0.0484999 2.66831 
0.9988 0.581962 -0.0538545 2.67156 
0.995999 0.582285 -0.0580029 2.66263 
0.996639 0.581378 -0.0651969 2.66522 
0.998047 0.566582 -0.0719522 2.6632 
0.999572 0.565557 -0.0826889 2.66943 
0.992792 0.582364 -0.0693437 2.65327 
0.992616 0.583552 -0.0796389 2.65472 
0.986858 0.585819 -0.0834781 2.63727 
0.999479 0.593277 -5.31718e-05 2.6744 
0.999612 0.593095 -0.000118399 2.67473 
0.999608 0.592926 -0.000159191 2.67464 
0.999705 0.592758 -0.000228643 2.67486 
0.99978 0.592619 -0.000120553 2.67503 
0.999854 0.592494 -0.000161568 2.6752 
0.999697 0.592346 -0.000263352 2.67462 
0.999782 0.592189 -0.000321489 2.67482 
0.99977 0.591606 -0.000352546 2.67447 
1.00232 0.587459 4.78274e-06 2.68028 
1.0023 0.587506 4.60665e-05 2.68024 
1.0023 0.587468 5.42183e-05 2.68022 
1.00228 0.587549 0.000137779 2.68019 
1.00223 0.587616 0.000111364 2.68006 
1.00218 0.58777 0.000263107 2.67998 
1.00228 0.587474 0.000149915 2.68016 
1.00226 0.587592 0.000283259 2.68014 
1.00227 0.587464 0.000298475 2.68011 
1.0089 0.573825 0.00163314 2.69441 
1.00838 0.575326 0.00240718 2.69352 
1.00822 0.576105 0.00323879 2.69343 
1.00747 0.577149 0.00393759 2.69151 
1.00707 0.578366 0.00229798 2.69087 
1.0065 0.579196 0.0029053 2.68944 
1.00719 0.578315 0.00463702 2.69125 
1.00655 0.579024 0.00490354 2.68951 
1.00625 0.580277 0.00541858 2.68922 
1.00038 0.562774 -0.000982611 2.67059 
1.00046 0.561839 -0.00166918 2.67035 
1.00095 0.566625 -0.00241521 2.67255 
1.00122 0.565849 -0.00366415 2.67293 
1.00194 0.564804 -0.00316739 2.67486 
1.00224 0.563755 -0.00488795 2.67517 
1.00177 0.573768 -0.00441985 2.67697 
1.00186 0.573144 -0.00575802 2.67681 
1.00211 0.580257 -0.00631868 2.68001 
0.944371 0.601806 -0.146859 2.52183 
0.939703 0.618783 -0.139968 2.5163 
0.942128 0.627428 -0.133957 2.52707 
0.936002 0.643783 -0.12099 2.51623 
0.924806 0.651834 -0.123391 2.48668 
0.921141 0.668307 -0.107298 2.48424 
0.938273 0.645323 -0.113797 2.52202 
0.934724 0.658864 -0.10079 2.51819 
0.93706 0.656654 -0.0944868 2.52239 
0.990956 0.60757 0.0465561 2.65607 
0.987613 0.612055 0.049823 2.64803 
0.987397 0.614425 0.0515488 2.64894 
0.982926 0.619279 0.0539468 2.63749 
0.979132 0.629262 0.0470757 2.63125 
0.973442 0.632566 0.0453998 2.6148 
0.982507 0.623742 0.0561845 2.63919 
0.976816 0.628915 0.0576074 2.62405 
0.97619 0.63522 0.0603296 2.62645 
0.859346 0.729449 0.0291855 2.33775 
0.875677 0.731276 0.0375028 2.38776 
0.887938 0.717193 0.0342234 2.41137 
0.897399 0.716668 0.0440645 2.43988 
0.892165 0.713365 0.0537966 2.42178 
0.902364 0.711741 0.0623942 2.45195 
0.906197 0.703764 0.0408322 2.45531 
0.914164 0.702623 0.0481631 2.47922 
0.921362 0.692267 0.0437007 2.4927 
0.99778 0.571588 -0.000320269 2.66546 
0.99776 0.571352 -0.000519722 2.66526 
0.998367 0.576265 -0.000708995 2.66809 
0.998408 0.576235 -0.000928842 2.66811 
0.99855 0.575956 -0.000855335 2.66853 
0.998571 0.575887 -0.00119255 2.66846 
0.999039 0.581807 -0.00104672 2.67133 
0.999028 0.581858 -0.00120839 2.67123 
0.999441 0.585501 -0.00122768 2.67318 
1.00349 0.585023 0.000264429 2.68274 
1.00343 0.585254 0.000388336 2.68269 
1.00341 0.585348 0.000570756 2.68269 
1.00329 0.585523 0.000718773 2.68238 
1.00323 0.58571 0.000447141 2.68228 
1.00313 0.585851 0.000569739 2.68204 
1.00324 0.585734 0.000888903 2.68232 
1.00312 0.585865 0.000963337 2.68202 
1.00305 0.586106 0.00109274 2.68193 
0.905241 0.698289 0.115818 2.45591 
0.923308 0.692582 0.126696 2.50875 
0.926728 0.67794 0.118558 2.5065 
0.940797 0.671471 0.123714 2.5466 
0.946395 0.654213 0.136109 2.55334 
0.957793 0.646554 0.134884 2.58419 
0.943345 0.659643 0.116302 2.54446 
0.954189 0.653714 0.11813 2.57504 
0.956156 0.645146 0.111805 2.57412 
0.988769 0.611594 -0.000106353 2.65 
0.989077 0.61093 -0.00116 2.65061 
0.989084 0.610742 -0.0014982 2.65054 
0.989962 0.609301 -0.00339541 2.65256 
0.990663 0.607295 -0.00225972 2.65364 
0.992173 0.605512 -0.00389568 2.65755 
0.989935 0.608235 -0.00401336 2.65185 
0.991385 0.606298 -0.00603086 2.65547 
0.991369 0.603752 -0.00680113 2.65394 
1.0032 0.584155 0.020882 2.68153 
1.00367 0.585607 0.0250602 2.68407 
1.00434 0.581401 0.0259372 2.68389 
1.00499 0.583309 0.0316025 2.68737 
1.00324 0.582732 0.0348484 2.6813 
1.00334 0.586477 0.0429804 2.68422 
1.0059 0.577678 0.0327519 2.68719 
1.00676 0.580301 0.0405426 2.69191 
1.00794 0.572825 0.0421111 2.69164 
0.99836 0.593381 -0.00306959 2.67086 
0.998761 0.593072 -0.00213793 2.67201 
0.998926 0.592435 -0.0024269 2.67219 
0.999174 0.59223 -0.00168384 2.67289 
0.999101 0.593103 -0.00140547 2.67311 
0.99931 0.592942 -0.000928497 2.67371 
0.999298 0.591735 -0.00188939 2.67303 
0.999445 0.591601 -0.00130784 2.67344 
0.999532 0.591239 -0.00143163 2.67353 
0.995746 0.599015 -0.000419285 2.66542 
0.996449 0.597781 -0.000981597 2.66701 
0.996486 0.598149 -0.00140125 2.66738 
0.997089 0.597014 -0.00192947 2.6687 
0.997806 0.595976 -0.000986963 2.67046 
0.998256 0.595222 -0.00127271 2.67151 
0.997142 0.596531 -0.00233876 2.66863 
0.997757 0.595614 -0.0025876 2.67013 
0.997824 0.594284 -0.00293859 2.66961 
0.965498 0.644485 0.00587642 2.59606 
0.964977 0.64512 -0.00475163 2.59491 
0.962677 0.645757 -0.00747831 2.58803 
0.965287 0.644811 -0.0168576 2.59603 
0.969949 0.634232 -0.0168667 2.60391 
0.973829 0.632408 -0.0215207 2.61545 
0.963182 0.641911 -0.0220316 2.58756 
0.968511 0.639488 -0.0285724 2.6034 
0.967016 0.633258 -0.0354724 2.59492 
1.00167 0.588958 0.000165001 2.679 
1.0013 0.589429 0.000629998 2.67804 
1.0013 0.58952 0.000815332 2.67809 
1.0009 0.59023 0.00179876 2.67718 
1.00054 0.591129 0.00129035 2.67653 
0.999891 0.592235 0.00277027 2.67502 
1.00095 0.590117 0.00206641 2.67729 
1.00049 0.591123 0.0036654 2.67634 
1.00062 0.590588 0.00400637 2.67648 
0.965091 0.652354 0.00638377 2.60023 
0.960622 0.653555 -5.69948e-05 2.58682 
0.959361 0.661596 -0.000625369 2.58842 
0.954917 0.6603 -0.0094545 2.57356 
0.957028 0.663888 -0.0199064 2.58306 
0.954262 0.657726 -0.0308964 2.57054 
0.953493 0.670047 -0.0106098 2.57597 
0.949237 0.665583 -0.0220044 2.5598 
0.947678 0.676833 -0.0238703 2.56307 
0.999924 0.586915 -0.00475019 2.67298 
0.999609 0.586742 -0.00533187 2.6718 
0.999439 0.58833 -0.00510492 2.67185 
0.999052 0.588392 -0.00552473 2.67058 
0.999114 0.588795 -0.00690885 2.67105 
0.998572 0.588978 -0.00736911 2.66934 
0.998864 0.590858 -0.00517982 2.67121 
0.99844 0.591147 -0.00539212 2.66996 
0.998239 0.59341 -0.00495584 2.67053 
1.0017 0.588515 0.000424274 2.67884 
1.00166 0.588815 0.000717971 2.67889 
1.00174 0.58842 0.000959331 2.67892 
1.00175 0.58863 0.00126644 2.67907 
1.00156 0.588778 0.00191184 2.67851 
1.00162 0.588934 0.00232794 2.67883 
1.00185 0.588258 0.00146412 2.67918 
1.00191 0.588349 0.00176016 2.67944 
1.00202 0.588033 0.00189409 2.67962 
1.00244 0.588022 0.0146947 2.68112 
1.0022 0.586985 0.0115435 2.67967 
1.00166 0.589205 0.0109824 2.67919 
1.00158 0.588353 0.0086945 2.67839 
1.00208 0.588279 0.0081811 2.68001 
1.00194 0.587728 0.00652161 2.67921 
1.00121 0.589983 0.0082021 2.67811 
1.00123 0.58926 0.00645415 2.67775 
1.00097 0.590468 0.0060177 2.67759 
1.02938 0.543246 0.0715348 2.74993 
1.02511 0.538246 0.060808 2.73191 
1.02144 0.55201 0.0620492 2.72681 
1.01964 0.549244 0.0515833 2.71855 
1.02188 0.551123 0.0457161 2.72682 
1.01968 0.549956 0.0385269 2.7184 
1.01708 0.560843 0.0521133 2.71619 
1.01566 0.558729 0.0442417 2.70982 
1.01371 0.56785 0.0445688 2.70833 
0.995786 0.602946 0.149406 2.68144 
0.996973 0.589965 0.135775 2.67506 
0.995327 0.594474 0.130513 2.67142 
0.998805 0.585117 0.115279 2.67515 
1.00733 0.575469 0.118375 2.69825 
1.00897 0.567134 0.102625 2.69698 
0.997818 0.591294 0.111145 2.67486 
1.00046 0.583518 0.0984807 2.67747 
0.99944 0.589506 0.0954894 2.6772 
1.00559 0.519447 -0.0976534 2.67195 
0.998876 0.522206 -0.101965 2.65111 
0.997508 0.546006 -0.102342 2.65712 
0.990482 0.552505 -0.103245 2.63706 
0.987347 0.560987 -0.117326 2.63274 
0.978989 0.571422 -0.11453 2.61039 
0.989638 0.571256 -0.102049 2.64229 
0.982818 0.580164 -0.0998348 2.62429 
0.982207 0.592043 -0.0971139 2.62729 
0.989236 0.608791 0.0201233 2.65006 
0.988301 0.612436 0.023084 2.64934 
0.989032 0.609148 0.0262289 2.64977 
0.987952 0.613692 0.0301812 2.64923 
0.984624 0.616049 0.0315352 2.63982 
0.98259 0.623632 0.0365726 2.6383 
0.989076 0.609438 0.0340461 2.65039 
0.987896 0.61495 0.0392875 2.65027 
0.989613 0.609506 0.043924 2.65269 
1.00373 0.584993 0.0187706 2.68375 
1.00473 0.582184 0.019688 2.68547 
1.0054 0.581885 0.0192005 2.68754 
1.00667 0.578223 0.0198592 2.68969 
1.0073 0.578452 0.0234661 2.69202 
1.00905 0.573433 0.0242489 2.69504 
1.00737 0.578279 0.0189197 2.69203 
1.00895 0.573656 0.0191718 2.69468 
1.00964 0.574219 0.0176322 2.69729 
0.936149 0.667889 -0.0815913 2.52582 
0.926545 0.673556 -0.0798124 2.49964 
0.926373 0.680235 -0.071196 2.5031 
0.915703 0.685355 -0.0670014 2.47342 
0.912047 0.692044 -0.0705006 2.46805 
0.898907 0.69742 -0.0639906 2.43145 
0.916917 0.692136 -0.0570514 2.4814 
0.905831 0.696099 -0.0499311 2.44983 
0.908695 0.702586 -0.038969 2.46289 
0.963628 0.647821 0.0182374 2.59247 
0.959462 0.656372 0.0187424 2.58511 
0.956489 0.657566 0.0221767 2.57653 
0.951251 0.66658 0.0225917 2.5663 
0.948265 0.667382 0.0145595 2.55731 
0.941849 0.676114 0.0124321 2.54354 
0.947239 0.667428 0.027396 2.55431 
0.940305 0.677287 0.0275084 2.53977 
0.934551 0.677823 0.0342776 2.52233 
1.01004 0.572198 0.00309672 2.69732 
1.0098 0.573069 0.00398979 2.69699 
1.01031 0.571403 0.00645823 2.69779 
1.00983 0.573059 0.00729326 2.69711 
1.00867 0.574655 0.00785698 2.69416 
1.0082 0.576375 0.00840512 2.69356 
1.01016 0.57134 0.0101264 2.69731 
1.00952 0.573731 0.010769 2.69649 
1.00963 0.57202 0.013916 2.69596 
1.01161 0.529823 -0.0238521 2.69207 
1.01027 0.543202 -0.0265589 2.69218 
1.00842 0.542776 -0.0221163 2.68559 
1.00772 0.556917 -0.0249313 2.68873 
1.00593 0.557638 -0.0286698 2.68261 
1.00496 0.571284 -0.0302657 2.68545 
1.00624 0.556361 -0.0209122 2.68335 
1.00564 0.568809 -0.0230632 2.6866 
1.00452 0.568198 -0.0196067 2.68245 
1.00616 0.549741 -0.00333818 2.68371 
1.00602 0.54745 -0.00540001 2.68199 
1.006 0.552903 -0.00669269 2.68288 
1.00621 0.550712 -0.010233 2.68227 
1.00795 0.549098 -0.010418 2.68742 
1.00789 0.546553 -0.0149389 2.68574 
1.00625 0.560597 -0.011503 2.68574 
1.00609 0.558814 -0.0150049 2.68413 
1.00586 0.569168 -0.0158875 2.68753 
0.998188 0.566984 -0.000202736 2.66528 
0.99821 0.566719 -0.000425176 2.66521 
0.998573 0.570298 -0.000670381 2.66695 
0.998749 0.569924 -0.00127761 2.66723 
0.999001 0.569321 -0.000944081 2.66786 
0.999213 0.568926 -0.00153128 2.66824 
0.999281 0.575767 -0.00157321 2.67047 
0.999483 0.575456 -0.00214603 2.67084 
0.999961 0.580968 -0.0024161 2.67398 
1.00211 0.579691 -0.00762315 2.67962 
1.00298 0.578392 -0.00761572 2.68204 
1.00289 0.577441 -0.0096524 2.68123 
1.004 0.575843 -0.00973387 2.68433 
1.00388 0.567826 -0.00978912 2.68097 
1.00528 0.565128 -0.0091009 2.68455 
1.00384 0.574652 -0.0123676 2.68314 
1.00526 0.572688 -0.0126117 2.68712 
1.00501 0.571184 -0.0160229 2.68545 
0.99972 0.586744 -0.00372239 2.6722 
0.999636 0.587783 -0.0036703 2.67225 
0.999606 0.587555 -0.00282643 2.67202 
0.999548 0.589044 -0.00284181 2.67251 
0.999307 0.589489 -0.0028746 2.67192 
0.99922 0.591072 -0.00283374 2.67246 
0.999565 0.588815 -0.00209952 2.67243 
0.999514 0.590284 -0.00211764 2.673 
0.999562 0.590062 -0.00146673 2.67303 
1.00507 0.581912 0.000365535 2.68622 
1.0049 0.582485 0.000690517 2.68598 
1.00489 0.582635 0.000960573 2.68603 
1.00461 0.583094 0.00131215 2.68538 
1.00441 0.583564 0.000759785 2.68498 
1.00419 0.583935 0.00104961 2.68447 
1.00456 0.583363 0.0015611 2.68536 
1.00431 0.583721 0.00178065 2.68473 
1.00425 0.584027 0.00199317 2.6847 
0.969268 0.642497 0.0626277 2.60899 
0.963139 0.646437 0.0558991 2.59148 
0.959797 0.65362 0.0611125 2.58601 
0.95398 0.65761 0.0517763 2.56968 
0.957686 0.65789 0.0435556 2.58128 
0.95434 0.660658 0.0343124 2.57222 
0.949501 0.665396 0.0554516 2.56117 
0.944398 0.669251 0.0435272 2.54725 
0.938657 0.676782 0.044375 2.53476 
0.996581 0.590817 -0.0173369 2.66427 
0.994906 0.59345 -0.0169245 2.66013 
0.994605 0.594895 -0.0159446 2.65976 
0.993205 0.59823 -0.0147011 2.65701 
0.991175 0.6005 -0.0173615 2.65169 
0.989996 0.604819 -0.014823 2.6503 
0.993027 0.599376 -0.0137725 2.65698 
0.991955 0.602837 -0.012012 2.65545 
0.99189 0.603092 -0.0111146 2.65533 
1.0012 0.589772 0.00470719 2.67792 
1.00157 0.589143 0.00479739 2.67879 
1.00169 0.588695 0.00365385 2.67893 
1.00196 0.588334 0.00361412 2.67958 
1.00208 0.587757 0.00367013 2.67966 
1.0023 0.587577 0.00350614 2.6803 
1.002 0.588022 0.00273914 2.67955 
1.00218 0.587804 0.00266267 2.68002 
1.00219 0.587591 0.00201298 2.67991 
0.929693 0.689991 0.0491816 2.5172 
0.92607 0.684823 0.0592733 2.50264 
0.935276 0.682482 0.0706709 2.53046 
0.93356 0.674663 0.0808571 2.52015 
0.929404 0.686113 0.0873164 2.51673 
0.928333 0.676099 0.0989586 2.5071 
0.943278 0.671339 0.0891008 2.54914 
0.943485 0.661157 0.0990592 2.54347 
0.952899 0.657118 0.103619 2.57111 
1.02008 0.553548 0.013794 2.72098 
1.01764 0.555483 0.0130625 2.71377 
1.01661 0.560638 0.0146542 2.71311 
1.01455 0.56207 0.0139011 2.70697 
1.01404 0.565513 0.00927564 2.70706 
1.01238 0.567077 0.00946506 2.70235 
1.01366 0.566578 0.0151018 2.70646 
1.01204 0.567542 0.0141922 2.70155 
1.01132 0.571192 0.0150853 2.70116 
0.870342 0.705373 -0.0736109 2.35462 
0.877589 0.714014 -0.0647847 2.38231 
0.884724 0.708592 -0.0607131 2.39799 
0.887939 0.715059 -0.0483026 2.41184 
0.878131 0.716464 -0.0406666 2.38309 
0.883339 0.721679 -0.0281932 2.40225 
0.89352 0.706957 -0.0443414 2.42113 
0.897292 0.711791 -0.0334105 2.43576 
0.902432 0.703579 -0.0309879 2.44414 
0.999843 0.587224 -0.00123257 2.67394 
0.999874 0.587194 -0.00143826 2.67365 
0.999851 0.587303 -0.0013833 2.67325 
0.999801 0.587246 -0.00158934 2.67282 
0.999854 0.587233 -0.00194935 2.67299 
0.999739 0.58729 -0.00214363 2.67246 
0.999782 0.587856 -0.00163695 2.67286 
0.999687 0.588193 -0.00165523 2.6726 
0.999654 0.589277 -0.00172579 2.67296 
1.00289 0.586475 0.0040883 2.68161 
1.0028 0.586475 0.00325982 2.68131 
1.0026 0.586952 0.00324133 2.68093 
1.00256 0.586933 0.00257334 2.68078 
1.00269 0.586802 0.00246402 2.68113 
1.00263 0.586804 0.00195255 2.68094 
1.00241 0.58726 0.0025281 2.68048 
1.0024 0.587233 0.00200779 2.68042 
1.00229 0.587454 0.00194842 2.68018 
0.979044 0.613512 0.15116 2.63334 
0.979392 0.614384 0.144473 2.63376 
0.97305 0.622716 0.138555 2.61769 
0.974271 0.623626 0.13161 2.62092 
0.980369 0.612987 0.1191 2.63202 
0.981072 0.614935 0.113548 2.63463 
0.968526 0.631958 0.125033 2.60699 
0.970108 0.631435 0.118481 2.61056 
0.965245 0.63937 0.111607 2.59941 
0.999487 0.585511 -0.00130768 2.67326 
0.999613 0.584783 -0.00110301 2.67367 
0.999617 0.584556 -0.00165204 2.67355 
0.999796 0.583653 -0.00141785 2.67407 
0.999349 0.579877 -0.00199966 2.6717 
0.99958 0.578114 -0.00141047 2.67209 
0.99979 0.583368 -0.00212333 2.67388 
1.00003 0.582291 -0.00186852 2.67453 
0.999982 0.58196 -0.00276315 2.67417 
1.00369 0.584836 0.000374576 2.68333 
1.00369 0.584826 0.000551611 2.6833 
1.00381 0.584635 0.000829688 2.68359 
1.00376 0.58469 0.00103166 2.68348 
1.00355 0.585089 0.00128099 2.683 
1.00349 0.585231 0.00143236 2.68287 
1.00388 0.584466 0.0013982 2.68374 
1.00381 0.584603 0.00160112 2.68358 
1.00392 0.58435 0.00205774 2.68379 
0.999928 0.592232 -0.00015162 2.6753 
0.999929 0.591973 -0.000122938 2.67517 
0.999902 0.591992 -0.000242014 2.67509 
0.9999 0.591623 -0.00018809 2.6749 
0.999897 0.591161 -0.000367282 2.67466 
0.999917 0.590688 -0.000298124 2.6745 
0.999872 0.591643 -0.000343957 2.67482 
0.999881 0.591267 -0.000299745 2.67466 
0.999823 0.591304 -0.000479899 2.67449 
1.00243 0.587255 6.70684e-05 2.68053 
1.0024 0.587301 7.10116e-05 2.68047 
1.0024 0.587305 0.000140148 2.68045 
1.00237 0.58736 0.000134794 2.68038 
1.00235 0.587385 0.000109731 2.68034 
1.00233 0.587437 9.50137e-05 2.68029 
1.00236 0.587367 0.000208223 2.68035 
1.00232 0.587437 0.000189279 2.68028 
1.0023 0.587449 0.000268702 2.68022 
1.00572 0.580704 0.005367 2.68772 
1.00561 0.581497 0.00414537 2.68779 
1.00518 0.581848 0.00414121 2.68658 
1.00507 0.582499 0.00317666 2.68657 
1.00521 0.581848 0.00283746 2.68667 
1.00504 0.582484 0.00198665 2.68645 
1.00473 0.582809 0.00323072 2.68562 
1.00463 0.583338 0.00246997 2.68558 
1.00437 0.583597 0.0025515 2.68487 
0.999572 0.563416 -0.000993812 2.66822 
1.00007 0.567453 -0.00173775 2.67032 
0.999662 0.56783 -0.00180148 2.66914 
1.00026 0.574355 -0.00267707 2.67282 
1.00044 0.574407 -0.00312525 2.67315 
1.00084 0.580634 -0.00388951 2.67642 
0.999863 0.574595 -0.00249754 2.67161 
1.00033 0.580616 -0.0032032 2.67494 
1.00001 0.580767 -0.00298038 2.67393 
0.999756 0.588004 -0.000764104 2.67306 
0.999781 0.587992 -0.000910095 2.67314 
0.999786 0.588217 -0.000921557 2.67308 
0.999803 0.588213 -0.00115277 2.67314 
0.999775 0.587677 -0.00103037 2.67294 
0.999804 0.587665 -0.00123626 2.67303 
0.999778 0.588594 -0.00111205 2.67311 
0.999769 0.588608 -0.00143851 2.67309 
0.999717 0.589229 -0.00129546 2.67315 
1.00283 0.586445 0.00127967 2.68139 
1.00273 0.586735 0.00134378 2.68122 
1.00266 0.586755 0.00145248 2.68101 
1.00256 0.587009 0.0014684 2.68082 
1.00253 0.587007 0.00117661 2.68072 
1.00245 0.587186 0.00116626 2.68056 
1.00248 0.58709 0.00153571 2.68061 
1.00239 0.587299 0.00150659 2.6804 
1.0023 0.587426 0.00153826 2.68018 
0.997451 0.572922 -0.00016552 2.66486 
0.997424 0.572706 -0.000293369 2.66465 
0.997804 0.575849 -0.000394475 2.66648 
0.997837 0.575833 -0.000475266 2.6665 
0.997898 0.57561 -0.000334422 2.66668 
0.997928 0.575611 -0.000407178 2.66669 
0.99831 0.579783 -0.000560007 2.66884 
0.998351 0.579835 -0.0005886 2.66891 
0.998765 0.583113 -0.000660742 2.67083 
1.00289 0.586351 4.89126e-05 2.68152 
1.00283 0.586424 9.79185e-05 2.68137 
1.00282 0.586532 0.000140292 2.68139 
1.00276 0.586584 0.000176679 2.68123 
1.00275 0.586662 0.000105816 2.68125 
1.00271 0.5867 0.000131026 2.68113 
1.00274 0.586709 0.000208169 2.68124 
1.00269 0.586745 0.00021252 2.68111 
1.00268 0.586863 0.000230932 2.68111 
0.997539 0.571691 -0.000147318 2.66471 
0.998046 0.575483 -0.00067326 2.66703 
0.997931 0.575453 -0.000381316 2.66663 
0.998459 0.579792 -0.000936522 2.66923 
0.998614 0.580734 -0.000570699 2.66979 
0.999013 0.584076 -0.000961801 2.6717 
0.998354 0.579732 -0.000588238 2.66885 
0.998795 0.583207 -0.000995704 2.6709 
0.998734 0.583157 -0.000755621 2.67067 
1.00292 0.586207 0.00108164 2.68154 
1.00291 0.586408 0.000835377 2.68165 
1.00282 0.586442 0.000744872 2.68133 
1.00281 0.586597 0.000562467 2.6814 
1.00284 0.586411 0.000499155 2.68139 
1.00282 0.586561 0.00033907 2.68141 
1.00274 0.586626 0.000508003 2.68118 
1.00273 0.586744 0.000373498 2.68123 
1.00268 0.586769 0.000338117 2.68106 
0.957424 0.589521 -0.137695 2.55494 
0.958745 0.605701 -0.131159 2.56631 
0.96692 0.595484 -0.119798 2.58501 
0.967314 0.607511 -0.114149 2.59106 
0.961329 0.61637 -0.108814 2.57645 
0.962109 0.621941 -0.102988 2.58053 
0.97335 0.599348 -0.104704 2.6046 
0.973461 0.607146 -0.100097 2.60786 
0.978121 0.600467 -0.0921325 2.61818 
0.999758 0.588612 -9.01074e-05 2.6732 
0.999751 0.588571 -0.000276451 2.67314 
0.999793 0.58929 -0.000256615 2.67349 
0.999778 0.589259 -0.000437618 2.67342 
0.9998 0.589134 -0.000420465 2.67345 
0.999781 0.589103 -0.000605013 2.67336 
0.999806 0.590214 -0.000395431 2.67392 
0.999781 0.590193 -0.000567344 2.67382 
0.999798 0.591166 -0.000513111 2.67435 
1.00246 0.587225 0.000518653 2.6806 
1.00244 0.58721 0.000471511 2.68052 
1.00241 0.587351 0.000471814 2.68051 
1.00239 0.587318 0.000416582 2.68044 
1.00242 0.58733 0.000312605 2.68054 
1.00241 0.587308 0.000272611 2.68048 
1.00237 0.587437 0.000412474 2.68043 
1.00236 0.587392 0.000354078 2.68037 
1.00234 0.587493 0.000347714 2.68036 
0.873225 0.731818 0.0106876 2.38077 
0.881366 0.721934 0.00854106 2.3957 
0.88714 0.724429 -0.0031135 2.41525 
0.893365 0.713518 -0.00262325 2.42427 
0.903425 0.712646 0.0100699 2.45372 
0.908593 0.703651 0.00944077 2.46186 
0.899154 0.715159 -0.0126454 2.44338 
0.90439 0.705374 -0.0111696 2.45085 
0.909753 0.706415 -0.0196264 2.46834 
1.02254 0.541583 0.0828566 2.72674 
1.01921 0.554705 0.0816273 2.72234 
1.01491 0.554742 0.0869503 2.70831 
1.01249 0.567519 0.0844242 2.70699 
1.01215 0.562649 0.0714786 2.70192 
1.0102 0.573178 0.0694318 2.70116 
1.00774 0.569414 0.0873054 2.6924 
1.00593 0.580161 0.0840811 2.69217 
1.00107 0.583416 0.0848676 2.67792 
1.00621 0.579554 0.00767167 2.68872 
1.00656 0.57908 0.00981244 2.68963 
1.00706 0.577966 0.00936911 2.69065 
1.00739 0.577429 0.0121052 2.69148 
1.00657 0.57906 0.013043 2.6897 
1.00655 0.578714 0.0159669 2.68947 
1.00801 0.57613 0.0116768 2.69282 
1.0083 0.575523 0.0151572 2.69351 
1.00907 0.574109 0.0148754 2.69527 
1.01247 0.566275 0.038461 2.70296 
1.01392 0.567351 0.034844 2.70829 
1.01253 0.566454 0.0300995 2.70296 
1.01344 0.567986 0.0265239 2.70676 
1.0149 0.561179 0.025532 2.70787 
1.01538 0.563699 0.0211413 2.71078 
1.01204 0.56768 0.0232125 2.70179 
1.01254 0.569412 0.0198926 2.70436 
1.01128 0.569481 0.01776 2.70013 
0.948851 0.644955 -0.0827324 2.54964 
0.954343 0.638242 -0.07913 2.56245 
0.95987 0.630717 -0.0889934 2.57629 
0.963945 0.623909 -0.0835788 2.58459 
0.964816 0.632336 -0.0767541 2.59128 
0.968224 0.626864 -0.0725367 2.59848 
0.969878 0.617418 -0.0903097 2.6004 
0.972721 0.611163 -0.0841694 2.60519 
0.978355 0.605976 -0.088053 2.62078 
1.00244 0.587208 0.000695445 2.68052 
1.00241 0.587316 0.00068131 2.68049 
1.00239 0.587291 0.000899691 2.68041 
1.00235 0.587434 0.000875626 2.68037 
1.00232 0.58744 0.000794254 2.68026 
1.00228 0.587585 0.000759316 2.68023 
1.00232 0.58741 0.00115201 2.68024 
1.00227 0.587607 0.00111052 2.6802 
1.00221 0.587584 0.00147362 2.67998 
0.999775 0.591154 -0.000646668 2.67427 
0.999794 0.590842 -0.000586957 2.67418 
0.99974 0.59083 -0.000801935 2.67399 
0.999763 0.590456 -0.000755544 2.67389 
0.999751 0.589584 -0.000939147 2.67344 
0.999766 0.589108 -0.000849913 2.67328 
0.999693 0.590438 -0.00104586 2.67365 
0.999724 0.589947 -0.000986114 2.67351 
0.999646 0.589916 -0.0013671 2.67324 
0.999485 0.588608 -0.0153919 2.67304 
1.00018 0.586651 -0.0152734 2.67465 
1.00077 0.586734 -0.0162578 2.67676 
1.00153 0.584692 -0.015838 2.67876 
1.00197 0.584867 -0.0132786 2.68028 
1.00246 0.582023 -0.0125652 2.68126 
1.00234 0.584481 -0.0168039 2.6815 
1.00305 0.580561 -0.0160811 2.68266 
1.00409 0.579384 -0.0165517 2.68576 
0.993332 0.604333 0.0916137 2.66549 
0.987569 0.607768 0.0913327 2.64857 
0.986404 0.615545 0.098173 2.65046 
0.97958 0.620051 0.0955929 2.6307 
0.979219 0.626535 0.0921539 2.63328 
0.972567 0.631461 0.087114 2.61437 
0.977757 0.62939 0.102902 2.63178 
0.969926 0.635017 0.097393 2.60946 
0.967214 0.645935 0.104933 2.60914 
1.00153 0.583921 -0.00621697 2.67907 
1.00098 0.584076 -0.00545025 2.67731 
1.00107 0.584256 -0.00488564 2.67788 
1.00064 0.58439 -0.00432181 2.6765 
1.00068 0.586122 -0.00448154 2.6767 
1.00038 0.586174 -0.00396631 2.67574 
1.00068 0.584428 -0.00396563 2.67681 
1.00034 0.584528 -0.00351402 2.67575 
1.00035 0.584391 -0.00338057 2.67587 
0.999095 0.588576 -0.0370929 2.67388 
1.00083 0.587042 -0.0308061 2.67858 
1.00211 0.583519 -0.0317466 2.68111 
1.00255 0.582797 -0.0260282 2.68204 
1.00107 0.585735 -0.0237953 2.67791 
1.00135 0.585279 -0.0201113 2.67849 
1.00365 0.580409 -0.0260929 2.68467 
1.00342 0.580169 -0.0212861 2.68366 
1.00428 0.578532 -0.0209155 2.68594 
1.0033 0.586034 0.00463944 2.68272 
1.00356 0.584978 0.00458977 2.68297 
1.00366 0.585229 0.00411018 2.68345 
1.00391 0.584144 0.00398171 2.68365 
1.00422 0.584032 0.00433023 2.68464 
1.00451 0.582801 0.00411016 2.68488 
1.00397 0.584474 0.00344698 2.68404 
1.0042 0.583443 0.00325596 2.6842 
1.00422 0.583826 0.0027021 2.68448 
0.99773 0.593858 -0.00506569 2.6691 
0.99741 0.594701 -0.00650406 2.66855 
0.996719 0.59543 -0.0064645 2.66668 
0.996103 0.596657 -0.0082824 2.66539 
0.996339 0.594153 -0.00914078 2.66479 
0.995535 0.59576 -0.0115715 2.6631 
0.995248 0.597814 -0.00788607 2.66324 
0.99421 0.599453 -0.00993774 2.6608 
0.993241 0.601167 -0.00895534 2.65861 
0.970236 0.633493 0.0707516 2.60659 
0.967145 0.644129 0.0750591 2.60414 
0.966518 0.639208 0.0790652 2.59914 
0.96315 0.650652 0.0840435 2.59668 
0.955206 0.65528 0.0766624 2.57379 
0.950727 0.668264 0.0809202 2.56937 
0.96245 0.644745 0.0886012 2.59083 
0.958605 0.657966 0.0945777 2.58857 
0.957739 0.651111 0.0998255 2.58165 
1.00004 0.586818 -0.00347914 2.67374 
1.00013 0.586958 -0.00313761 2.67447 
1.00021 0.586762 -0.00318286 2.67484 
1.00023 0.586722 -0.00287556 2.67535 
1.0001 0.586744 -0.00221493 2.67494 
1.00002 0.586273 -0.00205494 2.675 
1.00028 0.586283 -0.00282804 2.67558 
1.00019 0.585476 -0.00270486 2.67551 
1.00019 0.584411 -0.00244328 2.67534 
1.00303 0.585985 0.00153905 2.6818 
1.00316 0.58596 0.00198326 2.68222 
1.00324 0.585474 0.00182969 2.68219 
1.00341 0.585434 0.00235514 2.68274 
1.00335 0.585336 0.00264271 2.68248 
1.00354 0.585312 0.00339076 2.6831 
1.0035 0.58484 0.00215704 2.6827 
1.00374 0.584778 0.00279851 2.68344 
1.00385 0.584014 0.00253004 2.68339 
1.00226 0.587564 0.00039754 2.68015 
1.0022 0.587589 0.000475141 2.67997 
1.00222 0.58768 0.000601307 2.68007 
1.00214 0.587707 0.000733616 2.67984 
1.00207 0.587944 0.000631339 2.67973 
1.00195 0.587998 0.000744716 2.67938 
1.00217 0.587801 0.000896018 2.67999 
1.00207 0.587831 0.00110505 2.67968 
1.00212 0.587945 0.00133421 2.6799 
0.999455 0.593482 -0.000235216 2.67444 
0.999469 0.59316 -0.000413124 2.67432 
0.999483 0.593285 -0.00059113 2.67445 
0.999508 0.592529 -0.000806656 2.67412 
0.99962 0.592482 -0.000641436 2.67447 
0.999638 0.591617 -0.00084173 2.67406 
0.99954 0.592448 -0.000894628 2.67419 
0.999576 0.591455 -0.00110258 2.67378 
0.999619 0.591228 -0.00111432 2.67381 
0.999657 0.587012 -0.00104406 2.67357 
0.999559 0.587004 -0.000804658 2.67324 
0.99946 0.586623 -0.000890837 2.67306 
0.999386 0.58661 -0.000684796 2.67281 
0.999575 0.587269 -0.000735956 2.67307 
0.999543 0.587259 -0.000632664 2.67295 
0.999274 0.586094 -0.00087427 2.67252 
0.999234 0.586058 -0.00066548 2.67236 
0.999125 0.585372 -0.000983008 2.67199 
1.00252 0.587073 0.000679365 2.68071 
1.00255 0.586924 0.00066877 2.68074 
1.00258 0.586968 0.000587559 2.68084 
1.00261 0.586828 0.000568444 2.68086 
1.00266 0.586832 0.000698046 2.68103 
1.00269 0.586652 0.000664644 2.68105 
1.00262 0.586892 0.000480467 2.68095 
1.00265 0.586765 0.000454784 2.68097 
1.00265 0.586845 0.000364931 2.68103 
0.992013 0.601091 0.0516017 2.6558 
0.991455 0.605078 0.0574559 2.65678 
0.99221 0.600582 0.0604534 2.65671 
0.991455 0.605329 0.067593 2.65767 
0.987814 0.607176 0.0688964 2.64689 
0.986304 0.613751 0.0772808 2.6468 
0.99243 0.599745 0.0711996 2.65773 
0.991528 0.605449 0.0800936 2.65909 
0.992764 0.598548 0.0844377 2.65932 
0.941509 0.671215 -0.0318343 2.53978 
0.943109 0.669018 -0.0387371 2.54362 
0.940439 0.666035 -0.0436888 2.53347 
0.943485 0.663113 -0.0507333 2.54151 
0.949845 0.658623 -0.0506039 2.55845 
0.953867 0.655666 -0.0552914 2.56957 
0.94102 0.660742 -0.0564378 2.53275 
0.945722 0.65711 -0.0630026 2.54565 
0.94353 0.653612 -0.0698339 2.5373 
0.93745 0.669026 -0.028709 2.5253 
0.934957 0.672677 -0.0322987 2.52049 
0.931127 0.675358 -0.0307077 2.51037 
0.928101 0.681402 -0.0348797 2.50595 
0.9296 0.677359 -0.0482693 2.50847 
0.926583 0.680653 -0.0535844 2.50234 
0.923556 0.684705 -0.0330264 2.4942 
0.91992 0.690288 -0.0380596 2.48781 
0.914639 0.693807 -0.0357719 2.47409 
0.995169 0.600154 -0.00125154 2.66419 
0.995174 0.600374 -0.00205577 2.66436 
0.994555 0.601594 -0.0031269 2.66305 
0.994601 0.600787 -0.0040139 2.66276 
0.995493 0.599683 -0.00476093 2.66506 
0.995602 0.597751 -0.00556567 2.66432 
0.993938 0.602175 -0.00532416 2.66141 
0.994011 0.600262 -0.00632037 2.66056 
0.993182 0.601876 -0.0078114 2.6588 
1.01018 0.574665 0.0475724 2.70048 
1.00766 0.574976 0.0517329 2.69241 
1.00829 0.578683 0.057644 2.69702 
1.0046 0.579925 0.0611678 2.68564 
1.00249 0.588729 0.0593947 2.68365 
0.998205 0.591081 0.0605198 2.67085 
1.00489 0.585305 0.0688563 2.69032 
0.999834 0.587858 0.0708712 2.67513 
0.999507 0.595299 0.0804873 2.67937 
0.926454 0.68763 0.0306134 2.5044 
0.923381 0.688374 0.0159522 2.49518 
0.920231 0.695133 0.0156419 2.49071 
0.918959 0.695128 0.000819608 2.48684 
0.924054 0.687639 -0.00295484 2.49673 
0.924854 0.686855 -0.0159345 2.49894 
0.91554 0.698798 -0.00134045 2.47926 
0.916343 0.697994 -0.0159289 2.48149 
0.912783 0.698668 -0.0198043 2.4713 
1.00265 0.586773 4.32246e-05 2.68097 
1.00266 0.586827 6.14294e-05 2.68103 
1.00266 0.58679 8.78696e-05 2.68103 
1.00266 0.586845 0.00012049 2.68105 
1.00263 0.586865 6.19221e-05 2.68098 
1.00263 0.586906 8.60078e-05 2.68099 
1.00266 0.586829 0.000152112 2.68104 
1.00265 0.586879 0.000179288 2.68104 
1.00265 0.58688 0.00021055 2.68103 
1.0026 0.586954 1.189e-05 2.68091 
1.00259 0.586954 2.68278e-05 2.6809 
1.0026 0.586949 5.07609e-05 2.68092 
1.0026 0.586945 7.89804e-05 2.6809 
1.00257 0.587004 9.66307e-05 2.68085 
1.00256 0.587017 0.000121312 2.68081 
1.00261 0.586937 0.000117956 2.68094 
1.0026 0.586934 0.000157919 2.6809 
1.00262 0.586923 0.000211758 2.68097 
0.997064 0.574025 -6.26335e-05 2.66399 
0.997083 0.573984 -0.000149481 2.66403 
0.997379 0.576472 -0.000207763 2.66544 
0.997494 0.576498 -0.000406048 2.66577 
0.997491 0.576178 -0.000260512 2.66567 
0.99762 0.576198 -0.00042222 2.66604 
0.997957 0.580009 -0.000464849 2.66789 
0.998111 0.580058 -0.000608205 2.66834 
0.998579 0.583093 -0.000638753 2.67029 
0.999568 0.587617 -0.000360894 2.67262 
0.999432 0.586941 -0.000296947 2.67238 
0.999423 0.586956 -0.000556724 2.67236 
0.999241 0.585919 -0.000421413 2.67204 
0.99896 0.584532 -0.000947247 2.67117 
0.99871 0.582515 -0.000598082 2.67042 
0.999244 0.585933 -0.000818686 2.67205 
0.999 0.584418 -0.000562689 2.6715 
0.999004 0.584436 -0.00108968 2.67152 
