1 0.5 6.25209e-17 2.675 
1 0.5 7.86175e-17 2.675 
0.978161 0.489126 0.000311859 2.59431 
1 0.5 -2.57464e-17 2.675 
1 0.5 7.33063e-17 2.675 
1 0.5 0 2.675 
1 0.5 0 2.675 
1 0.5 0 2.675 
1 0.5 8.40952e-17 2.675 
1 0.5 0 2.675 
1 0.5 0 2.675 
1 0.5 0 2.675 
1 0.5 -5.22318e-17 2.675 
1 0.5 0 2.675 
1 0.5 0 2.675 
1 0.5 -1.83786e-17 2.675 
1 0.5 0 2.675 
1 0.5 0 2.675 
1 0.500002 1.10397e-11 2.67502 
0.999843 0.499922 1.39166e-08 2.67442 
0.965633 0.48291 0.000557782 2.54802 
1 0.5 7.78752e-17 2.675 
1.01671 0.508328 0.000204218 2.73673 
1 0.5 0 2.675 
1 0.5 0 2.675 
1.06044 0.529827 0.0014861 2.89831 
1 0.5 0 2.675 
1 0.5 0 2.675 
1 0.5 -6.20966e-17 2.675 
1 0.5 0 2.675 
1 0.5 5.42902e-17 2.675 
1 0.5 0 2.675 
1 0.5 -8.47202e-17 2.675 
1 0.5 0 2.675 
1 0.5 0 2.675 
1 0.5 0 2.675 
1.00798 0.503987 3.38639e-05 2.70448 
1.03775 0.518748 0.000685842 2.8145 
0.946077 0.473396 0.00134226 2.47575 
1 0.5 0 2.675 
1 0.5 -5.81783e-17 2.675 
1 0.5 -3.95227e-17 2.675 
1 0.5 0 2.675 
1 0.5 0 2.675 
1 0.5 0 2.675 
0.995446 0.497723 1.08845e-05 2.65817 
1 0.5 0 2.675 
1 0.5 -3.15221e-17 2.675 
1 0.5 1.93082e-17 2.675 
1 0.5 -6.31681e-17 2.675 
1 0.5 -2.76692e-17 2.675 
1 0.5 0 2.675 
1 0.5 -3.89298e-17 2.675 
1 0.5 3.52291e-17 2.675 
1.0005 0.50025 1.19088e-07 2.67684 
0.996824 0.498412 5.86326e-06 2.66327 
1 0.5 -3.76279e-17 2.675 
1 0.5 -3.95055e-17 2.675 
1 0.5 3.17964e-17 2.675 
1 0.5 -2.50932e-17 2.675 
1 0.5 -2.51201e-17 2.675 
0.995492 0.503088 -6.50408e-17 2.6611 
1.00368 0.516346 0 2.68385 
1 0.5 0 2.675 
1 0.5 -2.97947e-17 2.675 
1 0.5 0 2.675 
1 0.5 0 2.675 
1 0.5 0 2.675 
1 0.5 0 2.675 
1 0.5 4.21664e-17 2.675 
1 0.5 4.21196e-17 2.675 
1 0.5 8.63436e-17 2.675 
1 0.5 7.64835e-17 2.675 
1 0.5 0 2.675 
1 0.5 0 2.675 
1 0.5 0 2.675 
1 0.5 1.78139e-18 2.675 
1 0.5 3.89314e-17 2.675 
1 0.5 -2.39149e-17 2.675 
1 0.5 -2.09756e-17 2.675 
1 0.5 0 2.675 
1 0.5 0 2.675 
1 0.5 0 2.675 
1 0.5 -5.63681e-17 2.675 
1 0.5 3.40251e-18 2.675 
1 0.5 -1.11213e-16 2.675 
1 0.5 1.852e-17 2.675 
1 0.5 0 2.675 
1 0.5 5.1396e-17 2.675 
1 0.5 0 2.675 
1 0.5 0 2.675 
1 0.5 0 2.675 
1 0.5 0 2.675 
1 0.5 0 2.675 
1 0.5 0 2.675 
1 0.5 0 2.675 
1 0.5 0 2.675 
1 0.5 0 2.675 
1 0.5 -1.94187e-17 2.675 
1 0.5 4.03387e-17 2.675 
1 0.5 -9.61869e-17 2.675 
1.00371 0.516455 6.54523e-17 2.68391 
1 0.5 0 2.675 
0.99546 0.50311 0 2.661 
1 0.5 6.25209e-17 2.675 
1 0.5 0 2.675 
1 0.5 -6.25213e-17 2.675 
1 0.5 0 2.675 
1 0.5 -7.86184e-17 2.675 
1 0.5 0 2.675 
0.989699 0.494854 7.02438e-05 2.63694 
1 0.5 0 2.675 
1 0.5 -6.30832e-17 2.675 
1 0.5 0 2.675 
1 0.5 0 2.675 
1 0.5 -2.57465e-17 2.675 
1 0.5 0 2.675 
1 0.5 0 2.675 
1 0.5 7.33067e-17 2.675 
1 0.5 0 2.675 
1 0.5 0 2.675 
1 0.5 0 2.675 
1 0.5 9.51658e-17 2.675 
1 0.5 -4.75825e-17 2.675 
1 0.5 0 2.675 
1 0.5 -9.34717e-17 2.675 
1 0.5 -4.67362e-17 2.675 
1 0.5 0 2.675 
1 0.5 4.20476e-17 2.675 
1 0.5 -4.80544e-17 2.675 
1 0.5 1.20136e-17 2.675 
1 0.5 0 2.675 
1 0.5 0 2.675 
1 0.5 0 2.675 
1 0.5 0 2.675 
1 0.5 0 2.675 
1 0.5 0 2.675 
1 0.5 7.81664e-17 2.675 
1 0.5 3.90832e-17 2.675 
1 0.5 7.81664e-17 2.675 
1 0.5 -5.22319e-17 2.675 
1 0.5 5.22315e-17 2.675 
1 0.5 5.22317e-17 2.675 
1 0.5 0 2.675 
1 0.5 -3.74988e-17 2.675 
1 0.5 0 2.675 
1 0.5 0 2.675 
1 0.5 0 2.675 
1 0.5 8.29765e-17 2.675 
1 0.5 1.83786e-17 2.675 
1 0.5 -3.67573e-17 2.675 
1 0.5 3.67573e-17 2.675 
1 0.5 0 2.675 
1 0.5 0 2.675 
1 0.5 0 2.675 
1 0.5 0 2.675 
1 0.5 0 2.675 
1 0.5 0 2.675 
1.00006 0.50003 1.86558e-09 2.67522 
1 0.5 -3.19409e-17 2.675 
1 0.5 0 2.675 
0.999983 0.499992 1.62661e-10 2.67494 
1 0.5 5.88289e-17 2.675 
1 0.5 0 2.675 
0.950132 0.475348 0.00115156 2.49074 
1 0.5 -3.20765e-17 2.675 
1 0.5 -6.2742e-17 2.675 
1 0.5 0 2.675 
1 0.5 7.78743e-17 2.675 
1 0.5 0 2.675 
1.00744 0.503717 4.08955e-05 2.70248 
1 0.5 0 2.675 
1 0.5 0 2.675 
1 0.5 0 2.675 
1 0.5 2.34063e-17 2.675 
1 0.5 0 2.675 
1 0.5 0 2.675 
1 0.5 0 2.675 
1 0.5 0 2.675 
1.0494 0.524485 0.00100378 2.85752 
1 0.5 3.62028e-17 2.675 
1 0.5 7.07349e-17 2.675 
1 0.5 0 2.675 
1 0.5 0 2.675 
1 0.5 0 2.675 
1 0.5 5.2967e-17 2.675 
1 0.5 5.29665e-17 2.675 
1 0.5 0 2.675 
1 0.5 0 2.675 
1 0.5 6.20966e-17 2.675 
1 0.5 -6.20962e-17 2.675 
1 0.5 0 2.675 
1 0.5 0 2.675 
1 0.5 0 2.675 
1 0.5 -4.75039e-17 2.675 
1 0.5 0 2.675 
1 0.5 5.42897e-17 2.675 
1 0.5 0 2.675 
1 0.5 0 2.675 
1 0.5 1.06715e-16 2.675 
1 0.5 0 2.675 
1 0.5 0 2.675 
1 0.5 0 2.675 
1 0.5 0 2.675 
1 0.5 1.93334e-17 2.675 
1 0.5 0 2.675 
1 0.5 0 2.675 
1 0.5 4.29423e-17 2.675 
1 0.5 0 2.675 
1 0.5 7.7507e-17 2.675 
1 0.5 3.87535e-17 2.675 
1 0.5 0 2.675 
1.0193 0.509632 0.000197496 2.74633 
1 0.5 0 2.675 
1 0.5 -7.8665e-17 2.675 
1.05069 0.525042 0.00120421 2.86231 
1 0.5 -2.39957e-17 2.675 
1 0.5 0 2.675 
0.95462 0.477527 0.000969729 2.50732 
1 0.5 -2.42216e-17 2.675 
1 0.5 0 2.675 
1 0.5 0 2.675 
1 0.5 6.42165e-17 2.675 
1 0.5 -4.67026e-17 2.675 
1 0.5 -5.81779e-17 2.675 
1 0.5 3.63618e-17 2.675 
1 0.5 -5.81779e-17 2.675 
1 0.5 -3.95238e-17 2.675 
1 0.5 0 2.675 
1 0.5 -3.95211e-17 2.675 
1 0.5 0 2.675 
1 0.5 4.06041e-17 2.675 
1 0.5 0 2.675 
1 0.5 3.469e-17 2.675 
1 0.5 -3.469e-17 2.675 
1 0.5 6.93819e-17 2.675 
1 0.5 0 2.675 
1 0.5 0 2.675 
1 0.5 0 2.675 
0.998943 0.499472 5.8567e-07 2.67109 
1 0.5 0 2.675 
1 0.5 0 2.675 
1 0.5 6.1474e-17 2.675 
1 0.5 -6.14746e-17 2.675 
1 0.5 0 2.675 
1 0.5 -3.15217e-17 2.675 
1 0.5 6.30434e-17 2.675 
1 0.5 -3.15221e-17 2.675 
1 0.5 9.65407e-17 2.675 
1 0.5 -3.86158e-17 2.675 
1 0.5 9.65398e-17 2.675 
1 0.5 -6.31681e-17 2.675 
1 0.5 3.15841e-17 2.675 
1 0.5 -6.31681e-17 2.675 
1 0.5 1.66017e-17 2.675 
1 0.5 0 2.675 
1 0.5 4.42706e-17 2.675 
1 0.5 -7.58954e-17 2.675 
1 0.5 -1.8974e-17 2.675 
1 0.5 -7.58947e-17 2.675 
1 0.5 -3.893e-17 2.675 
1 0.5 0 2.675 
1 0.5 0 2.675 
1 0.5 0 2.675 
1 0.5 0 2.675 
1 0.5 8.80794e-18 2.675 
1.0025 0.501251 2.9984e-06 2.68425 
1 0.5 0 2.675 
1 0.5 -7.70868e-17 2.675 
0.984456 0.49224 0.000139643 2.61756 
1 0.5 5.01671e-17 2.675 
1 0.5 4.90686e-17 2.675 
1 0.5 0 2.675 
1 0.5 -8.52497e-18 2.675 
1 0.5 0 2.675 
1 0.5 -3.95059e-17 2.675 
1 0.5 0 2.675 
1 0.5 0 2.675 
1 0.5 6.35939e-17 2.675 
1 0.5 -7.94925e-17 2.675 
1 0.5 0 2.675 
1 0.5 -2.50929e-17 2.675 
1 0.5 5.01855e-17 2.675 
1 0.5 0 2.675 
1 0.5 -5.02399e-17 2.675 
1 0.5 0 2.675 
1 0.5 -2.51197e-17 2.675 
0.995492 0.503088 -6.50408e-17 2.6611 
1 0.5 5.71147e-17 2.675 
1 0.5 0 2.675 
1.00368 0.516346 0 2.68385 
1 0.5 0 2.675 
1 0.5 0 2.675 
1 0.5 -3.19082e-17 2.675 
1 0.5 0 2.675 
1 0.5 0 2.675 
1 0.5 2.97943e-17 2.675 
1 0.5 0 2.675 
1 0.5 2.97948e-17 2.675 
1 0.5 3.88495e-17 2.675 
1 0.5 -3.88493e-17 2.675 
1 0.5 0 2.675 
1 0.5 -4.07294e-17 2.675 
1 0.5 -1.52734e-17 2.675 
1 0.5 4.0729e-17 2.675 
1 0.5 0 2.675 
1 0.5 -2.61645e-17 2.675 
1 0.5 5.23287e-17 2.675 
1 0.5 0 2.675 
1 0.5 0 2.675 
1 0.5 0 2.675 
1 0.5 0 2.675 
1 0.5 0 2.675 
1 0.5 0 2.675 
1 0.5 0 2.675 
1 0.5 0 2.675 
1 0.5 -4.21199e-17 2.675 
1 0.5 2.87804e-17 2.675 
1 0.5 0 2.675 
1 0.5 2.87803e-17 2.675 
1 0.5 -7.64834e-17 2.675 
1 0.5 0 2.675 
1 0.5 7.64835e-17 2.675 
1 0.5 0 2.675 
1 0.5 0 2.675 
1 0.5 0 2.675 
1 0.5 -3.93233e-17 2.675 
1 0.5 5.8985e-17 2.675 
1 0.5 -3.93237e-17 2.675 
1 0.5 0 2.675 
1 0.5 0 2.675 
1 0.5 4.18195e-17 2.675 
1 0.5 -4.63154e-17 2.675 
1 0.5 0 2.675 
1 0.5 5.70037e-17 2.675 
1 0.5 -3.8931e-17 2.675 
1 0.5 0 2.675 
1 0.5 1.94657e-17 2.675 
1 0.5 -3.5872e-17 2.675 
1 0.5 9.56586e-17 2.675 
1 0.5 -7.17439e-17 2.675 
1 0.5 6.29273e-17 2.675 
1 0.5 -4.19516e-17 2.675 
1 0.5 6.29273e-17 2.675 
1 0.5 4.29008e-17 2.675 
1 0.5 0 2.675 
1 0.5 0 2.675 
1 0.5 5.52073e-17 2.675 
1 0.5 -1.38018e-17 2.675 
1 0.5 5.52076e-17 2.675 
1 0.5 0 2.675 
1 0.5 0 2.675 
1 0.5 6.61152e-17 2.675 
1 0.5 5.63683e-17 2.675 
1 0.5 -5.63683e-17 2.675 
1 0.5 5.63679e-17 2.675 
1 0.5 2.38177e-17 2.675 
1 0.5 0 2.675 
1 0.5 0 2.675 
1 0.5 0 2.675 
1 0.5 1.11213e-16 2.675 
1 0.5 -1.11213e-16 2.675 
1 0.5 -9.25992e-17 2.675 
1 0.5 0 2.675 
1 0.5 0 2.675 
1 0.5 0 2.675 
1 0.5 5.0549e-17 2.675 
1 0.5 0 2.675 
1 0.5 5.13954e-17 2.675 
1 0.5 3.85466e-17 2.675 
1 0.5 5.13957e-17 2.675 
1 0.5 5.00067e-17 2.675 
1 0.5 -5.00062e-17 2.675 
1 0.5 5.00062e-17 2.675 
1 0.5 -1.59086e-17 2.675 
1 0.5 0 2.675 
1 0.5 0 2.675 
1 0.5 -6.75681e-17 2.675 
1 0.5 6.33456e-17 2.675 
1 0.5 -6.75681e-17 2.675 
1 0.5 -4.23219e-17 2.675 
1 0.5 0 2.675 
1 0.5 -4.23219e-17 2.675 
1 0.5 -4.21508e-17 2.675 
1 0.5 0 2.675 
1 0.5 0 2.675 
1 0.5 0 2.675 
1 0.5 0 2.675 
1 0.5 0 2.675 
1 0.5 -4.05636e-17 2.675 
1 0.5 -2.70423e-17 2.675 
1 0.5 -5.40842e-17 2.675 
1 0.5 0 2.675 
1 0.5 9.84505e-18 2.675 
1 0.5 3.93802e-17 2.675 
1 0.5 0 2.675 
1 0.5 0 2.675 
1 0.5 0 2.675 
1 0.5 -3.88374e-17 2.675 
1 0.5 0 2.675 
1 0.5 0 2.675 
1 0.5 2.01688e-17 2.675 
1 0.5 0 2.675 
1 0.5 -8.0675e-17 2.675 
1 0.5 -9.61869e-17 2.675 
1 0.5 8.41639e-17 2.675 
1 0.5 -9.61869e-17 2.675 
1.00371 0.516455 6.54523e-17 2.68391 
1 0.5 -5.74459e-17 2.675 
1 0.5 5.74459e-17 2.675 
1 0.5 4.80989e-17 2.675 
1 0.5 0 2.675 
1 0.5 -9.61969e-17 2.675 
0.99546 0.50311 -6.55029e-17 2.661 
1 0.5 5.74708e-17 2.675 
1 0.5 0 2.675 
1 0.5 3.12606e-17 2.675 
1 0.5 0 2.675 
1 0.5 -3.12604e-17 2.675 
1 0.5 0 2.675 
1 0.5 0 2.675 
1 0.5 1.17926e-16 2.675 
0.984499 0.492266 0.000158581 2.61772 
1 0.5 6.14936e-17 2.675 
1 0.5 -3.11149e-17 2.675 
1 0.5 -2.57465e-17 2.675 
1 0.5 2.57466e-17 2.675 
1 0.5 2.57465e-17 2.675 
1 0.5 7.3306e-17 2.675 
1 0.5 -7.33063e-17 2.675 
1 0.5 0 2.675 
1 0.5 -3.6637e-17 2.675 
1 0.5 0 2.675 
1 0.5 -3.66373e-17 2.675 
1 0.5 4.75825e-17 2.675 
1 0.5 0 2.675 
1 0.5 1.4275e-16 2.675 
1 0.5 -4.67361e-17 2.675 
1 0.5 9.34721e-17 2.675 
1 0.5 -9.34732e-17 2.675 
1 0.5 6.60747e-17 2.675 
1 0.5 -6.60747e-17 2.675 
1 0.5 0 2.675 
1 0.5 -5.31411e-17 2.675 
1 0.5 5.31411e-17 2.675 
1 0.5 -1.06283e-16 2.675 
1 0.5 0 2.675 
1 0.5 0 2.675 
1 0.5 -4.78111e-17 2.675 
1 0.5 7.81672e-17 2.675 
1 0.5 -7.81676e-17 2.675 
1 0.5 0 2.675 
1 0.5 0 2.675 
1 0.5 5.22318e-17 2.675 
1 0.5 0 2.675 
1 0.5 -7.49977e-17 2.675 
1 0.5 7.49977e-17 2.675 
1 0.5 -3.74989e-17 2.675 
1 0.5 -2.59299e-17 2.675 
1 0.5 -8.29758e-17 2.675 
1 0.5 5.70463e-17 2.675 
1 0.5 3.67573e-17 2.675 
1 0.5 0 2.675 
1 0.5 1.83786e-17 2.675 
1 0.5 0 2.675 
1 0.5 0 2.675 
1 0.5 0 2.675 
1 0.5 0 2.675 
1 0.5 0 2.675 
1 0.5 0 2.675 
1.00002 0.500009 1.76633e-10 2.67507 
1 0.5 0 2.675 
1 0.5 -3.19453e-17 2.675 
0.999945 0.499972 1.71804e-09 2.6748 
1 0.5 0 2.675 
1 0.5 0 2.675 
0.956395 0.478385 0.000886117 2.51388 
1 0.5 -6.48632e-17 2.675 
1 0.5 9.57499e-17 2.675 
1 0.5 -7.78743e-17 2.675 
1 0.5 0 2.675 
1 0.5 0 2.675 
1.0122 0.506091 0.000109607 2.72008 
1 0.5 -3.92315e-17 2.675 
1 0.5 3.88981e-17 2.675 
1 0.5 0 2.675 
1 0.5 0 2.675 
1 0.5 0 2.675 
1 0.5 0 2.675 
1 0.5 4.69126e-17 2.675 
1 0.5 0 2.675 
1.05641 0.527884 0.00130252 2.88342 
1 0.5 0 2.675 
1 0.5 0 2.675 
1 0.5 0 2.675 
1 0.5 0 2.675 
1 0.5 0 2.675 
1 0.5 0 2.675 
1 0.5 0 2.675 
1 0.5 0 2.675 
1 0.5 -6.20968e-17 2.675 
1 0.5 6.20968e-17 2.675 
1 0.5 -1.55242e-17 2.675 
1 0.5 0 2.675 
1 0.5 0 2.675 
1 0.5 0 2.675 
1 0.5 -4.07173e-17 2.675 
1 0.5 -5.42902e-17 2.675 
1 0.5 5.429e-17 2.675 
1 0.5 0 2.675 
1 0.5 0 2.675 
1 0.5 -5.3358e-17 2.675 
1 0.5 0 2.675 
1 0.5 0 2.675 
1 0.5 0 2.675 
1 0.5 -7.7334e-17 2.675 
1 0.5 7.7334e-17 2.675 
1 0.5 -7.73338e-17 2.675 
1 0.5 -5.72567e-17 2.675 
1 0.5 0 2.675 
1 0.5 0 2.675 
1 0.5 -1.93767e-17 2.675 
1 0.5 0 2.675 
1 0.5 -3.87536e-17 2.675 
1.01284 0.506415 8.75746e-05 2.72245 
1 0.5 0 2.675 
1 0.5 1.95331e-17 2.675 
1.04494 0.522255 0.000960361 2.84106 
1 0.5 0 2.675 
1 0.5 4.86771e-17 2.675 
0.948822 0.474718 0.00121573 2.4859 
1 0.5 0 2.675 
1 0.5 0 2.675 
1 0.5 0 2.675 
1 0.5 0 2.675 
1 0.5 2.91893e-17 2.675 
1 0.5 0 2.675 
1 0.5 0 2.675 
1 0.5 0 2.675 
1 0.5 -5.9283e-17 2.675 
1 0.5 0 2.675 
1 0.5 -1.97605e-17 2.675 
1 0.5 -4.64046e-17 2.675 
1 0.5 -4.64043e-17 2.675 
1 0.5 4.64043e-17 2.675 
1 0.5 0 2.675 
1 0.5 3.46906e-17 2.675 
1 0.5 0 2.675 
1 0.5 0 2.675 
1 0.5 0 2.675 
1 0.5 0 2.675 
0.997718 0.498859 2.73472e-06 2.66657 
1 0.5 6.97808e-17 2.675 
1 0.5 -3.50336e-17 2.675 
1 0.5 0 2.675 
1 0.5 0 2.675 
1 0.5 0 2.675 
1 0.5 -3.15217e-17 2.675 
1 0.5 3.15221e-17 2.675 
1 0.5 3.15222e-17 2.675 
1 0.5 3.86161e-17 2.675 
1 0.5 -9.65405e-17 2.675 
1 0.5 7.72324e-17 2.675 
1 0.5 -6.31681e-17 2.675 
1 0.5 6.31681e-17 2.675 
1 0.5 -3.15841e-17 2.675 
1 0.5 -3.04368e-17 2.675 
1 0.5 4.42717e-17 2.675 
1 0.5 -2.76693e-17 2.675 
1 0.5 -7.58953e-17 2.675 
1 0.5 0 2.675 
1 0.5 0 2.675 
1 0.5 -3.89303e-17 2.675 
1 0.5 5.83947e-17 2.675 
1 0.5 3.89298e-17 2.675 
1 0.5 3.52297e-17 2.675 
1 0.5 -3.52291e-17 2.675 
1 0.5 -3.523e-17 2.675 
1.00116 0.500579 6.42209e-07 2.67928 
1 0.5 7.68709e-17 2.675 
1 0.5 -7.69605e-17 2.675 
0.990522 0.495264 5.21128e-05 2.63998 
1 0.5 0 2.675 
1 0.5 0 2.675 
1 0.5 -7.52555e-17 2.675 
1 0.5 3.76279e-17 2.675 
1 0.5 0 2.675 
1 0.5 -1.23454e-17 2.675 
1 0.5 0 2.675 
1 0.5 -1.48146e-17 2.675 
1 0.5 3.17963e-17 2.675 
1 0.5 -3.17964e-17 2.675 
1 0.5 6.3594e-17 2.675 
1 0.5 -2.50927e-17 2.675 
1 0.5 0 2.675 
1 0.5 2.50932e-17 2.675 
1 0.5 -2.51198e-17 2.675 
1 0.5 2.51201e-17 2.675 
1 0.5 -5.02405e-17 2.675 
0.995492 0.503088 -6.50408e-17 2.6611 
1 0.5 5.71147e-17 2.675 
1 0.5 0 2.675 
1.00368 0.516346 0 2.68385 
1 0.5 0 2.675 
1 0.5 0 2.675 
1 0.5 6.38166e-17 2.675 
1 0.5 0 2.675 
1 0.5 6.38166e-17 2.675 
1 0.5 0 2.675 
1 0.5 0 2.675 
1 0.5 0 2.675 
1 0.5 2.64054e-17 2.675 
1 0.5 0 2.675 
1 0.5 3.00475e-17 2.675 
1 0.5 0 2.675 
1 0.5 4.07294e-17 2.675 
1 0.5 -4.07291e-17 2.675 
1 0.5 0 2.675 
1 0.5 5.23282e-17 2.675 
1 0.5 -5.23282e-17 2.675 
1 0.5 -5.23635e-17 2.675 
1 0.5 0 2.675 
1 0.5 0 2.675 
1 0.5 4.21661e-17 2.675 
1 0.5 -4.21661e-17 2.675 
1 0.5 -8.4332e-17 2.675 
1 0.5 0 2.675 
1 0.5 0 2.675 
1 0.5 4.21195e-17 2.675 
1 0.5 2.87806e-17 2.675 
1 0.5 -8.63418e-17 2.675 
1 0.5 5.75596e-17 2.675 
1 0.5 -3.82417e-17 2.675 
1 0.5 -7.64835e-17 2.675 
1 0.5 -1.91209e-17 2.675 
1 0.5 0 2.675 
1 0.5 -7.64739e-17 2.675 
1 0.5 7.64739e-17 2.675 
1 0.5 -3.9322e-17 2.675 
1 0.5 0 2.675 
1 0.5 -3.9322e-17 2.675 
1 0.5 0 2.675 
1 0.5 -4.18197e-17 2.675 
1 0.5 0 2.675 
1 0.5 1.06882e-17 2.675 
1 0.5 5.70036e-17 2.675 
1 0.5 -2.18218e-17 2.675 
1 0.5 -3.89315e-17 2.675 
1 0.5 1.94657e-17 2.675 
1 0.5 -3.89315e-17 2.675 
1 0.5 -8.37012e-17 2.675 
1 0.5 4.78299e-17 2.675 
1 0.5 -4.78299e-17 2.675 
1 0.5 4.19512e-17 2.675 
1 0.5 -6.29266e-17 2.675 
1 0.5 0 2.675 
1 0.5 4.29008e-17 2.675 
1 0.5 2.14504e-17 2.675 
1 0.5 0 2.675 
1 0.5 0 2.675 
1 0.5 -5.52073e-17 2.675 
1 0.5 5.52076e-17 2.675 
1 0.5 0 2.675 
1 0.5 0 2.675 
1 0.5 4.95852e-17 2.675 
1 0.5 -5.63683e-17 2.675 
1 0.5 5.63681e-17 2.675 
1 0.5 -1.40919e-17 2.675 
1 0.5 2.72205e-17 2.675 
1 0.5 -5.44411e-17 2.675 
1 0.5 -6.80517e-18 2.675 
1 0.5 -1.11213e-16 2.675 
1 0.5 5.56064e-17 2.675 
1 0.5 -5.56064e-17 2.675 
1 0.5 5.55599e-17 2.675 
1 0.5 -7.40799e-17 2.675 
1 0.5 5.55602e-17 2.675 
1 0.5 0 2.675 
1 0.5 6.73989e-17 2.675 
1 0.5 -6.73969e-17 2.675 
1 0.5 0 2.675 
1 0.5 -5.1396e-17 2.675 
1 0.5 5.13957e-17 2.675 
1 0.5 5.00062e-17 2.675 
1 0.5 -5.00062e-17 2.675 
1 0.5 5.00062e-17 2.675 
1 0.5 -7.95429e-17 2.675 
1 0.5 -6.36342e-17 2.675 
1 0.5 4.77258e-17 2.675 
1 0.5 6.75686e-17 2.675 
1 0.5 -6.75681e-17 2.675 
1 0.5 0 2.675 
1 0.5 -4.23219e-17 2.675 
1 0.5 4.23219e-17 2.675 
1 0.5 0 2.675 
1 0.5 0 2.675 
1 0.5 0 2.675 
1 0.5 -8.43015e-17 2.675 
1 0.5 -4.50393e-17 2.675 
1 0.5 0 2.675 
1 0.5 6.75578e-17 2.675 
1 0.5 1.35208e-17 2.675 
1 0.5 0 2.675 
1 0.5 2.70417e-17 2.675 
1 0.5 7.87597e-17 2.675 
1 0.5 -7.87636e-17 2.675 
1 0.5 7.87612e-17 2.675 
1 0.5 0 2.675 
1 0.5 3.50583e-17 2.675 
1 0.5 0 2.675 
1 0.5 3.88382e-17 2.675 
1 0.5 0 2.675 
1 0.5 0 2.675 
1 0.5 1.00845e-17 2.675 
1 0.5 -8.0676e-17 2.675 
1 0.5 1.00845e-17 2.675 
1 0.5 -9.61873e-17 2.675 
1 0.5 9.61869e-17 2.675 
1 0.5 -9.61869e-17 2.675 
1.00371 0.516455 6.54523e-17 2.68391 
1 0.5 -5.74459e-17 2.675 
1 0.5 5.74459e-17 2.675 
1 0.5 0 2.675 
1 0.5 4.80987e-17 2.675 
1 0.5 -5.41107e-17 2.675 
0.99546 0.50311 0 2.661 
1 0.5 0 2.675 
1 0.5 0 2.675 
1 0.5 3.12608e-17 2.675 
1 0.5 0 2.675 
1 0.5 -6.25213e-17 2.675 
1 0.5 6.25216e-17 2.675 
1 0.5 0 2.675 
1 0.5 6.25213e-17 2.675 
1 0.5 -6.2521e-17 2.675 
1 0.5 0 2.675 
1 0.5 3.12606e-17 2.675 
1 0.5 7.8618e-17 2.675 
1 0.5 -7.8618e-17 2.675 
1 0.5 3.9309e-17 2.675 
1 0.5 -7.86185e-17 2.675 
1 0.5 1.17928e-16 2.675 
1 0.5 0 2.675 
1 0.5 7.86178e-17 2.675 
1 0.5 0 2.675 
1 0.5 3.9309e-17 2.675 
0.993604 0.496803 2.71511e-05 2.65137 
1 0.5 6.22294e-17 2.675 
1 0.5 -3.13446e-17 2.675 
1 0.5 3.09309e-17 2.675 
1 0.5 0 2.675 
1 0.5 0 2.675 
1 0.5 0 2.675 
1 0.5 0 2.675 
1 0.5 0 2.675 
1 0.5 -5.14928e-17 2.675 
1 0.5 2.57464e-17 2.675 
1 0.5 5.14931e-17 2.675 
1 0.5 -1.02986e-16 2.675 
1 0.5 5.14928e-17 2.675 
1 0.5 2.57463e-17 2.675 
1 0.5 2.57465e-17 2.675 
1 0.5 2.57465e-17 2.675 
1 0.5 -2.57463e-17 2.675 
1 0.5 7.33062e-17 2.675 
1 0.5 -7.33058e-17 2.675 
1 0.5 7.33058e-17 2.675 
1 0.5 -7.33059e-17 2.675 
1 0.5 7.33064e-17 2.675 
1 0.5 -7.33066e-17 2.675 
1 0.5 7.3306e-17 2.675 
1 0.5 -7.33063e-17 2.675 
1 0.5 7.33063e-17 2.675 
1 0.5 -3.66373e-17 2.675 
1 0.5 0 2.675 
1 0.5 -1.83187e-17 2.675 
1 0.5 0 2.675 
1 0.5 0 2.675 
1 0.5 0 2.675 
1 0.5 -1.83187e-17 2.675 
1 0.5 0 2.675 
1 0.5 -3.6637e-17 2.675 
1 0.5 9.51661e-17 2.675 
1 0.5 -9.51661e-17 2.675 
1 0.5 -4.75831e-17 2.675 
1 0.5 -4.7583e-17 2.675 
1 0.5 0 2.675 
1 0.5 -4.75834e-17 2.675 
1 0.5 4.75825e-17 2.675 
1 0.5 0 2.675 
1 0.5 0 2.675 
1 0.5 9.34721e-17 2.675 
1 0.5 0 2.675 
1 0.5 -4.67362e-17 2.675 
1 0.5 0 2.675 
1 0.5 4.67362e-17 2.675 
1 0.5 4.67366e-17 2.675 
1 0.5 9.34724e-17 2.675 
1 0.5 -9.34724e-17 2.675 
1 0.5 9.34724e-17 2.675 
1 0.5 9.0102e-17 2.675 
1 0.5 -9.0102e-17 2.675 
1 0.5 -4.80549e-17 2.675 
1 0.5 4.80549e-17 2.675 
1 0.5 0 2.675 
1 0.5 0 2.675 
1 0.5 0 2.675 
1 0.5 5.40612e-17 2.675 
1 0.5 -4.80549e-17 2.675 
1 0.5 0 2.675 
1 0.5 0 2.675 
1 0.5 0 2.675 
1 0.5 2.65704e-17 2.675 
1 0.5 0 2.675 
1 0.5 0 2.675 
1 0.5 0 2.675 
1 0.5 0 2.675 
1 0.5 0 2.675 
1 0.5 0 2.675 
1 0.5 0 2.675 
1 0.5 2.39056e-17 2.675 
1 0.5 0 2.675 
1 0.5 2.39056e-17 2.675 
1 0.5 -7.17167e-17 2.675 
1 0.5 0 2.675 
1 0.5 0 2.675 
1 0.5 9.56219e-17 2.675 
1 0.5 -7.81668e-17 2.675 
1 0.5 7.81668e-17 2.675 
1 0.5 -3.90838e-17 2.675 
1 0.5 -3.90835e-17 2.675 
1 0.5 -3.90832e-17 2.675 
1 0.5 -7.81664e-17 2.675 
1 0.5 0 2.675 
1 0.5 -7.81663e-17 2.675 
1 0.5 3.90835e-17 2.675 
1 0.5 0 2.675 
1 0.5 0 2.675 
1 0.5 0 2.675 
1 0.5 0 2.675 
1 0.5 0 2.675 
1 0.5 -5.22318e-17 2.675 
1 0.5 0 2.675 
1 0.5 0 2.675 
1 0.5 0 2.675 
1 0.5 -3.74989e-17 2.675 
1 0.5 7.49977e-17 2.675 
1 0.5 -3.74989e-17 2.675 
1 0.5 3.74989e-17 2.675 
1 0.5 3.74988e-17 2.675 
1 0.5 -3.74988e-17 2.675 
1 0.5 -3.74989e-17 2.675 
1 0.5 7.49977e-17 2.675 
1 0.5 -3.74989e-17 2.675 
1 0.5 -2.59299e-17 2.675 
1 0.5 0 2.675 
1 0.5 -6.74183e-17 2.675 
1 0.5 4.14886e-17 2.675 
1 0.5 -2.59304e-17 2.675 
1 0.5 -5.70463e-17 2.675 
1 0.5 -5.18605e-18 2.675 
1 0.5 0 2.675 
1 0.5 -2.59304e-17 2.675 
1 0.5 -1.83783e-17 2.675 
1 0.5 -3.67573e-17 2.675 
1 0.5 0 2.675 
1 0.5 -3.67573e-17 2.675 
1 0.5 1.83786e-17 2.675 
1 0.5 -1.83786e-17 2.675 
1 0.5 0 2.675 
1 0.5 -7.3516e-17 2.675 
1 0.5 3.6758e-17 2.675 
1 0.5 0 2.675 
1 0.5 0 2.675 
1 0.5 0 2.675 
1 0.5 0 2.675 
1 0.5 0 2.675 
1 0.5 0 2.675 
1 0.5 0 2.675 
1 0.5 0 2.675 
1 0.5 0 2.675 
1 0.5 0 2.675 
1 0.5 0 2.675 
1 0.5 0 2.675 
1 0.5 0 2.675 
1 0.5 0 2.675 
1 0.5 0 2.675 
1 0.5 0 2.675 
1 0.5 0 2.675 
1 0.5 -5.89149e-17 2.675 
1.00017 0.500085 1.5112e-08 2.67563 
1 0.5 6.38743e-17 2.675 
1 0.5 -6.3887e-17 2.675 
1 0.5 0 2.675 
1 0.5 3.19414e-17 2.675 
1 0.5 -3.19414e-17 2.675 
1 0.5 0 2.675 
1 0.5 0 2.675 
1 0.5 0 2.675 
0.999996 0.499998 1.01664e-11 2.67498 
1 0.5 5.88346e-17 2.675 
1 0.5 -2.94177e-17 2.675 
1 0.5 -2.94147e-17 2.675 
1 0.5 -5.88289e-17 2.675 
1 0.5 -2.94144e-17 2.675 
1 0.5 2.94198e-17 2.675 
1 0.5 0 2.675 
1 0.5 0 2.675 
0.946528 0.473609 0.00131487 2.47742 
1 0.5 0 2.675 
1 0.5 0 2.675 
1 0.5 0 2.675 
1 0.5 0 2.675 
1 0.5 3.20749e-17 2.675 
1 0.5 0 2.675 
1 0.5 6.2742e-17 2.675 
1 0.5 -6.27419e-17 2.675 
1 0.5 7.78754e-17 2.675 
1 0.5 0 2.675 
1 0.5 0 2.675 
1 0.5 3.89378e-17 2.675 
1 0.5 -3.89378e-17 2.675 
1 0.5 3.89383e-17 2.675 
1 0.5 0 2.675 
1 0.5 -7.78742e-17 2.675 
1 0.5 0 2.675 
1.00249 0.501246 4.60118e-06 2.68421 
1 0.5 0 2.675 
1 0.5 2.93806e-17 2.675 
1 0.5 0 2.675 
1 0.5 0 2.675 
1 0.5 0 2.675 
1 0.5 -9.673e-18 2.675 
1 0.5 0 2.675 
1 0.5 0 2.675 
1 0.5 0 2.675 
1 0.5 0 2.675 
1 0.5 0 2.675 
1 0.5 4.68119e-17 2.675 
1 0.5 -4.68119e-17 2.675 
1 0.5 0 2.675 
1 0.5 -2.3406e-17 2.675 
1 0.5 4.68119e-17 2.675 
1 0.5 -2.3406e-17 2.675 
1 0.5 0 2.675 
1 0.5 0 2.675 
1 0.5 2.34563e-17 2.675 
1 0.5 -2.34563e-17 2.675 
1 0.5 2.34563e-17 2.675 
1 0.5 -2.34563e-17 2.675 
1 0.5 2.34563e-17 2.675 
1 0.5 0 2.675 
1 0.5 0 2.675 
1.039 0.519392 0.000632916 2.81909 
1 0.5 7.33514e-17 2.675 
1 0.5 -3.60644e-17 2.675 
1 0.5 -3.62038e-17 2.675 
1 0.5 1.81015e-17 2.675 
1 0.5 -5.43043e-17 2.675 
1 0.5 0 2.675 
1 0.5 0 2.675 
1 0.5 -1.76837e-17 2.675 
1 0.5 0 2.675 
1 0.5 0 2.675 
1 0.5 0 2.675 
1 0.5 0 2.675 
1 0.5 0 2.675 
1 0.5 0 2.675 
1 0.5 0 2.675 
1 0.5 0 2.675 
1 0.5 0 2.675 
1 0.5 -5.29672e-17 2.675 
1 0.5 5.29672e-17 2.675 
1 0.5 -2.64832e-17 2.675 
1 0.5 0 2.675 
1 0.5 0 2.675 
1 0.5 0 2.675 
1 0.5 2.64832e-17 2.675 
1 0.5 -5.29664e-17 2.675 
1 0.5 7.94505e-17 2.675 
1 0.5 0 2.675 
1 0.5 0 2.675 
1 0.5 -7.37397e-17 2.675 
1 0.5 0 2.675 
1 0.5 -2.71673e-17 2.675 
1 0.5 2.71673e-17 2.675 
1 0.5 -6.20964e-17 2.675 
1 0.5 6.20964e-17 2.675 
1 0.5 -5.04536e-17 2.675 
1 0.5 0 2.675 
1 0.5 0 2.675 
1 0.5 0 2.675 
1 0.5 0 2.675 
1 0.5 0 2.675 
1 0.5 0 2.675 
1 0.5 0 2.675 
1 0.5 0 2.675 
1 0.5 0 2.675 
1 0.5 -3.39315e-17 2.675 
1 0.5 0 2.675 
1 0.5 2.7145e-17 2.675 
1 0.5 0 2.675 
1 0.5 6.78621e-18 2.675 
1 0.5 -6.10759e-17 2.675 
1 0.5 3.39312e-17 2.675 
1 0.5 -5.429e-17 2.675 
1 0.5 5.42902e-17 2.675 
1 0.5 0 2.675 
1 0.5 0 2.675 
1 0.5 -5.3358e-17 2.675 
1 0.5 5.3358e-17 2.675 
1 0.5 -5.3358e-17 2.675 
1 0.5 5.3358e-17 2.675 
1 0.5 5.33577e-17 2.675 
1 0.5 -1.06715e-16 2.675 
1 0.5 0 2.675 
1 0.5 -4.23602e-17 2.675 
1 0.5 0 2.675 
1 0.5 0 2.675 
1 0.5 8.47201e-17 2.675 
1 0.5 -4.236e-17 2.675 
1 0.5 0 2.675 
1 0.5 -4.23601e-17 2.675 
1 0.5 8.47202e-17 2.675 
1 0.5 0 2.675 
1 0.5 -3.86669e-17 2.675 
1 0.5 0 2.675 
1 0.5 -3.86667e-17 2.675 
1 0.5 1.93334e-17 2.675 
1 0.5 -3.86667e-17 2.675 
1 0.5 3.86669e-17 2.675 
1 0.5 0 2.675 
1 0.5 0 2.675 
1 0.5 -7.73338e-17 2.675 
1 0.5 0 2.675 
1 0.5 5.72571e-17 2.675 
1 0.5 -5.72567e-17 2.675 
1 0.5 -1.43143e-17 2.675 
1 0.5 0 2.675 
1 0.5 0 2.675 
1 0.5 0 2.675 
1 0.5 5.72566e-17 2.675 
1 0.5 -5.72566e-17 2.675 
1 0.5 -3.87536e-17 2.675 
1 0.5 0 2.675 
1 0.5 -5.81304e-17 2.675 
1 0.5 -7.75078e-17 2.675 
1 0.5 0 2.675 
1 0.5 3.87536e-17 2.675 
1 0.5 5.81308e-17 2.675 
1 0.5 7.75072e-17 2.675 
1 0.5 -3.87536e-17 2.675 
1.02717 0.51353 0.00038805 2.77541 
1 0.5 7.6265e-17 2.675 
1 0.5 -5.80109e-17 2.675 
1 0.5 7.68561e-17 2.675 
1 0.5 -5.7642e-17 2.675 
1 0.5 1.92144e-17 2.675 
1 0.5 1.96659e-17 2.675 
1 0.5 7.8665e-17 2.675 
1 0.5 -1.96662e-17 2.675 
1.05342 0.526353 0.00132962 2.87237 
1 0.5 0 2.675 
1 0.5 2.40919e-17 2.675 
1 0.5 -4.79912e-17 2.675 
1 0.5 4.79912e-17 2.675 
1 0.5 -4.79915e-17 2.675 
1 0.5 0 2.675 
1 0.5 0 2.675 
1 0.5 0 2.675 
0.96187 0.481065 0.000692662 2.53411 
1 0.5 -4.85298e-17 2.675 
1 0.5 4.91452e-17 2.675 
1 0.5 -2.42214e-17 2.675 
1 0.5 4.8443e-17 2.675 
1 0.5 -4.84439e-17 2.675 
1 0.5 0 2.675 
1 0.5 4.93472e-17 2.675 
1 0.5 -4.93472e-17 2.675 
1 0.5 -4.67026e-17 2.675 
1 0.5 0 2.675 
1 0.5 0 2.675 
1 0.5 1.75139e-17 2.675 
1 0.5 -4.67034e-17 2.675 
1 0.5 4.67028e-17 2.675 
1 0.5 0 2.675 
1 0.5 4.67026e-17 2.675 
1 0.5 -4.67028e-17 2.675 
1 0.5 0 2.675 
1 0.5 5.81779e-17 2.675 
1 0.5 -5.81779e-17 2.675 
1 0.5 1.81808e-18 2.675 
1 0.5 -5.81792e-17 2.675 
1 0.5 5.81783e-17 2.675 
1 0.5 5.8178e-17 2.675 
1 0.5 -5.81782e-17 2.675 
1 0.5 0 2.675 
1 0.5 -3.95222e-17 2.675 
1 0.5 3.95222e-17 2.675 
1 0.5 -1.97611e-17 2.675 
1 0.5 0 2.675 
1 0.5 -1.97616e-17 2.675 
1 0.5 1.97606e-17 2.675 
1 0.5 -3.95238e-17 2.675 
1 0.5 3.95227e-17 2.675 
1 0.5 -5.92854e-17 2.675 
1 0.5 0 2.675 
1 0.5 0 2.675 
1 0.5 0 2.675 
1 0.5 -2.90038e-17 2.675 
1 0.5 0 2.675 
1 0.5 0 2.675 
1 0.5 4.64047e-17 2.675 
1 0.5 0 2.675 
1 0.5 0 2.675 
1 0.5 0 2.675 
1 0.5 0 2.675 
1 0.5 0 2.675 
1 0.5 0 2.675 
1 0.5 0 2.675 
1 0.5 0 2.675 
1 0.5 0 2.675 
1 0.5 0 2.675 
1 0.5 -6.93803e-17 2.675 
1 0.5 0 2.675 
1 0.5 0 2.675 
1 0.5 0 2.675 
1 0.5 0 2.675 
1 0.5 0 2.675 
1 0.5 0 2.675 
1 0.5 0 2.675 
1 0.5 -3.11509e-17 2.675 
1 0.5 0 2.675 
0.999545 0.499772 1.08604e-07 2.67332 
1 0.5 0 2.675 
1 0.5 -3.50927e-17 2.675 
1 0.5 0 2.675 
1 0.5 -3.49788e-17 2.675 
1 0.5 6.99582e-17 2.675 
1 0.5 0 2.675 
1 0.5 0 2.675 
1 0.5 0 2.675 
1 0.5 0 2.675 
1 0.5 -6.14735e-17 2.675 
1 0.5 3.07367e-17 2.675 
1 0.5 0 2.675 
1 0.5 0 2.675 
1 0.5 0 2.675 
1 0.5 6.14746e-17 2.675 
1 0.5 0 2.675 
1 0.5 -3.07375e-17 2.675 
1 0.5 0 2.675 
1 0.5 0 2.675 
1 0.5 0 2.675 
1 0.5 0 2.675 
1 0.5 3.15219e-17 2.675 
1 0.5 -3.15222e-17 2.675 
1 0.5 -3.15217e-17 2.675 
1 0.5 3.15221e-17 2.675 
1 0.5 0 2.675 
1 0.5 7.7233e-17 2.675 
1 0.5 -3.86165e-17 2.675 
1 0.5 7.72323e-17 2.675 
1 0.5 -3.86161e-17 2.675 
1 0.5 7.72317e-17 2.675 
1 0.5 -7.72318e-17 2.675 
1 0.5 0 2.675 
1 0.5 -3.86164e-17 2.675 
1 0.5 3.86161e-17 2.675 
1 0.5 -6.31681e-17 2.675 
1 0.5 6.31681e-17 2.675 
1 0.5 -3.15841e-17 2.675 
1 0.5 3.15841e-17 2.675 
1 0.5 -3.15841e-17 2.675 
1 0.5 3.15841e-17 2.675 
1 0.5 -3.15841e-17 2.675 
1 0.5 6.31681e-17 2.675 
1 0.5 0 2.675 
1 0.5 1.66015e-17 2.675 
1 0.5 4.42711e-17 2.675 
1 0.5 -2.76692e-17 2.675 
1 0.5 4.42707e-17 2.675 
1 0.5 1.66014e-17 2.675 
1 0.5 -1.66015e-17 2.675 
1 0.5 -3.04355e-17 2.675 
1 0.5 -4.42698e-17 2.675 
1 0.5 0 2.675 
1 0.5 0 2.675 
1 0.5 0 2.675 
1 0.5 3.79476e-17 2.675 
1 0.5 -3.79478e-17 2.675 
1 0.5 3.79479e-17 2.675 
1 0.5 3.79477e-17 2.675 
1 0.5 0 2.675 
1 0.5 7.58947e-17 2.675 
1 0.5 -5.69211e-17 2.675 
1 0.5 -3.893e-17 2.675 
1 0.5 3.893e-17 2.675 
1 0.5 -3.89303e-17 2.675 
1 0.5 0 2.675 
1 0.5 0 2.675 
1 0.5 -3.89297e-17 2.675 
1 0.5 0 2.675 
1 0.5 -1.94652e-17 2.675 
1 0.5 0 2.675 
1 0.5 0 2.675 
1 0.5 0 2.675 
1 0.5 0 2.675 
1 0.5 0 2.675 
1 0.5 3.52298e-17 2.675 
1 0.5 0 2.675 
1 0.5 0 2.675 
1 0.5 -8.80756e-18 2.675 
1 0.5 0 2.675 
1.00499 0.502496 1.19337e-05 2.69345 
1 0.5 7.64841e-17 2.675 
1 0.5 -3.8409e-17 2.675 
1 0.5 0 2.675 
1 0.5 3.8346e-17 2.675 
1 0.5 3.83464e-17 2.675 
1 0.5 -3.85434e-17 2.675 
1 0.5 7.70877e-17 2.675 
1 0.5 -7.70877e-17 2.675 
0.97872 0.489392 0.000260127 2.59637 
1 0.5 4.9912e-17 2.675 
1 0.5 4.93872e-17 2.675 
1 0.5 -2.50822e-17 2.675 
1 0.5 -2.50822e-17 2.675 
1 0.5 -2.50829e-17 2.675 
1 0.5 2.45336e-17 2.675 
1 0.5 0 2.675 
1 0.5 -2.45356e-17 2.675 
1 0.5 0 2.675 
1 0.5 0 2.675 
1 0.5 -3.76277e-17 2.675 
1 0.5 2.91027e-17 2.675 
1 0.5 0 2.675 
1 0.5 0 2.675 
1 0.5 0 2.675 
1 0.5 0 2.675 
1 0.5 -3.23361e-18 2.675 
1 0.5 6.41973e-17 2.675 
1 0.5 0 2.675 
1 0.5 2.4691e-17 2.675 
1 0.5 0 2.675 
1 0.5 2.46911e-18 2.675 
1 0.5 3.70367e-17 2.675 
1 0.5 -1.48146e-17 2.675 
1 0.5 0 2.675 
1 0.5 -3.95059e-17 2.675 
1 0.5 6.3594e-17 2.675 
1 0.5 -6.35939e-17 2.675 
1 0.5 -6.35927e-17 2.675 
1 0.5 1.58982e-17 2.675 
1 0.5 6.3594e-17 2.675 
1 0.5 -6.3594e-17 2.675 
1 0.5 0 2.675 
1 0.5 3.17964e-17 2.675 
1 0.5 6.3594e-17 2.675 
1 0.5 -2.50929e-17 2.675 
1 0.5 2.50929e-17 2.675 
1 0.5 0 2.675 
1 0.5 0 2.675 
1 0.5 -2.50929e-17 2.675 
1 0.5 -2.50932e-17 2.675 
1 0.5 -7.52782e-17 2.675 
1 0.5 0 2.675 
1 0.5 5.01865e-17 2.675 
1 0.5 0 2.675 
1 0.5 5.02399e-17 2.675 
1 0.5 0 2.675 
1 0.5 2.51198e-17 2.675 
1 0.5 0 2.675 
1 0.5 5.02399e-17 2.675 
1 0.5 0 2.675 
1 0.5 0 2.675 
1 0.5 0 2.675 
0.995492 0.503088 0 2.6611 
1 0.5 0 2.675 
1 0.5 0 2.675 
1 0.5 0 2.675 
1 0.5 0 2.675 
1 0.5 0 2.675 
1 0.5 0 2.675 
1 0.5 0 2.675 
1 0.5 0 2.675 
1.00368 0.516346 0 2.68385 
1 0.5 5.71121e-17 2.675 
1 0.5 -5.71121e-17 2.675 
1 0.5 5.71121e-17 2.675 
1 0.5 0 2.675 
1 0.5 0 2.675 
1 0.5 5.71121e-17 2.675 
1 0.5 -5.71117e-17 2.675 
1 0.5 0 2.675 
1 0.5 0 2.675 
1 0.5 6.38163e-17 2.675 
1 0.5 3.19083e-17 2.675 
1 0.5 -6.38166e-17 2.675 
1 0.5 0 2.675 
1 0.5 -3.19078e-17 2.675 
1 0.5 6.38166e-17 2.675 
1 0.5 0 2.675 
1 0.5 0 2.675 
1 0.5 -5.959e-17 2.675 
1 0.5 5.95891e-17 2.675 
1 0.5 0 2.675 
1 0.5 2.97952e-17 2.675 
1 0.5 0 2.675 
1 0.5 0 2.675 
1 0.5 -1.1918e-16 2.675 
1 0.5 5.959e-17 2.675 
1 0.5 -5.95903e-17 2.675 
1 0.5 -4.7955e-17 2.675 
1 0.5 -3.88499e-17 2.675 
1 0.5 -1.24439e-17 2.675 
1 0.5 0 2.675 
1 0.5 2.12456e-18 2.675 
1 0.5 -4.0974e-17 2.675 
1 0.5 1.6086e-17 2.675 
1 0.5 3.88495e-17 2.675 
1 0.5 0 2.675 
1 0.5 -4.07291e-17 2.675 
1 0.5 4.07294e-17 2.675 
1 0.5 0 2.675 
1 0.5 -1.52734e-17 2.675 
1 0.5 0 2.675 
1 0.5 0 2.675 
1 0.5 0 2.675 
1 0.5 0 2.675 
1 0.5 -4.07293e-17 2.675 
1 0.5 0 2.675 
1 0.5 0 2.675 
1 0.5 -5.23282e-17 2.675 
1 0.5 2.61643e-17 2.675 
1 0.5 0 2.675 
1 0.5 0 2.675 
1 0.5 5.23287e-17 2.675 
1 0.5 -5.23287e-17 2.675 
1 0.5 5.23278e-17 2.675 
1 0.5 0 2.675 
1 0.5 0 2.675 
1 0.5 -1.30909e-17 2.675 
1 0.5 0 2.675 
1 0.5 0 2.675 
1 0.5 0 2.675 
1 0.5 -1.30909e-17 2.675 
1 0.5 0 2.675 
1 0.5 -1.30911e-17 2.675 
1 0.5 -8.43335e-17 2.675 
1 0.5 0 2.675 
1 0.5 8.43322e-17 2.675 
1 0.5 -4.2166e-17 2.675 
1 0.5 0 2.675 
1 0.5 8.4332e-17 2.675 
1 0.5 0 2.675 
1 0.5 -1.05416e-16 2.675 
1 0.5 0 2.675 
1 0.5 0 2.675 
1 0.5 0 2.675 
1 0.5 4.212e-17 2.675 
1 0.5 -8.42392e-17 2.675 
1 0.5 -4.21196e-17 2.675 
1 0.5 0 2.675 
1 0.5 4.21195e-17 2.675 
1 0.5 4.21199e-17 2.675 
1 0.5 8.42399e-17 2.675 
1 0.5 0 2.675 
1 0.5 5.75617e-17 2.675 
1 0.5 5.75606e-17 2.675 
1 0.5 0 2.675 
1 0.5 0 2.675 
1 0.5 0 2.675 
1 0.5 1.15123e-16 2.675 
1 0.5 -5.75596e-17 2.675 
1 0.5 1.15119e-16 2.675 
1 0.5 3.82418e-17 2.675 
1 0.5 7.64834e-17 2.675 
1 0.5 -1.91208e-17 2.675 
1 0.5 0 2.675 
1 0.5 -1.91208e-17 2.675 
1 0.5 1.91209e-17 2.675 
1 0.5 -3.82417e-17 2.675 
1 0.5 -7.64835e-17 2.675 
1 0.5 -3.82417e-17 2.675 
1 0.5 0 2.675 
1 0.5 0 2.675 
1 0.5 7.6475e-17 2.675 
1 0.5 -7.64741e-17 2.675 
1 0.5 0 2.675 
1 0.5 0 2.675 
1 0.5 0 2.675 
1 0.5 0 2.675 
1 0.5 7.64745e-17 2.675 
1 0.5 3.93224e-17 2.675 
1 0.5 -3.93224e-17 2.675 
1 0.5 0 2.675 
1 0.5 0 2.675 
1 0.5 -7.86466e-17 2.675 
1 0.5 3.93233e-17 2.675 
1 0.5 3.93224e-17 2.675 
1 0.5 -3.93241e-17 2.675 
1 0.5 3.93241e-17 2.675 
1 0.5 0 2.675 
1 0.5 0 2.675 
1 0.5 0 2.675 
1 0.5 -4.18203e-17 2.675 
1 0.5 0 2.675 
1 0.5 0 2.675 
1 0.5 0 2.675 
1 0.5 -4.18201e-17 2.675 
1 0.5 0 2.675 
1 0.5 -2.98384e-17 2.675 
1 0.5 5.70042e-17 2.675 
1 0.5 -1.24697e-17 2.675 
1 0.5 0 2.675 
1 0.5 -2.13768e-17 2.675 
1 0.5 -3.5628e-17 2.675 
1 0.5 -2.09314e-17 2.675 
1 0.5 -1.14009e-16 2.675 
1 0.5 1.14009e-16 2.675 
1 0.5 -3.8931e-17 2.675 
1 0.5 1.94655e-17 2.675 
1 0.5 0 2.675 
1 0.5 0 2.675 
1 0.5 0 2.675 
1 0.5 -3.89314e-17 2.675 
1 0.5 -3.89315e-17 2.675 
1 0.5 1.94657e-17 2.675 
1 0.5 1.94657e-17 2.675 
1 0.5 -2.39149e-17 2.675 
1 0.5 3.5872e-17 2.675 
1 0.5 -4.78293e-17 2.675 
1 0.5 4.78299e-17 2.675 
1 0.5 0 2.675 
1 0.5 0 2.675 
1 0.5 -4.78299e-17 2.675 
1 0.5 7.17439e-17 2.675 
1 0.5 -7.17439e-17 2.675 
1 0.5 0 2.675 
1 0.5 -4.1951e-17 2.675 
1 0.5 -8.39019e-17 2.675 
1 0.5 4.19512e-17 2.675 
1 0.5 0 2.675 
1 0.5 0 2.675 
1 0.5 0 2.675 
1 0.5 -6.29273e-17 2.675 
1 0.5 0 2.675 
1 0.5 0 2.675 
1 0.5 -6.43511e-17 2.675 
1 0.5 -4.29007e-17 2.675 
1 0.5 0 2.675 
1 0.5 0 2.675 
1 0.5 0 2.675 
1 0.5 4.29008e-17 2.675 
1 0.5 0 2.675 
1 0.5 0 2.675 
1 0.5 0 2.675 
1 0.5 0 2.675 
1 0.5 0 2.675 
1 0.5 -3.10542e-17 2.675 
1 0.5 5.52074e-17 2.675 
1 0.5 -5.52076e-17 2.675 
1 0.5 0 2.675 
1 0.5 0 2.675 
1 0.5 -2.41532e-17 2.675 
1 0.5 0 2.675 
1 0.5 0 2.675 
1 0.5 -8.2644e-17 2.675 
1 0.5 -6.61136e-17 2.675 
1 0.5 -1.65285e-17 2.675 
1 0.5 -4.95856e-17 2.675 
1 0.5 4.95852e-17 2.675 
1 0.5 -6.61152e-17 2.675 
1 0.5 -1.65288e-17 2.675 
1 0.5 0 2.675 
1 0.5 0 2.675 
1 0.5 0 2.675 
1 0.5 -5.63674e-17 2.675 
1 0.5 4.22762e-17 2.675 
1 0.5 -4.22762e-17 2.675 
1 0.5 2.81838e-17 2.675 
1 0.5 -5.63679e-17 2.675 
1 0.5 5.63683e-17 2.675 
1 0.5 4.76351e-17 2.675 
1 0.5 0 2.675 
1 0.5 -6.80502e-18 2.675 
1 0.5 0 2.675 
1 0.5 3.40253e-18 2.675 
1 0.5 -3.40254e-18 2.675 
1 0.5 2.38173e-17 2.675 
1 0.5 5.44401e-17 2.675 
1 0.5 -5.44408e-17 2.675 
1 0.5 -1.11215e-16 2.675 
1 0.5 1.11215e-16 2.675 
1 0.5 -5.56064e-17 2.675 
1 0.5 5.56064e-17 2.675 
1 0.5 -1.11213e-16 2.675 
1 0.5 1.11213e-16 2.675 
1 0.5 -5.56064e-17 2.675 
1 0.5 5.56064e-17 2.675 
1 0.5 -5.56064e-17 2.675 
1 0.5 3.704e-17 2.675 
1 0.5 3.70401e-17 2.675 
1 0.5 -3.70403e-17 2.675 
1 0.5 -7.40803e-17 2.675 
1 0.5 0 2.675 
1 0.5 0 2.675 
1 0.5 5.55599e-17 2.675 
1 0.5 -7.40797e-17 2.675 
1 0.5 7.40792e-17 2.675 
1 0.5 0 2.675 
1 0.5 0 2.675 
1 0.5 0 2.675 
1 0.5 5.05485e-17 2.675 
1 0.5 -6.7398e-17 2.675 
1 0.5 0 2.675 
1 0.5 -6.73986e-17 2.675 
1 0.5 0 2.675 
1 0.5 0 2.675 
1 0.5 5.13957e-17 2.675 
1 0.5 0 2.675 
1 0.5 0 2.675 
1 0.5 -2.5698e-17 2.675 
1 0.5 5.13955e-17 2.675 
1 0.5 -5.13957e-17 2.675 
1 0.5 5.1396e-17 2.675 
1 0.5 0 2.675 
1 0.5 0 2.675 
1 0.5 5.00062e-17 2.675 
1 0.5 -5.00067e-17 2.675 
1 0.5 5.00067e-17 2.675 
1 0.5 -5.00062e-17 2.675 
1 0.5 5.00068e-17 2.675 
1 0.5 -5.00068e-17 2.675 
1 0.5 5.00062e-17 2.675 
1 0.5 -5.00062e-17 2.675 
1 0.5 5.00062e-17 2.675 
1 0.5 7.15885e-17 2.675 
1 0.5 0 2.675 
1 0.5 4.7726e-17 2.675 
1 0.5 6.36343e-17 2.675 
1 0.5 -1.59085e-17 2.675 
1 0.5 -4.77258e-17 2.675 
1 0.5 -7.95437e-17 2.675 
1 0.5 0 2.675 
1 0.5 6.36342e-17 2.675 
1 0.5 0 2.675 
1 0.5 0 2.675 
1 0.5 0 2.675 
1 0.5 -4.22307e-18 2.675 
1 0.5 0 2.675 
1 0.5 0 2.675 
1 0.5 0 2.675 
1 0.5 0 2.675 
1 0.5 0 2.675 
1 0.5 -4.23218e-17 2.675 
1 0.5 4.23218e-17 2.675 
1 0.5 2.1161e-17 2.675 
1 0.5 0 2.675 
1 0.5 0 2.675 
1 0.5 0 2.675 
1 0.5 2.11611e-17 2.675 
1 0.5 8.46446e-17 2.675 
1 0.5 -8.46446e-17 2.675 
1 0.5 -8.43017e-17 2.675 
1 0.5 4.21508e-17 2.675 
1 0.5 -8.43024e-17 2.675 
1 0.5 6.32261e-17 2.675 
1 0.5 0 2.675 
1 0.5 -8.43023e-17 2.675 
1 0.5 0 2.675 
1 0.5 0 2.675 
1 0.5 -4.21508e-17 2.675 
1 0.5 0 2.675 
1 0.5 -4.50378e-17 2.675 
1 0.5 -4.50388e-17 2.675 
1 0.5 0 2.675 
1 0.5 0 2.675 
1 0.5 -4.50385e-17 2.675 
1 0.5 4.50385e-17 2.675 
1 0.5 0 2.675 
1 0.5 0 2.675 
1 0.5 -4.0564e-17 2.675 
1 0.5 0 2.675 
1 0.5 1.3521e-17 2.675 
1 0.5 2.70415e-17 2.675 
1 0.5 -1.35211e-17 2.675 
1 0.5 6.76067e-17 2.675 
1 0.5 -1.35205e-17 2.675 
1 0.5 0 2.675 
1 0.5 0 2.675 
1 0.5 0 2.675 
1 0.5 -3.93802e-17 2.675 
1 0.5 0 2.675 
1 0.5 -2.95346e-17 2.675 
1 0.5 0 2.675 
1 0.5 -7.8759e-17 2.675 
1 0.5 0 2.675 
1 0.5 0 2.675 
1 0.5 0 2.675 
1 0.5 0 2.675 
1 0.5 0 2.675 
1 0.5 7.01168e-17 2.675 
1 0.5 -7.01168e-17 2.675 
1 0.5 7.01168e-17 2.675 
1 0.5 -7.01168e-17 2.675 
1 0.5 0 2.675 
1 0.5 0 2.675 
1 0.5 0 2.675 
1 0.5 -1.94187e-17 2.675 
1 0.5 3.88374e-17 2.675 
1 0.5 -1.94187e-17 2.675 
1 0.5 0 2.675 
1 0.5 -1.94187e-17 2.675 
1 0.5 1.94187e-17 2.675 
1 0.5 -1.94187e-17 2.675 
1 0.5 3.88374e-17 2.675 
1 0.5 0 2.675 
1 0.5 0 2.675 
1 0.5 -8.06752e-17 2.675 
1 0.5 7.05917e-17 2.675 
1 0.5 0 2.675 
1 0.5 -7.05938e-17 2.675 
1 0.5 3.02535e-17 2.675 
1 0.5 9.07623e-17 2.675 
1 0.5 0 2.675 
1 0.5 0 2.675 
1 0.5 -4.80936e-17 2.675 
1 0.5 9.61869e-17 2.675 
1 0.5 -9.61869e-17 2.675 
1 0.5 8.41639e-17 2.675 
1 0.5 -9.61873e-17 2.675 
1 0.5 9.61869e-17 2.675 
1 0.5 -9.61873e-17 2.675 
1 0.5 9.61869e-17 2.675 
1 0.5 0 2.675 
1.00371 0.516455 6.54523e-17 2.68391 
1 0.5 -5.74459e-17 2.675 
1 0.5 5.74459e-17 2.675 
1 0.5 -5.74459e-17 2.675 
1 0.5 5.74459e-17 2.675 
1 0.5 -5.74459e-17 2.675 
1 0.5 5.74459e-17 2.675 
1 0.5 -5.74459e-17 2.675 
1 0.5 0 2.675 
1 0.5 -4.80987e-17 2.675 
1 0.5 0 2.675 
1 0.5 -6.0123e-18 2.675 
1 0.5 0 2.675 
1 0.5 -3.00618e-17 2.675 
1 0.5 7.816e-17 2.675 
1 0.5 -6.01236e-18 2.675 
1 0.5 4.80984e-17 2.675 
1 0.5 0 2.675 
0.99546 0.50311 0 2.661 
1 0.5 0 2.675 
1 0.5 0 2.675 
1 0.5 0 2.675 
1 0.5 0 2.675 
1 0.5 0 2.675 
1 0.5 -5.74708e-17 2.675 
1 0.5 5.74704e-17 2.675 
1 0.5 0 2.675 
