1.00324 0.582866 0.0180541 2.68085 
0.982529 0.619032 -0.0109315 2.63461 
1.01561 0.517043 -0.0827088 2.70168 
0.99025 0.608259 0.000603951 2.65283 
0.999796 0.584489 2.7452e-05 2.67109 
1.00465 0.58279 0.00059798 2.68531 
1.00064 0.582561 -0.00448082 2.67317 
1.00478 0.58038 0.0154827 2.68451 
0.983565 0.612716 -0.0210878 2.6344 
0.990062 0.608494 -1.97012e-05 2.65236 
0.991521 0.607359 0.000907701 2.65647 
0.997851 0.585979 -0.017641 2.66596 
0.994478 0.60071 0.016078 2.66234 
0.995419 0.588566 -0.0457767 2.66238 
0.993596 0.602828 0.0189594 2.66078 
1.0101 0.515174 -0.0884702 2.68241 
1.00002 0.590488 -7.45282e-06 2.67455 
1.00401 0.584168 5.9491e-05 2.684 
1.00736 0.576028 0.000535661 2.6905 
1.00546 0.54775 -0.00275461 2.6794 
0.885995 0.677381 -0.098033 2.38263 
0.972169 0.637797 0.0252164 2.61343 
0.885539 0.710448 0.0941019 2.40337 
0.999347 0.562149 -0.000811648 2.66532 
1.00502 0.581636 0.000139897 2.6859 
0.974826 0.617727 0.15738 2.6234 
0.994335 0.599005 -0.000747441 2.66073 
0.998223 0.590095 0.0443359 2.66938 
0.999717 0.591366 -0.000195744 2.67405 
0.99953 0.591685 -0.000143886 2.67362 
0.981609 0.616479 -0.0141802 2.6301 
1.00071 0.591345 0.000663203 2.67723 
0.966643 0.643622 -0.0411028 2.60101 
0.999825 0.58442 -0.0119671 2.6712 
1.00262 0.586124 0.00439502 2.68051 
1.00462 0.582478 0.00573114 2.68507 
1.02488 0.542981 0.0223562 2.73179 
1.02793 0.543535 0.0950799 2.74733 
0.965327 0.567528 -0.141741 2.5682 
0.974613 0.628035 0.0249157 2.61478 
1.01062 0.570321 0.0367546 2.69897 
0.891009 0.694822 -0.0835773 2.40905 
0.946707 0.666844 -0.00963361 2.55243 
1.00792 0.575017 0.0069829 2.69183 
1.0005 0.573369 -0.0387914 2.67108 
1.01515 0.527321 -0.0170891 2.70238 
1.00018 0.556952 -0.000462056 2.66628 
1.00538 0.545668 -0.0045951 2.678 
0.999119 0.589973 -0.00334222 2.67141 
1.00564 0.580042 0.000212767 2.68706 
0.96714 0.642411 0.0236115 2.60024 
0.985482 0.606585 -0.0175276 2.63663 
1.00446 0.582214 0.00471165 2.68436 
0.905902 0.705869 0.102583 2.46251 
1.01239 0.565783 0.00232722 2.7016 
0.857966 0.723328 -0.0042698 2.32841 
1.00057 0.582939 -0.00321495 2.67292 
1.00487 0.582201 0.00174924 2.68572 
0.994562 0.58945 0.0946479 2.66091 
0.999176 0.561616 -0.00139813 2.66444 
1.00502 0.581739 0.0014748 2.68596 
0.99991 0.586393 -0.00041664 2.6722 
1.00465 0.583204 2.77833e-05 2.68556 
1.00718 0.576704 0.000911602 2.69027 
1.00218 0.574317 -0.00549838 2.67667 
1.00016 0.582609 -0.000924362 2.67223 
1.00459 0.582869 0.000788673 2.68519 
0.997964 0.564564 -6.30907e-05 2.66173 
1.00491 0.582311 3.18202e-05 2.68592 
0.999781 0.579608 -0.000760037 2.67075 
1.00499 0.581765 0.00019383 2.68587 
0.947653 0.643667 -0.0896395 2.54647 
1.00002 0.584679 -0.000578541 2.67182 
1.0048 0.582966 0.000122789 2.68593 
0.926983 0.689299 0.0341748 2.50766 
1.0128 0.562419 0.0481653 2.70239 
1.00546 0.580249 0.0163738 2.68673 
1.02187 0.543914 0.0200367 2.72202 
0.968992 0.636805 -0.0523776 2.60495 
1.00446 0.583299 0.000515872 2.68498 
1.00002 0.584652 -0.000765895 2.67182 
1.00263 0.578129 -0.00764405 2.67922 
0.977099 0.625304 0.0746638 2.62386 
1.0008 0.582642 -0.00412733 2.67381 
0.999906 0.584497 -0.0166319 2.67201 
1.00698 0.577517 0.00577887 2.6901 
0.998518 0.584792 -0.0130631 2.66706 
0.939983 0.674929 0.0489774 2.53812 
1.00021 0.581627 -0.000942693 2.67246 
1.00491 0.58183 0.0043162 2.68564 
1.00382 0.584432 0.000169397 2.68351 
1.00003 0.58924 -0.000467828 2.67393 
1.00006 0.584205 -0.000697429 2.6719 
1.00485 0.582274 0.00125393 2.68571 
0.978862 0.618941 0.0707458 2.62518 
0.966409 0.64204 -0.0440315 2.59953 
0.942 0.658418 -0.0759222 2.53664 
0.99835 0.592447 -0.00436186 2.67027 
0.997313 0.594726 0.0491538 2.66939 
0.939348 0.666379 -0.017503 2.52896 
1.00498 0.582554 1.20451e-05 2.6863 
1.00486 0.582829 7.54026e-05 2.68603 
0.997442 0.565791 -3.31823e-05 2.66042 
0.998033 0.570799 -0.00166439 2.66346 
0.99786 0.5934 0.0196701 2.66921 
1.00035 0.592121 0.0188213 2.67671 
1.0024 0.585506 0.00991164 2.67946 
0.985499 0.616274 0.00878678 2.64239 
0.982545 0.617601 0.00558293 2.63357 
0.976395 0.631825 -0.000792336 2.62291 
1.01861 0.517819 -0.0441557 2.71005 
1.01359 0.514812 -0.0507442 2.69164 
1.00343 0.561517 -0.0561765 2.67659 
0.989703 0.609076 0.00657518 2.6516 
0.989212 0.610472 0.00390223 2.65083 
0.987115 0.611052 -0.00223997 2.64433 
0.999939 0.584281 -0.000422746 2.67149 
0.999948 0.584328 -0.000332021 2.67156 
0.999759 0.582243 -0.000370773 2.67074 
1.00476 0.582813 0.000259593 2.68569 
1.00474 0.582833 0.000350304 2.68564 
1.00477 0.582626 0.000448292 2.68563 
1.00052 0.582442 -0.00881153 2.67273 
1.00104 0.582877 -0.00742717 2.67472 
1.00148 0.580676 -0.00593055 2.67592 
1.00499 0.580891 0.00810642 2.68539 
1.00536 0.581286 0.00929517 2.68687 
1.00663 0.576811 0.0105155 2.68856 
0.978571 0.617654 -0.0350626 2.62217 
0.980624 0.61418 -0.0326939 2.62667 
0.989108 0.601503 -0.0409946 2.6474 
0.988164 0.610969 -0.00477198 2.64774 
0.988822 0.608942 -0.00397634 2.64863 
0.991011 0.606736 -0.0051864 2.65448 
0.996535 0.599677 0.00139508 2.66836 
0.994501 0.601817 0.00259926 2.66293 
0.992017 0.60692 0.00643736 2.65789 
0.989816 0.600669 -0.0226753 2.64782 
0.992461 0.595394 -0.0252522 2.65361 
0.996752 0.586627 -0.0281331 2.66375 
0.998051 0.595332 0.00581071 2.67079 
0.998069 0.59493 0.00696767 2.67062 
1.00038 0.590775 0.00977965 2.67586 
0.980492 0.618167 -0.0554364 2.63096 
0.983966 0.607913 -0.0594691 2.63647 
0.988872 0.589032 -0.0651752 2.64285 
1.00099 0.589825 0.0221083 2.67755 
0.998616 0.591162 0.0236359 2.67048 
0.995033 0.601828 0.0309267 2.66529 
1.00097 0.562881 -0.057879 2.66907 
1.00265 0.560338 -0.0649252 2.67446 
0.995414 0.560681 -0.0879174 2.65297 
0.99997 0.590806 -3.06472e-05 2.67457 
1.00001 0.590689 -7.66718e-05 2.67464 
1.00003 0.589753 -0.000157121 2.67421 
1.00449 0.583385 1.57769e-05 2.68514 
1.0044 0.583514 0.000109126 2.6849 
1.00432 0.583513 0.000334161 2.68464 
1.00905 0.572159 0.00105375 2.69396 
1.00872 0.573305 0.00169182 2.6935 
1.00791 0.57554 0.00351905 2.69207 
1.00216 0.553686 -0.00127669 2.67128 
1.00226 0.552508 -0.00218041 2.67097 
1.0034 0.565825 -0.00575114 2.67774 
0.926444 0.623301 -0.138871 2.47652 
0.924498 0.642015 -0.128872 2.48102 
0.927886 0.658399 -0.0984175 2.49585 
0.985959 0.615677 0.0443136 2.64467 
0.981577 0.619126 0.044521 2.6325 
0.974444 0.636189 0.0477526 2.62077 
0.869235 0.722293 0.0517462 2.36148 
0.884886 0.722424 0.0594032 2.40873 
0.914782 0.6932 0.0563071 2.47421 
0.998465 0.563823 -0.00037391 2.66309 
0.998455 0.56355 -0.000615004 2.66291 
0.999651 0.575356 -0.00130381 2.66944 
1.00522 0.581012 0.000219066 2.68621 
1.00521 0.581197 0.000325659 2.68626 
1.00508 0.581734 0.000765002 2.68615 
0.933172 0.668537 0.139326 2.52282 
0.946633 0.660667 0.142985 2.56026 
0.961541 0.63383 0.127111 2.586 
0.99071 0.60629 -0.000462599 2.65315 
0.991887 0.604967 -0.00160447 2.65623 
0.993358 0.600792 -0.00439086 2.65864 
1.00381 0.580949 0.0274488 2.68188 
1.00388 0.583644 0.0333187 2.68391 
1.00567 0.575165 0.0445864 2.68551 
0.999319 0.5913 -0.00160279 2.67275 
0.999575 0.591087 -0.00100722 2.67348 
0.999866 0.589965 -0.00103096 2.67381 
0.99794 0.594166 -0.000350071 2.6698 
0.998489 0.59333 -0.000626851 2.67113 
0.998973 0.592063 -0.00142207 2.67205 
0.971382 0.63229 -0.00612082 2.60699 
0.973373 0.631474 -0.012563 2.61304 
0.974841 0.623384 -0.0255169 2.61313 
1.00299 0.586327 0.000289647 2.68187 
1.00231 0.587126 0.00102491 2.68007 
1.00166 0.588381 0.00326846 2.67864 
0.963751 0.652039 -0.00905405 2.59595 
0.960718 0.648876 -0.0176076 2.58438 
0.955565 0.662745 -0.0321882 2.57832 
1.00059 0.583312 -0.00625253 2.67305 
1.00014 0.583186 -0.00695812 2.67149 
0.999116 0.588597 -0.00651377 2.67071 
1.0033 0.58503 0.00128661 2.68211 
1.00328 0.585354 0.00171891 2.68224 
1.00363 0.584449 0.00267996 2.68289 
1.00441 0.583009 0.0108105 2.68472 
1.00415 0.582404 0.00868861 2.68347 
1.00333 0.585073 0.0063345 2.68228 
1.02997 0.536527 0.0508343 2.74694 
1.02596 0.534216 0.0436335 2.73169 
1.01849 0.555534 0.0394831 2.7174 
1.01208 0.57352 0.134621 2.7156 
1.01113 0.561996 0.119919 2.70362 
1.00842 0.571024 0.0996547 2.69692 
0.996909 0.524724 -0.11506 2.64671 
0.989439 0.531806 -0.116826 2.62555 
0.980117 0.58236 -0.110013 2.61736 
0.987385 0.609987 0.023617 2.64483 
0.985794 0.615742 0.0271262 2.64337 
0.985464 0.613594 0.0417438 2.64154 
1.00645 0.578324 0.0230325 2.68908 
1.00777 0.574437 0.024162 2.69129 
1.01128 0.569186 0.0228298 2.70008 
0.927069 0.671795 -0.0827719 2.50078 
0.915404 0.6782 -0.0798561 2.46896 
0.905557 0.698903 -0.051156 2.45174 
0.959762 0.651549 0.0123279 2.58271 
0.955021 0.65958 0.0111662 2.57325 
0.939412 0.672433 0.0173164 2.53333 
1.0102 0.570225 0.00508916 2.69674 
1.00986 0.571464 0.00576352 2.69629 
1.00979 0.570577 0.0108065 2.69562 
1.00896 0.536512 -0.0314487 2.68342 
1.0079 0.552872 -0.0338109 2.68654 
1.0049 0.563853 -0.0249755 2.68077 
1.00929 0.538577 -0.0057503 2.68807 
1.00887 0.535518 -0.0087907 2.68502 
1.00838 0.551383 -0.0158397 2.68767 
0.999123 0.559123 -0.000306649 2.66373 
0.999226 0.558698 -0.000621199 2.66384 
1.00041 0.568093 -0.00178188 2.66961 
1.00351 0.564942 -0.0075945 2.6775 
1.00457 0.562665 -0.00689983 2.68017 
1.00604 0.556826 -0.0123788 2.68231 
1.00002 0.584713 -0.00362675 2.67163 
0.999907 0.586706 -0.00362417 2.67227 
0.999892 0.587843 -0.00184189 2.67278 
1.00631 0.578463 0.000297547 2.68837 
1.0062 0.578926 0.000569725 2.68828 
1.00597 0.579744 0.00131737 2.68796 
0.967277 0.643398 0.0479112 2.60237 
0.963445 0.646247 0.040482 2.59163 
0.952811 0.661026 0.0348885 2.56769 
0.994114 0.592295 -0.0198615 2.65683 
0.992511 0.596393 -0.0180115 2.6538 
0.991312 0.601254 -0.0131504 2.65237 
1.00345 0.584503 0.00507419 2.68235 
1.00381 0.584073 0.00498229 2.68329 
1.00414 0.583191 0.00282319 2.68387 
0.924798 0.690363 0.0626907 2.50352 
0.921152 0.683694 0.0741304 2.48807 
0.942775 0.666388 0.105944 2.54628 
1.01764 0.555409 0.00761571 2.71363 
1.01593 0.557572 0.00791517 2.70906 
1.01311 0.565597 0.0105172 2.70397 
0.866542 0.710354 -0.0517502 2.34525 
0.875544 0.717643 -0.0423461 2.3773 
0.894031 0.70634 -0.0254612 2.42113 
1.0005 0.582752 -0.00167441 2.67308 
1.00047 0.582877 -0.00184765 2.67276 
1.0002 0.584924 -0.00206992 2.67238 
1.00479 0.582195 0.00324855 2.68546 
1.00472 0.582205 0.00258991 2.68524 
1.00444 0.582919 0.00208197 2.68471 
0.986753 0.597742 0.128131 2.64483 
0.987206 0.601257 0.122346 2.64748 
0.978284 0.616469 0.107481 2.62587 
0.9997 0.575357 -0.00153121 2.66951 
0.999906 0.573752 -0.000956734 2.66984 
1.00012 0.570992 -0.00259636 2.6696 
1.00541 0.580802 0.000877306 2.68673 
1.00537 0.580936 0.00103015 2.68666 
1.00542 0.580723 0.00193096 2.6867 
0.999948 0.589246 -0.000308656 2.67366 
0.999966 0.588673 -0.000168077 2.67342 
1.00002 0.588076 -0.000550689 2.67329 
1.00472 0.583071 7.01487e-05 2.68573 
1.00468 0.583127 6.96172e-05 2.68563 
1.00456 0.583227 0.000189371 2.68526 
1.00744 0.576139 0.00381742 2.69083 
1.00726 0.576956 0.00268324 2.6907 
1.00646 0.578437 0.00228003 2.68888 
1.00104 0.560211 -0.00233961 2.66896 
1.00161 0.567494 -0.0033311 2.67294 
1.0011 0.574457 -0.00339286 2.67354 
1.00006 0.58367 -0.000751458 2.67176 
1.00012 0.583652 -0.00094348 2.67197 
1.0002 0.58439 -0.00115549 2.67221 
1.00469 0.582529 0.00118642 2.68532 
1.00462 0.58274 0.00121387 2.6852 
1.00439 0.583086 0.0013038 2.68464 
0.997835 0.565215 -0.000137704 2.66149 
0.99782 0.565055 -0.000233942 2.66135 
0.998697 0.572989 -0.000448962 2.66598 
1.00492 0.582094 5.65245e-05 2.68581 
1.00491 0.582152 9.57999e-05 2.68584 
1.00489 0.58248 0.000192101 2.68595 
0.99862 0.569364 -0.000326926 2.66472 
0.999137 0.574286 -0.000963495 2.66762 
0.999242 0.57792 -0.00059532 2.66873 
1.00498 0.581858 0.000823622 2.68589 
1.00498 0.582065 0.000584541 2.686 
1.00488 0.582291 0.000372239 2.68582 
0.953653 0.610953 -0.122196 2.55149 
0.955048 0.619525 -0.11514 2.55874 
0.970654 0.608273 -0.094333 2.59855 
0.999889 0.585035 -0.000187317 2.67154 
0.999915 0.584987 -0.00041103 2.67159 
1.00002 0.587229 -0.000526413 2.67287 
1.00469 0.582971 0.000397222 2.68555 
1.00469 0.582955 0.000361475 2.68554 
1.00463 0.583163 0.000324445 2.68549 
0.898147 0.714122 0.0216776 2.43956 
0.903917 0.704051 0.02016 2.4484 
0.916241 0.699569 0.000829821 2.48226 
1.01888 0.546044 0.0680643 2.71533 
1.01659 0.55799 0.0666707 2.71396 
1.00777 0.569845 0.0711639 2.69121 
1.00749 0.575914 0.0107507 2.69094 
1.00753 0.575579 0.0131609 2.69092 
1.00861 0.573593 0.0162102 2.69343 
1.0168 0.554586 0.0339108 2.71094 
1.01784 0.556795 0.0292667 2.71548 
1.01494 0.559466 0.0187722 2.7069 
0.958534 0.638194 -0.0701118 2.5741 
0.962696 0.6328 -0.0669578 2.58377 
0.974748 0.615558 -0.0771613 2.61282 
1.00451 0.583123 0.000709615 2.68506 
1.00448 0.583248 0.000685833 2.68502 
1.00427 0.58341 0.00109934 2.68441 
1.00002 0.587205 -0.000728991 2.67288 
1.00006 0.586645 -0.000593832 2.67272 
1.00009 0.58596 -0.00106984 2.67249 
1.00154 0.58223 -0.0127671 2.6765 
1.00212 0.580273 -0.012324 2.67788 
1.00402 0.575333 -0.0124354 2.68277 
0.988371 0.609673 0.0877222 2.65205 
0.982617 0.613606 0.0851895 2.63538 
0.972184 0.635126 0.0921699 2.61621 
1.00162 0.580821 -0.00541772 2.67657 
1.00124 0.580861 -0.00472951 2.67533 
1.00107 0.580969 -0.00355092 2.67505 
1.00032 0.583573 -0.0268866 2.67394 
1.00112 0.582756 -0.0228667 2.67604 
1.00295 0.579042 -0.0195244 2.68035 
1.00552 0.580753 0.00526355 2.68708 
1.00583 0.579394 0.005124 2.68731 
1.00625 0.578947 0.00355547 2.68845 
0.998464 0.589103 -0.00674974 2.66883 
0.998152 0.590141 -0.00866789 2.66842 
0.995448 0.593987 -0.010648 2.66172 
0.962693 0.642841 0.0677961 2.58841 
0.958958 0.653972 0.0713948 2.58447 
0.951631 0.657829 0.0851938 2.56535 
1.00061 0.582444 -0.00230161 2.67337 
1.00061 0.582165 -0.00211415 2.6736 
1.00059 0.579799 -0.00173914 2.67341 
1.00499 0.581699 0.00234416 2.68583 
1.00509 0.581692 0.00295717 2.68618 
1.00546 0.580339 0.00331656 2.68661 
1.00425 0.58365 0.000433387 2.68447 
1.00411 0.583709 0.000503127 2.68407 
1.00393 0.584115 0.00105777 2.68371 
0.999954 0.590813 -0.000299551 2.67454 
0.999952 0.590139 -0.00049411 2.67416 
1.00003 0.588814 -0.000724943 2.67373 
1.00007 0.582954 -0.000797249 2.67188 
0.999976 0.582947 -0.00065256 2.67158 
0.999727 0.582199 -0.000778656 2.6708 
1.00468 0.582705 0.000921795 2.68537 
1.00472 0.582509 0.000896724 2.68538 
1.00482 0.582501 0.000611772 2.68573 
0.99014 0.601919 0.0579072 2.65053 
0.988896 0.607266 0.0645302 2.65022 
0.988644 0.602821 0.0810171 2.64804 
0.951657 0.65956 -0.0385449 2.56399 
0.954596 0.65694 -0.0440111 2.57187 
0.954747 0.645007 -0.0597653 2.56562 
0.939418 0.66318 -0.0430445 2.5283 
0.936968 0.666681 -0.0474761 2.52375 
0.925384 0.679544 -0.0521245 2.49768 
0.996814 0.596619 -0.00272789 2.66755 
0.996872 0.595693 -0.00341173 2.66722 
0.996064 0.596042 -0.00669259 2.66483 
1.00695 0.578236 0.0503704 2.69185 
1.00375 0.579561 0.0526595 2.68205 
0.99922 0.592455 0.067467 2.6756 
0.931297 0.677309 0.0113825 2.5114 
0.930307 0.677247 -0.00134436 2.50833 
0.925604 0.682928 -0.0181163 2.49856 
1.00492 0.582441 2.49736e-05 2.68604 
1.00493 0.58249 5.15428e-05 2.6861 
1.00492 0.582569 0.000153593 2.68609 
1.00495 0.582644 4.87705e-05 2.68626 
1.00493 0.582672 6.53868e-05 2.68618 
1.00485 0.582712 0.000222444 2.68595 
0.997167 0.566453 -3.94009e-05 2.65972 
0.997281 0.566403 -0.000159021 2.66007 
0.998283 0.57309 -0.000438358 2.66476 
0.999239 0.581006 -0.000861274 2.66889 
0.999022 0.578992 -0.00047269 2.66801 
0.998825 0.576434 -0.00148109 2.6671 
1.00078 0.587565 0.0198532 2.67546 
1.00272 0.587521 0.017252 2.68183 
1.00271 0.5844 0.0134322 2.6799 
0.982615 0.620885 -0.000792755 2.6359 
0.980434 0.618422 -0.00703367 2.62732 
0.979363 0.625693 -0.00784165 2.62856 
1.01813 0.515651 -0.0612842 2.70818 
1.01142 0.514115 -0.0679935 2.68489 
1.00733 0.542077 -0.067383 2.68234 
0.990049 0.608475 0.00266334 2.65232 
0.989818 0.609188 0.00126465 2.652 
0.989103 0.609345 0.000317442 2.64975 
0.99987 0.584375 -0.000217023 2.67129 
0.999881 0.584436 -0.000109451 2.67137 
0.999809 0.5836 -0.000156973 2.671 
1.0047 0.582808 0.000408874 2.6855 
1.00469 0.582828 0.000520517 2.68547 
1.00471 0.582694 0.000529375 2.68548 
1.00068 0.582385 -0.00626181 2.6732 
1.00095 0.582801 -0.00522122 2.6744 
1.001 0.581849 -0.00517207 2.67439 
1.00499 0.580488 0.011197 2.68519 
1.00543 0.581266 0.0130528 2.68713 
1.00589 0.578198 0.0131287 2.68693 
0.98125 0.614992 -0.0272645 2.62865 
0.982954 0.612274 -0.0255207 2.63252 
0.985257 0.608204 -0.0320212 2.63788 
0.989379 0.609522 -0.00132292 2.65077 
0.989829 0.608479 -0.0010904 2.6516 
0.990186 0.608459 -0.0020073 2.65277 
0.993886 0.604157 0.00136414 2.66232 
0.991905 0.605823 0.00173634 2.65679 
0.991606 0.60709 0.00273749 2.6566 
0.994378 0.591859 -0.0212927 2.65779 
0.996974 0.588633 -0.0213657 2.66466 
0.997428 0.585744 -0.0221013 2.66488 
0.996618 0.597738 0.010334 2.66753 
0.996563 0.597134 0.011874 2.66701 
0.998033 0.594861 0.0133547 2.67053 
0.988608 0.602158 -0.0529166 2.64796 
0.992382 0.594126 -0.0542097 2.65593 
0.992902 0.588069 -0.0548437 2.65459 
0.997259 0.596654 0.0217626 2.66923 
0.994388 0.598293 0.0212125 2.66069 
0.99408 0.602491 0.0242854 2.66231 
1.00424 0.543043 -0.0711232 2.6725 
1.00729 0.538889 -0.0808024 2.68259 
1.00266 0.538695 -0.0902736 2.66755 
1.00002 0.590593 -2.19971e-05 2.67462 
1.00004 0.590526 -3.21413e-05 2.67464 
1.00004 0.590239 -4.74058e-05 2.67448 
1.0043 0.58367 3.25676e-05 2.68467 
1.00416 0.583897 0.000196284 2.68432 
1.00416 0.583816 0.000236177 2.6843 
1.00808 0.574362 0.000733068 2.69196 
1.00785 0.575238 0.00123406 2.69168 
1.0078 0.575601 0.00172591 2.69173 
1.00358 0.551133 -0.00184173 2.67478 
1.00367 0.549537 -0.00310524 2.67421 
1.00398 0.555649 -0.00435472 2.67637 
0.905087 0.651534 -0.123177 2.42616 
0.907036 0.670679 -0.110022 2.44361 
0.912143 0.668267 -0.102948 2.45545 
0.978722 0.628249 0.0374811 2.62882 
0.973632 0.629606 0.0333294 2.61296 
0.972552 0.638499 0.0356827 2.61558 
0.876666 0.717606 0.0734721 2.38093 
0.891471 0.716342 0.0803802 2.42496 
0.902448 0.701659 0.0720907 2.44478 
0.998809 0.563117 -0.000524889 2.66395 
0.998787 0.562732 -0.000863185 2.66366 
0.999342 0.568715 -0.00120183 2.66678 
1.00511 0.581361 0.000174921 2.68602 
1.0051 0.581507 0.000260172 2.68608 
1.00509 0.581638 0.000385288 2.68614 
0.955521 0.6428 0.153151 2.57732 
0.965192 0.633699 0.150645 2.60182 
0.966353 0.625419 0.14339 2.59853 
0.992234 0.602919 -0.000689051 2.65614 
0.993952 0.601249 -0.00174668 2.66081 
0.994013 0.600236 -0.00236089 2.66043 
1.00187 0.583928 0.0354017 2.67744 
1.00121 0.588506 0.0433079 2.67832 
1.00193 0.582562 0.0454035 2.67733 
0.999526 0.591568 -0.000720693 2.67356 
0.999729 0.59141 -0.000412418 2.67414 
0.999765 0.591008 -0.000649179 2.67403 
0.998923 0.592628 -0.000237646 2.67215 
0.999282 0.592109 -0.000379021 2.67304 
0.999308 0.592103 -0.000561056 2.67314 
0.976589 0.624091 -0.0123527 2.6186 
0.979386 0.622709 -0.0155856 2.62691 
0.978754 0.619597 -0.0190776 2.62303 
1.00208 0.58835 0.00044821 2.68001 
1.00105 0.589548 0.00151106 2.67729 
1.00103 0.589926 0.00198166 2.67744 
0.963481 0.651058 -0.0258367 2.59498 
0.962131 0.643831 -0.0356848 2.58636 
0.961138 0.653297 -0.0380988 2.58979 
1.00038 0.583627 -0.00869362 2.67255 
0.999712 0.583637 -0.00949229 2.67033 
0.999346 0.586297 -0.00886756 2.67034 
1.00295 0.58558 0.00256758 2.68128 
1.003 0.585851 0.00315183 2.6816 
1.0032 0.58515 0.00348994 2.68188 
1.00457 0.582614 0.00787617 2.685 
1.00432 0.582247 0.00641453 2.68395 
1.004 0.5837 0.00618881 2.6837 
1.02785 0.538552 0.0346152 2.73998 
1.0243 0.538253 0.0302962 2.7276 
1.02188 0.548292 0.0321975 2.72469 
1.02197 0.555476 0.115811 2.73605 
1.01973 0.545977 0.102065 2.72154 
1.01675 0.556402 0.101379 2.717 
0.983139 0.542885 -0.131094 2.61206 
0.975231 0.55494 -0.129693 2.59221 
0.975359 0.575311 -0.127003 2.6017 
0.982235 0.617609 0.0260297 2.63284 
0.979538 0.626425 0.0299045 2.62992 
0.979555 0.62175 0.035618 2.62713 
1.0082 0.574932 0.0286976 2.69315 
1.01 0.569654 0.030202 2.69627 
1.01124 0.569241 0.0291693 2.70016 
0.911652 0.683505 -0.0846016 2.46261 
0.896805 0.690509 -0.0793612 2.42199 
0.898451 0.699317 -0.066503 2.43244 
0.953226 0.659866 0.00328087 2.56775 
0.947673 0.667074 -0.000421599 2.55547 
0.942525 0.670536 0.00271576 2.54172 
1.00899 0.572773 0.00633189 2.69414 
1.00865 0.574064 0.00679667 2.69373 
1.00878 0.573023 0.00860034 2.69358 
1.00513 0.554893 -0.037038 2.67793 
1.00385 0.569651 -0.0376809 2.68049 
1.00349 0.567414 -0.0316598 2.67784 
1.01217 0.533248 -0.0100034 2.69513 
1.01115 0.529449 -0.014288 2.6897 
1.01055 0.538562 -0.01569 2.6903 
0.999593 0.558138 -0.000373378 2.66486 
0.999721 0.557615 -0.000752303 2.665 
1.00016 0.561254 -0.00107348 2.66691 
1.00425 0.55425 -0.00681886 2.6764 
1.00548 0.551219 -0.00538245 2.67936 
1.0058 0.549401 -0.00857423 2.67946 
0.9996 0.587366 -0.00359357 2.67159 
0.999468 0.589163 -0.00349303 2.67212 
0.999599 0.588772 -0.00250913 2.67232 
1.00595 0.579332 0.000243276 2.68765 
1.00586 0.579708 0.00046605 2.6876 
1.00586 0.579872 0.000651566 2.68769 
0.966198 0.644632 0.0347492 2.59911 
0.964024 0.646624 0.0274664 2.59326 
0.960947 0.651604 0.0283261 2.58683 
0.989767 0.599142 -0.0206502 2.64642 
0.988642 0.60436 -0.0169851 2.64567 
0.988871 0.603338 -0.0156088 2.64568 
1.00398 0.583287 0.00503335 2.68339 
1.00428 0.583134 0.00474974 2.68429 
1.00425 0.582818 0.00366458 2.68402 
0.915862 0.697902 0.0802073 2.48374 
0.912392 0.68917 0.0936037 2.46763 
0.926825 0.684879 0.106869 2.51061 
1.01471 0.561103 0.00415653 2.70682 
1.01351 0.563137 0.00488805 2.70392 
1.01315 0.565246 0.00595486 2.70389 
0.860646 0.718353 -0.0286382 2.33295 
0.871151 0.724216 -0.0188369 2.36851 
0.879097 0.715903 -0.0184623 2.38437 
1.00058 0.58285 -0.00234721 2.67314 
1.00047 0.582945 -0.00256721 2.67261 
1.00034 0.583726 -0.00255986 2.67237 
1.00485 0.582164 0.00240789 2.68563 
1.00478 0.582188 0.00192188 2.68541 
1.00466 0.582547 0.00197093 2.68523 
0.991394 0.592584 0.109724 2.65423 
0.991433 0.596294 0.105178 2.65593 
0.98733 0.601565 0.101947 2.64531 
0.999361 0.568555 -0.00177451 2.66666 
0.999549 0.566224 -0.000837241 2.66675 
0.999569 0.565675 -0.00218198 2.6665 
1.00522 0.58129 0.00124196 2.68637 
1.00516 0.581457 0.0013592 2.68626 
1.00519 0.581292 0.00169765 2.68627 
0.999925 0.588003 -0.000406597 2.67296 
0.999962 0.587202 -0.000218242 2.67269 
0.99999 0.587205 -0.000548779 2.67278 
1.00468 0.583152 5.13892e-05 2.68563 
1.00464 0.583198 4.54256e-05 2.68554 
1.0046 0.583212 9.00536e-05 2.68542 
1.00739 0.576272 0.0022479 2.69072 
1.00715 0.577039 0.00129296 2.69036 
1.00683 0.577551 0.00170509 2.68959 
1.00181 0.567508 -0.0039066 2.67332 
1.00213 0.574335 -0.00477399 2.67671 
1.00161 0.574464 -0.00424587 2.67504 
1.00009 0.583127 -0.00081662 2.67187 
1.00017 0.583097 -0.00101172 2.67214 
1.00022 0.583343 -0.0010523 2.67211 
1.00462 0.582734 0.000981526 2.68521 
1.00457 0.582884 0.000984157 2.68512 
1.0045 0.582958 0.0010177 2.68494 
0.997928 0.564851 -0.000106594 2.66168 
0.997914 0.564733 -0.000182693 2.66157 
0.998313 0.568395 -0.000250214 2.66367 
1.0049 0.582223 4.40761e-05 2.68584 
1.00491 0.582263 7.03566e-05 2.6859 
1.00491 0.582387 9.64277e-05 2.68597 
0.999322 0.575332 -0.000552193 2.66834 
0.999664 0.578892 -0.000982 2.67031 
0.999511 0.578834 -0.000608611 2.66976 
1.005 0.581772 0.00048248 2.68592 
1.00498 0.581966 0.000279525 2.68597 
1.00493 0.582031 0.000312012 2.68583 
0.949629 0.63074 -0.106132 2.54733 
0.951337 0.633062 -0.0995407 2.55241 
0.959779 0.624924 -0.094511 2.57372 
0.999956 0.584849 -0.000393354 2.67168 
0.99998 0.584807 -0.000594171 2.67174 
1.00003 0.5858 -0.0005572 2.67225 
1.00475 0.582965 0.00024814 2.68575 
1.00475 0.582956 0.000221179 2.68574 
1.00472 0.583059 0.000226504 2.68572 
0.913867 0.700747 0.0297338 2.47624 
0.918722 0.692971 0.0274428 2.48476 
0.920769 0.695702 0.0187653 2.49309 
1.01549 0.555057 0.0568346 2.70794 
1.01366 0.564724 0.0557228 2.70703 
1.01108 0.564702 0.0589859 2.69851 
1.00671 0.577656 0.0137199 2.68935 
1.00644 0.577507 0.0161347 2.68841 
1.00693 0.577137 0.0165991 2.68986 
1.01962 0.548357 0.027868 2.71695 
1.02012 0.551841 0.0221059 2.72033 
1.01797 0.552491 0.0195148 2.71335 
0.964107 0.638853 -0.0607369 2.59136 
0.967605 0.634248 -0.0580666 2.59951 
0.971027 0.62887 -0.0654559 2.60767 
1.00448 0.583228 0.00061922 2.68501 
1.00445 0.583353 0.000587382 2.68497 
1.00436 0.583362 0.000756196 2.68469 
1.00004 0.58577 -0.000771213 2.67226 
1.00005 0.585264 -0.000649627 2.67211 
1.00007 0.585225 -0.000895861 2.67214 
1.00233 0.580483 -0.0102221 2.6787 
1.00266 0.577783 -0.00966836 2.67915 
1.00327 0.576835 -0.00970052 2.68086 
0.982309 0.61848 0.0822125 2.63717 
0.976793 0.622728 0.0776266 2.62149 
0.97478 0.630323 0.0825968 2.62036 
1.00116 0.581965 -0.00474915 2.67507 
1.00089 0.581954 -0.00415521 2.67418 
1.00099 0.582045 -0.00383003 2.67464 
1.00017 0.583747 -0.0208479 2.6729 
1.00061 0.583235 -0.0179412 2.67403 
1.00123 0.582098 -0.0180645 2.67559 
1.00617 0.579286 0.00560276 2.68838 
1.00652 0.577721 0.00535206 2.68867 
1.00658 0.578281 0.00451253 2.6892 
0.998455 0.586782 -0.00939447 2.66764 
0.99805 0.588187 -0.0120242 2.66716 
0.996842 0.589225 -0.0122316 2.66374 
0.951911 0.658383 0.0614518 2.56437 
0.947084 0.670255 0.0636097 2.5579 
0.944692 0.667829 0.0684224 2.54903 
1.00047 0.582178 -0.0015422 2.67313 
1.00038 0.581595 -0.00146415 2.673 
1.00039 0.580834 -0.0012829 2.67294 
1.00498 0.581689 0.0032246 2.6858 
1.00508 0.581711 0.00404446 2.68615 
1.0052 0.581064 0.00388336 2.68619 
1.00405 0.584002 0.00034872 2.68402 
1.00388 0.584086 0.000381018 2.68353 
1.00385 0.584304 0.000623221 2.68353 
1.00001 0.590106 -0.00037755 2.67433 
0.999996 0.58926 -0.000579339 2.67384 
1.00003 0.589054 -0.000554883 2.67384 
1.00006 0.583551 -0.000716029 2.67183 
0.999992 0.583547 -0.000614396 2.67159 
0.999934 0.583379 -0.000663484 2.67144 
1.00474 0.58253 0.00109202 2.68549 
1.00479 0.582272 0.00104668 2.6855 
1.00483 0.582401 0.000877148 2.6857 
0.985285 0.609281 0.0645487 2.63958 
0.983275 0.616338 0.0720213 2.63807 
0.983435 0.611346 0.0765592 2.63582 
0.959301 0.651236 -0.0425522 2.58285 
0.96255 0.648644 -0.0468932 2.59179 
0.96104 0.644633 -0.0518529 2.58468 
0.939831 0.662351 -0.0592624 2.53055 
0.937507 0.663458 -0.0644844 2.52495 
0.933443 0.669579 -0.0656801 2.51668 
0.997567 0.594906 -0.00380722 2.66907 
0.997678 0.592996 -0.00437 2.66836 
0.997407 0.593952 -0.0055335 2.66803 
1.00212 0.586604 0.0509425 2.68064 
0.998527 0.588728 0.0514318 2.66996 
0.9981 0.593821 0.0575297 2.67197 
0.934567 0.672222 -0.00465385 2.51791 
0.935394 0.671442 -0.0154053 2.52019 
0.933126 0.673117 -0.0176727 2.51446 
1.00495 0.582505 1.65374e-05 2.68617 
1.00496 0.582543 3.97445e-05 2.68623 
1.00495 0.582561 6.58819e-05 2.68621 
1.00491 0.582728 6.52151e-05 2.68616 
1.00487 0.582767 8.07479e-05 2.68606 
1.00485 0.582774 0.000154461 2.68599 
0.997295 0.56615 -4.50172e-05 2.66005 
0.997435 0.566081 -0.000178115 2.66048 
0.997799 0.568819 -0.000241167 2.66222 
0.998674 0.576757 -0.00137716 2.66654 
0.998363 0.573532 -0.000695094 2.66505 
0.998415 0.573555 -0.00170316 2.66524 
0.994892 0.599402 0.0175825 2.66295 
0.997626 0.597117 0.0184954 2.67064 
0.998586 0.59254 0.0146272 2.671 
1.00049 0.591608 0.0138712 2.67678 
1.00082 0.588065 0.014691 2.67576 
1.00232 0.587969 0.0127925 2.68069 
1.0009 0.588448 0.0107323 2.67622 
1.00212 0.588286 0.0093777 2.68014 
1.00226 0.586278 0.00716508 2.67944 
0.989816 0.608232 0.0148624 2.65157 
0.987041 0.612026 0.01493 2.64482 
0.986244 0.614746 0.0159408 2.64396 
0.982537 0.618401 0.0141839 2.63413 
0.981438 0.623459 0.00584983 2.63375 
0.977927 0.622822 -0.000496018 2.62196 
0.981278 0.623865 0.0151123 2.63359 
0.976407 0.626236 0.0100268 2.61926 
0.974617 0.635357 0.0105471 2.61952 
1.01727 0.522456 -0.0308107 2.70733 
1.01363 0.518744 -0.0368299 2.69314 
1.01099 0.53775 -0.0381861 2.69115 
1.00828 0.536941 -0.0446937 2.68165 
1.01012 0.538437 -0.0514945 2.68905 
1.00608 0.538823 -0.0577143 2.67574 
1.00619 0.557365 -0.0449003 2.68312 
1.0028 0.558508 -0.0484956 2.6724 
1.00072 0.576542 -0.0468194 2.67393 
0.989673 0.608557 0.0128524 2.65126 
0.988397 0.611013 0.00880605 2.64855 
0.986156 0.612671 0.00812247 2.64222 
0.986137 0.61435 0.00397809 2.6432 
0.987816 0.611159 0.00280151 2.64667 
0.98817 0.611813 0.000598817 2.64824 
0.984047 0.614161 0.000373787 2.63624 
0.985529 0.614405 -0.00262467 2.64127 
0.984257 0.612196 -0.00819289 2.63582 
0.999999 0.584227 -0.000600549 2.67169 
1 0.584254 -0.0005388 2.67172 
0.999908 0.583427 -0.000593125 2.67132 
0.999915 0.583436 -0.000541573 2.67136 
0.999876 0.583466 -0.000395647 2.67119 
0.999896 0.583527 -0.00027229 2.6713 
0.999745 0.582232 -0.000639134 2.67077 
0.999772 0.582211 -0.000584493 2.67087 
0.999477 0.579837 -0.000792014 2.66963 
1.00481 0.582814 0.000132628 2.68587 
1.00479 0.582832 0.000211436 2.68582 
1.0048 0.582754 0.000218557 2.68582 
1.00479 0.582767 0.000295432 2.68577 
1.00475 0.582734 0.000358227 2.68564 
1.00475 0.582743 0.000446702 2.68562 
1.0048 0.582679 0.000298874 2.68578 
1.0048 0.58268 0.00036568 2.68576 
1.00482 0.582583 0.000361954 2.68576 
1.00001 0.583019 -0.0122633 2.67141 
1.00086 0.583359 -0.0105807 2.67445 
1.00108 0.581223 -0.0106645 2.67432 
1.00167 0.581907 -0.00879394 2.67673 
1.00115 0.581427 -0.00741548 2.67467 
1.00144 0.582049 -0.0060326 2.67604 
1.00181 0.579951 -0.0087305 2.6766 
1.0021 0.580799 -0.00692924 2.67813 
1.00211 0.578059 -0.00675017 2.67736 
1.00492 0.581352 0.0058722 2.68543 
1.00521 0.581553 0.00665006 2.68652 
1.00544 0.580027 0.00663125 2.6864 
1.00585 0.580088 0.0074138 2.68782 
1.00569 0.579135 0.00930126 2.68673 
1.00622 0.579397 0.0105832 2.68869 
1.00612 0.578319 0.00733772 2.6877 
1.00669 0.57817 0.00806637 2.68952 
1.00699 0.576279 0.00790625 2.68945 
0.975257 0.622143 -0.0446529 2.61505 
0.977905 0.617839 -0.0418447 2.6209 
0.982307 0.61272 -0.0500183 2.63266 
0.984164 0.608042 -0.0458181 2.63573 
0.983842 0.609396 -0.039969 2.63467 
0.985291 0.605714 -0.0366361 2.63709 
0.989255 0.603285 -0.0501447 2.64993 
0.990128 0.599 -0.0453165 2.65005 
0.995032 0.595218 -0.0456388 2.66418 
0.986637 0.611482 -0.0113589 2.64323 
0.987448 0.608579 -0.00973746 2.64405 
0.989121 0.607898 -0.0111573 2.64916 
0.989536 0.605823 -0.00957217 2.6492 
0.98969 0.608731 -0.00540371 2.65137 
0.990091 0.607128 -0.00447035 2.65169 
0.991042 0.60504 -0.0100794 2.6537 
0.991227 0.603613 -0.008647 2.65339 
0.992547 0.602823 -0.00862836 2.65727 
0.998842 0.595222 0.00113331 2.67333 
0.997182 0.597253 0.00266892 2.66904 
0.997085 0.597646 0.00380753 2.66897 
0.995544 0.600005 0.00612049 2.6653 
0.994288 0.602745 0.00384417 2.6628 
0.992477 0.604728 0.00497495 2.65803 
0.995383 0.600786 0.0076249 2.66527 
0.993338 0.603439 0.00970507 2.66014 
0.992777 0.605328 0.0117138 2.6595 
0.985167 0.610882 -0.0197759 2.6385 
0.986881 0.604268 -0.025434 2.64037 
0.98688 0.604659 -0.0275603 2.64095 
0.990097 0.597867 -0.0314309 2.64776 
0.992804 0.593331 -0.026699 2.65391 
0.996157 0.589297 -0.026945 2.66283 
0.990469 0.596528 -0.0335843 2.64869 
0.994846 0.591361 -0.0342697 2.66034 
0.995603 0.589721 -0.0362343 2.66253 
0.999269 0.593263 0.00226352 2.67358 
0.999241 0.593058 0.00313273 2.67336 
1.00001 0.591728 0.0040883 2.67514 
1.00009 0.591103 0.00497247 2.67504 
0.999119 0.593295 0.00802977 2.67313 
0.999259 0.592119 0.00922177 2.67291 
1.00089 0.590014 0.00556136 2.67703 
1.00107 0.588829 0.00640563 2.67696 
1.00186 0.588088 0.00651213 2.67915 
0.972517 0.634466 -0.0519211 2.61485 
0.974738 0.623153 -0.0587176 2.61545 
0.974507 0.624945 -0.0611364 2.61624 
0.978114 0.612061 -0.0672498 2.62062 
0.984153 0.605588 -0.061117 2.63614 
0.988492 0.594916 -0.0640749 2.64448 
0.978034 0.610197 -0.0692976 2.61972 
0.982771 0.597027 -0.0743826 2.62798 
0.982717 0.594067 -0.0763558 2.62686 
1.00404 0.583817 0.0199107 2.68414 
1.00259 0.584603 0.0231771 2.67981 
1.00295 0.5867 0.0255335 2.68232 
1.00052 0.588048 0.02857 2.67513 
0.998639 0.594714 0.0267269 2.67278 
0.995302 0.596613 0.026893 2.66285 
1.00075 0.591913 0.0322255 2.67833 
0.996964 0.594057 0.0338749 2.66708 
0.996822 0.600692 0.0393279 2.67091 
0.998754 0.578022 -0.0474973 2.66816 
0.999806 0.576154 -0.0527955 2.67135 
0.997092 0.576464 -0.0569232 2.66268 
0.997733 0.575532 -0.0640442 2.66525 
0.999102 0.560595 -0.0708475 2.66308 
1.0006 0.559544 -0.0814678 2.66919 
0.994009 0.576492 -0.0681649 2.65365 
0.993852 0.577642 -0.0783695 2.6551 
0.988282 0.579864 -0.0821699 2.6382 
0.999864 0.59109 -4.39807e-05 2.67438 
0.999942 0.590935 -0.000100489 2.67455 
0.999938 0.590686 -0.000132866 2.67441 
0.999984 0.590537 -0.000197168 2.67448 
1.00001 0.590428 -0.000101441 2.6745 
1.00004 0.590319 -0.000132573 2.67453 
0.999975 0.590017 -0.000224729 2.67417 
1.00001 0.589868 -0.000284316 2.67421 
1 0.589154 -0.000311215 2.67379 
1.00462 0.583234 3.7573e-06 2.68547 
1.00456 0.5833 5.49056e-05 2.68532 
1.00456 0.583254 6.34657e-05 2.6853 
1.0045 0.583361 0.000162779 2.68514 
1.0044 0.583455 0.00012986 2.68488 
1.00431 0.583647 0.000306354 2.68467 
1.0045 0.583269 0.000176088 2.68511 
1.00443 0.583422 0.000333839 2.68497 
1.00445 0.583265 0.000350603 2.68493 
1.01037 0.569209 0.00163064 2.69671 
1.00988 0.570716 0.00242782 2.69594 
1.00973 0.571545 0.00326097 2.69589 
1.00901 0.572601 0.00398847 2.69407 
1.00864 0.573826 0.00232879 2.69352 
1.0081 0.574669 0.00296248 2.69219 
1.00873 0.573829 0.00469307 2.69386 
1.00812 0.574552 0.00498892 2.69222 
1.00783 0.57586 0.00551231 2.69198 
1.00109 0.555696 -0.000961673 2.66868 
1.0012 0.554776 -0.00164466 2.66853 
1.00167 0.559728 -0.00236996 2.67081 
1.00195 0.558972 -0.00359981 2.67125 
1.00267 0.557937 -0.00311046 2.67321 
1.00298 0.556914 -0.00480828 2.67358 
1.00248 0.567187 -0.00433082 2.67542 
1.00259 0.566591 -0.00564182 2.67533 
1.00283 0.574162 -0.00617929 2.67877 
0.946914 0.595526 -0.145345 2.52555 
0.942461 0.612504 -0.138303 2.52052 
0.944846 0.621217 -0.132427 2.53123 
0.93894 0.637593 -0.119374 2.52093 
0.92809 0.645648 -0.121999 2.49231 
0.924577 0.662143 -0.105857 2.49021 
0.941169 0.639162 -0.112302 2.52667 
0.937767 0.652703 -0.0992567 2.52318 
0.94006 0.65053 -0.093056 2.52735 
0.992541 0.602991 0.0462151 2.65848 
0.989258 0.607409 0.0494345 2.65055 
0.989041 0.609678 0.0511182 2.65138 
0.984663 0.614449 0.0534693 2.64012 
0.980965 0.624343 0.0466426 2.63406 
0.975425 0.627561 0.044968 2.61798 
0.984247 0.618821 0.0556582 2.64173 
0.978688 0.623892 0.0570318 2.62689 
0.978065 0.63012 0.0596989 2.6292 
0.864664 0.723878 0.0290524 2.3486 
0.880404 0.725726 0.037268 2.39712 
0.892515 0.711382 0.0339711 2.42043 
0.90158 0.710886 0.0437022 2.44789 
0.896533 0.707631 0.0533376 2.43036 
0.906336 0.706043 0.0618188 2.45949 
0.910223 0.697863 0.0404947 2.46303 
0.917874 0.696758 0.04772 2.4861 
0.924931 0.686386 0.0433162 2.49934 
0.998215 0.564418 -0.000312108 2.6625 
0.99822 0.564187 -0.000508775 2.66238 
0.998805 0.569396 -0.000690615 2.66536 
0.998867 0.569377 -0.000903181 2.66546 
0.999035 0.569093 -0.000841682 2.66596 
0.999075 0.569034 -0.00117371 2.66597 
0.999479 0.57542 -0.0010109 2.66892 
0.999486 0.575488 -0.00116111 2.66889 
0.999889 0.579709 -0.0011651 2.67117 
1.00539 0.580563 0.000278289 2.6865 
1.00536 0.580801 0.000413235 2.68653 
1.00534 0.580969 0.000606206 2.68659 
1.00524 0.581151 0.000770833 2.68635 
1.0052 0.58134 0.000480472 2.68632 
1.00512 0.581487 0.000617869 2.68615 
1.00519 0.581439 0.000952648 2.68633 
1.00509 0.581575 0.00104098 2.6861 
1.00502 0.581866 0.00117987 2.68603 
0.908801 0.692924 0.114981 2.46251 
0.926365 0.687276 0.125602 2.51405 
0.929745 0.672559 0.117549 2.51181 
0.943428 0.666158 0.122563 2.55091 
0.948886 0.64895 0.134954 2.55742 
0.960004 0.641358 0.133644 2.58756 
0.945945 0.654286 0.115231 2.54879 
0.956502 0.648429 0.116975 2.57864 
0.958442 0.639853 0.11073 2.57773 
0.990265 0.608252 -7.71955e-05 2.65288 
0.990489 0.607655 -0.00108278 2.65325 
0.990493 0.60744 -0.00139134 2.65315 
0.991278 0.606076 -0.00321808 2.65492 
0.99193 0.604176 -0.00214041 2.65592 
0.99333 0.602475 -0.00371365 2.65952 
0.99125 0.604974 -0.00379953 2.65419 
0.992591 0.603115 -0.00575624 2.65751 
0.992575 0.600531 -0.00649071 2.65596 
1.00467 0.579988 0.0209395 2.68402 
1.0051 0.581394 0.0250449 2.68637 
1.00575 0.577138 0.0259266 2.68614 
1.00636 0.578991 0.0314983 2.68942 
1.00462 0.578405 0.0347203 2.6834 
1.00469 0.582074 0.0427271 2.68613 
1.00725 0.573312 0.0326527 2.68919 
1.00805 0.575873 0.0403246 2.69368 
1.00921 0.568356 0.0418977 2.69335 
0.999073 0.59059 -0.00287822 2.67157 
0.99941 0.590304 -0.00196944 2.67252 
0.99956 0.589677 -0.0022515 2.67266 
0.999748 0.589491 -0.00152513 2.67318 
0.999659 0.590532 -0.00129032 2.67344 
0.999808 0.59039 -0.000826613 2.67385 
0.999857 0.588995 -0.001729 2.67326 
0.999946 0.588879 -0.0011591 2.67349 
1.00002 0.588512 -0.00128296 2.67353 
0.996644 0.596364 -0.000397137 2.66681 
0.997294 0.595194 -0.0009278 2.66827 
0.997331 0.595461 -0.00132256 2.66857 
0.997887 0.59439 -0.00181288 2.66978 
0.998525 0.593419 -0.000914683 2.67132 
0.998928 0.592725 -0.00116476 2.67225 
0.997941 0.593783 -0.00219728 2.66964 
0.998507 0.592925 -0.00241369 2.67101 
0.998577 0.591466 -0.00274243 2.67043 
0.967736 0.639574 0.00616234 2.60001 
0.967244 0.640168 -0.00427249 2.5989 
0.965018 0.64071 -0.0069647 2.59218 
0.967539 0.639758 -0.01615 2.5999 
0.972053 0.629499 -0.016137 2.60762 
0.975775 0.627708 -0.020679 2.61869 
0.965512 0.636814 -0.0212503 2.59164 
0.970637 0.634423 -0.0276344 2.60689 
0.969202 0.628198 -0.0344441 2.59862 
1.00359 0.585023 0.000177138 2.68308 
1.00315 0.585531 0.000662725 2.68193 
1.00315 0.585617 0.000855925 2.68197 
1.00269 0.586366 0.00186603 2.68087 
1.00231 0.587314 0.00133119 2.68015 
1.0016 0.588456 0.00283445 2.67848 
1.00274 0.58624 0.00214195 2.68096 
1.00221 0.587282 0.00376345 2.67983 
1.00234 0.586726 0.00411128 2.67994 
0.967336 0.647114 0.00667321 2.60392 
0.963012 0.648185 0.000342916 2.59083 
0.961785 0.656075 -0.000231605 2.59237 
0.957494 0.654688 -0.00890675 2.5779 
0.959539 0.658203 -0.0191624 2.58711 
0.956874 0.65203 -0.0299614 2.57491 
0.956109 0.664283 -0.0100633 2.58024 
0.952007 0.659768 -0.021264 2.5645 
0.950491 0.670854 -0.0231197 2.56767 
1.0006 0.583227 -0.00451117 2.67306 
1.00032 0.583086 -0.00505452 2.67199 
1.00015 0.585005 -0.00483736 2.67224 
0.999787 0.585082 -0.00523268 2.67107 
0.999883 0.585466 -0.00658676 2.67163 
0.999373 0.585658 -0.00702491 2.67003 
0.999599 0.587769 -0.00490184 2.67183 
0.999203 0.58806 -0.00510068 2.67067 
0.999002 0.590459 -0.00468151 2.67131 
1.00363 0.584541 0.000457929 2.68296 
1.00358 0.584849 0.000768809 2.68295 
1.00367 0.584415 0.00102966 2.68301 
1.00366 0.584632 0.00135151 2.68311 
1.00342 0.584799 0.00202198 2.68238 
1.00347 0.584954 0.00245086 2.68264 
1.00377 0.584222 0.00156874 2.68323 
1.00382 0.584311 0.00187739 2.68344 
1.00394 0.583956 0.00203102 2.68363 
1.00397 0.583975 0.0148281 2.68387 
1.00377 0.582935 0.0116877 2.68257 
1.00325 0.585185 0.0111255 2.68213 
1.00321 0.584324 0.00884054 2.68145 
1.00372 0.584238 0.00833578 2.68312 
1.00363 0.583674 0.00667447 2.68245 
1.00285 0.585986 0.00834534 2.68122 
1.00291 0.585253 0.00659504 2.68097 
1.00265 0.586524 0.00615228 2.68087 
1.03019 0.53864 0.0709601 2.75019 
1.026 0.53367 0.0603018 2.73251 
1.0224 0.547374 0.0615424 2.72751 
1.02065 0.544628 0.0511714 2.71948 
1.02286 0.546506 0.0453571 2.72763 
1.02072 0.545352 0.0382475 2.71944 
1.01813 0.556213 0.0517131 2.71719 
1.01677 0.554122 0.0439257 2.71102 
1.01486 0.563264 0.0442693 2.7096 
0.997202 0.597967 0.148208 2.68289 
0.998351 0.585061 0.13457 2.67654 
0.996729 0.589538 0.129394 2.67294 
1.00015 0.580232 0.114209 2.67662 
1.00849 0.570653 0.117363 2.69927 
1.01012 0.562365 0.101694 2.69805 
0.999178 0.586383 0.110154 2.67635 
1.00178 0.578661 0.0975523 2.67894 
1.00078 0.584639 0.0946298 2.67869 
1.00638 0.513311 -0.0964697 2.67103 
0.999879 0.516095 -0.100642 2.65085 
0.998542 0.539848 -0.101073 2.65683 
0.99173 0.546369 -0.101825 2.63741 
0.988685 0.554829 -0.1159 2.63328 
0.980581 0.565279 -0.112954 2.61165 
0.990908 0.565148 -0.100709 2.64265 
0.984304 0.574086 -0.0983476 2.62529 
0.983715 0.586029 -0.0957076 2.62835 
0.990883 0.604752 0.0201095 2.65301 
0.989958 0.608279 0.0230172 2.65223 
0.990679 0.605016 0.0261439 2.65267 
0.98961 0.609417 0.030025 2.65204 
0.986357 0.611734 0.0313746 2.64281 
0.984353 0.619089 0.0363125 2.64119 
0.990715 0.605193 0.0338737 2.65318 
0.989542 0.610506 0.0390219 2.65292 
0.991226 0.605091 0.0436527 2.65528 
1.0052 0.580832 0.0188388 2.68624 
1.00617 0.577936 0.0197253 2.68783 
1.00684 0.577638 0.0192439 2.68988 
1.00807 0.573882 0.0198733 2.69189 
1.00866 0.574105 0.0234477 2.69408 
1.01037 0.56899 0.0241984 2.69694 
1.00877 0.573937 0.0189423 2.69422 
1.0103 0.569213 0.0191698 2.69672 
1.01099 0.569772 0.0176409 2.69932 
0.939198 0.661755 -0.0801827 2.53086 
0.92992 0.667392 -0.0785627 2.50555 
0.929761 0.674095 -0.0699436 2.50902 
0.919459 0.679197 -0.06594 2.48031 
0.915866 0.685907 -0.0693834 2.47503 
0.903168 0.691295 -0.0631135 2.43959 
0.920631 0.686001 -0.056014 2.48815 
0.909933 0.68996 -0.0491064 2.45761 
0.912694 0.696466 -0.0381996 2.47036 
0.965951 0.64265 0.0182841 2.59648 
0.9619 0.65095 0.0187845 2.58922 
0.95903 0.652105 0.0221294 2.58091 
0.953934 0.660917 0.0225473 2.57088 
0.951077 0.661685 0.0146023 2.56223 
0.944846 0.670225 0.0125305 2.54877 
0.95006 0.661762 0.0272157 2.55927 
0.94331 0.671441 0.0273405 2.54502 
0.937749 0.672001 0.0339199 2.52814 
1.01147 0.567575 0.00311446 2.69952 
1.01123 0.568481 0.00400029 2.69922 
1.01172 0.566808 0.00648821 2.69994 
1.01124 0.568509 0.00731488 2.6993 
1.01013 0.570126 0.00792012 2.69649 
1.00967 0.571892 0.00846449 2.69592 
1.01156 0.566782 0.0101647 2.69941 
1.01092 0.569216 0.0108005 2.69864 
1.01102 0.567494 0.0139629 2.69805 
1.01222 0.523366 -0.0234648 2.69043 
1.01091 0.536791 -0.0261579 2.69065 
1.00911 0.536318 -0.0217077 2.68419 
1.00843 0.550583 -0.0245128 2.68741 
1.0067 0.551394 -0.0280935 2.68154 
1.00575 0.565195 -0.0296966 2.68448 
1.00698 0.549982 -0.0204723 2.68212 
1.00639 0.56259 -0.0226217 2.68546 
1.00529 0.561941 -0.0191441 2.68136 
1.00686 0.542824 -0.00326126 2.68196 
1.00674 0.540588 -0.00529431 2.68035 
1.00671 0.546148 -0.00654031 2.68131 
1.00693 0.544014 -0.0100156 2.68078 
1.00863 0.542449 -0.0102156 2.68584 
1.00859 0.539969 -0.0146519 2.68426 
1.00696 0.554048 -0.0112374 2.6843 
1.00682 0.552327 -0.0146603 2.68279 
1.0066 0.562858 -0.0155054 2.68627 
0.998783 0.559763 -0.00018207 2.66284 
0.998826 0.559525 -0.000387509 2.66286 
0.999171 0.563251 -0.00061822 2.66466 
0.999362 0.562894 -0.00121537 2.665 
0.999634 0.562301 -0.000902997 2.66571 
0.999863 0.561924 -0.0014756 2.66617 
0.999872 0.568994 -0.00149969 2.66834 
1.00009 0.568694 -0.00206964 2.6688 
1.00056 0.574575 -0.00233251 2.67211 
1.00285 0.57363 -0.00745303 2.67844 
1.00371 0.572262 -0.00739768 2.68085 
1.00364 0.57131 -0.00945632 2.68008 
1.00475 0.569647 -0.00948496 2.68314 
1.00463 0.561285 -0.00961679 2.67961 
1.00601 0.558567 -0.00888827 2.68314 
1.0046 0.568456 -0.0121352 2.682 
1.00601 0.566431 -0.0123158 2.68591 
1.00578 0.564927 -0.0157324 2.68432 
1.00037 0.583049 -0.00346811 2.67217 
1.00028 0.584387 -0.0034543 2.67239 
1.00021 0.584156 -0.00259126 2.67203 
1.00015 0.585887 -0.00263939 2.67264 
0.999932 0.586381 -0.00263959 2.67216 
0.99984 0.588127 -0.00262742 2.67277 
1.00012 0.585663 -0.00188439 2.67241 
1.00006 0.58732 -0.00193089 2.67307 
1.00006 0.587104 -0.00126907 2.67295 
1.00677 0.577368 0.000373862 2.68929 
1.00663 0.577953 0.000716407 2.68915 
1.00662 0.578154 0.000993858 2.68923 
1.00637 0.578626 0.00136737 2.68867 
1.0062 0.579104 0.000794057 2.68836 
1.006 0.579488 0.00110545 2.68794 
1.00632 0.578951 0.00162428 2.68868 
1.00609 0.57932 0.00186437 2.68814 
1.00603 0.579668 0.00208513 2.68814 
0.971299 0.63732 0.0620246 2.6121 
0.965379 0.641175 0.0553376 2.59513 
0.962104 0.648261 0.0605013 2.58973 
0.956502 0.652163 0.051231 2.57395 
0.960127 0.652446 0.043181 2.58534 
0.95692 0.655142 0.0340375 2.57663 
0.95213 0.659836 0.0548881 2.5656 
0.947242 0.6636 0.0430636 2.55223 
0.941666 0.671006 0.0439412 2.54005 
0.997567 0.587083 -0.0167722 2.66531 
0.995962 0.589775 -0.016304 2.66142 
0.995664 0.591427 -0.0153935 2.66118 
0.994329 0.59477 -0.0141299 2.65863 
0.992396 0.596991 -0.0167577 2.65359 
0.991276 0.601286 -0.0142304 2.65235 
0.994152 0.59605 -0.0132603 2.65869 
0.993137 0.599476 -0.0115108 2.65731 
0.993071 0.599828 -0.0106662 2.65724 
1.00292 0.585813 0.00483533 2.68133 
1.00331 0.58514 0.00494483 2.68225 
1.00348 0.584674 0.00378859 2.68251 
1.00376 0.584274 0.00376297 2.68322 
1.00388 0.583668 0.00381604 2.68327 
1.00412 0.583458 0.00366114 2.68396 
1.00385 0.583945 0.00287213 2.68332 
1.00405 0.58369 0.00280596 2.68385 
1.0041 0.58346 0.00213945 2.68387 
0.932923 0.68417 0.0486778 2.52293 
0.929394 0.679081 0.0586191 2.50871 
0.938248 0.676821 0.069901 2.53559 
0.936565 0.669079 0.0799832 2.52547 
0.932464 0.680544 0.0863972 2.52207 
0.931405 0.670608 0.0979589 2.51258 
0.945953 0.66584 0.0881457 2.55358 
0.946145 0.655724 0.0980438 2.54798 
0.955272 0.651768 0.102547 2.57486 
1.02118 0.548923 0.0136829 2.72219 
1.01881 0.550855 0.0129943 2.71521 
1.0178 0.556021 0.0145707 2.71458 
1.01581 0.557458 0.0138633 2.70864 
1.01532 0.560898 0.00924186 2.7088 
1.01371 0.562469 0.00946869 2.70426 
1.01493 0.561994 0.0150563 2.70817 
1.01336 0.562969 0.0141921 2.70344 
1.01265 0.566649 0.0150839 2.70309 
0.875257 0.699389 -0.0728944 2.36431 
0.882364 0.708068 -0.0640366 2.39164 
0.889413 0.702581 -0.0599945 2.4072 
0.892514 0.709075 -0.0475937 2.42072 
0.883058 0.710535 -0.0401556 2.39293 
0.888067 0.715775 -0.0277235 2.41154 
0.898002 0.700885 -0.0436552 2.42985 
0.901634 0.705729 -0.0327738 2.44408 
0.906679 0.697458 -0.0303633 2.4523 
1.00031 0.582541 -0.00120337 2.6727 
1.00036 0.582796 -0.00128921 2.67265 
1.00032 0.583307 -0.00132418 2.67242 
1.00029 0.583474 -0.00142601 2.6722 
1.00037 0.583461 -0.00185092 2.67249 
1.00028 0.583718 -0.0019503 2.67214 
1.00025 0.584386 -0.00154386 2.67237 
1.00017 0.584895 -0.00147968 2.67227 
1.00013 0.586197 -0.00160191 2.67271 
1.00467 0.582337 0.00427128 2.68514 
1.00462 0.582325 0.00342696 2.68496 
1.00443 0.582801 0.00340715 2.68462 
1.00443 0.582772 0.0027247 2.68459 
1.00457 0.582627 0.00261544 2.68498 
1.00455 0.58262 0.00208851 2.68491 
1.00429 0.583101 0.00268013 2.68433 
1.00432 0.583065 0.00214612 2.68438 
1.00422 0.583293 0.00208906 2.68418 
0.980804 0.60849 0.149834 2.63571 
0.981131 0.609329 0.143249 2.63606 
0.974936 0.617627 0.137292 2.62035 
0.976128 0.618495 0.130451 2.6235 
0.9821 0.60793 0.117947 2.63437 
0.982789 0.609847 0.112483 2.63693 
0.970519 0.626795 0.123835 2.6099 
0.972071 0.626231 0.117387 2.61338 
0.967327 0.634135 0.110482 2.60251 
0.999941 0.579749 -0.00122834 2.6713 
1.0001 0.578857 -0.000972034 2.67173 
1.00012 0.578605 -0.00160224 2.67163 
1.00033 0.577542 -0.00130424 2.67216 
0.999891 0.573359 -0.00198117 2.66956 
1.00015 0.571466 -0.00133817 2.66999 
1.00034 0.577233 -0.00208432 2.672 
1.00061 0.576012 -0.00176829 2.67268 
1.00057 0.575662 -0.0027307 2.67234 
1.00557 0.58037 0.000404889 2.68701 
1.00557 0.580407 0.000581186 2.68702 
1.00566 0.58021 0.000884934 2.68722 
1.00562 0.580315 0.00108704 2.68713 
1.00543 0.580749 0.00136898 2.68676 
1.00537 0.580931 0.00152355 2.68664 
1.00571 0.580084 0.00148011 2.68731 
1.00564 0.580263 0.00168564 2.68717 
1.00572 0.580004 0.00216822 2.68731 
0.999957 0.590131 -0.000196528 2.67415 
0.999975 0.589749 -0.000119258 2.67401 
0.999985 0.58976 -0.000272431 2.67405 
1 0.589254 -0.000165319 2.67383 
0.999982 0.588682 -0.000377036 2.67348 
1.00003 0.588051 -0.000258279 2.67331 
1.00001 0.589267 -0.000358582 2.67387 
1.00004 0.588764 -0.000266554 2.6737 
1.00001 0.588797 -0.00048311 2.67363 
1.00478 0.582968 8.1803e-05 2.68586 
1.00473 0.583029 8.69613e-05 2.68575 
1.0047 0.583041 0.00017102 2.68564 
1.00465 0.583113 0.000165865 2.68552 
1.00465 0.58314 0.000137565 2.68551 
1.0046 0.583208 0.000122478 2.68541 
1.00461 0.58313 0.000253902 2.68539 
1.00456 0.583217 0.000233988 2.68527 
1.00451 0.583239 0.000329686 2.68512 
1.00733 0.576302 0.0054894 2.69057 
1.00724 0.577106 0.00424379 2.69071 
1.00684 0.577465 0.00425785 2.68959 
1.00675 0.578123 0.00327193 2.68966 
1.00689 0.577415 0.00292428 2.68973 
1.00674 0.578058 0.00205179 2.6896 
1.00644 0.578438 0.00334132 2.6888 
1.00636 0.578973 0.00256059 2.68884 
1.00613 0.579235 0.00265632 2.68823 
1.00028 0.556324 -0.00096192 2.66628 
1.00076 0.5605 -0.00170029 2.66844 
1.00034 0.56086 -0.00173934 2.6672 
1.00092 0.56763 -0.00261772 2.67098 
1.00112 0.567728 -0.00302075 2.67141 
1.00151 0.574342 -0.00379627 2.67488 
1.00051 0.567854 -0.00241169 2.66971 
1.00097 0.574247 -0.00313242 2.67323 
1.00063 0.574389 -0.00289134 2.67215 
1.00005 0.584329 -0.00073068 2.67184 
1.0001 0.584317 -0.000923992 2.67202 
1.00013 0.584769 -0.00083246 2.67217 
1.00017 0.584764 -0.001112 2.67232 
1.00016 0.583981 -0.000920344 2.67202 
1.00022 0.583967 -0.00118668 2.67222 
1.00017 0.585346 -0.000980762 2.67248 
1.00019 0.585357 -0.00135008 2.67256 
1.00016 0.586153 -0.00112995 2.67279 
1.00481 0.582228 0.00139346 2.68554 
1.00472 0.582521 0.00145816 2.6854 
1.00464 0.582549 0.00157071 2.68514 
1.00454 0.582808 0.00158757 2.68498 
1.00455 0.582796 0.00128176 2.68499 
1.00448 0.58298 0.0012726 2.68487 
1.00445 0.5829 0.00165746 2.68472 
1.00436 0.583117 0.00163005 2.68455 
1.00426 0.583256 0.00166479 2.68428 
0.997698 0.565657 -0.000175198 2.6612 
0.997686 0.565447 -0.000293312 2.66104 
0.998043 0.568816 -0.000390439 2.66296 
0.998092 0.568818 -0.000458816 2.66305 
0.998193 0.568586 -0.000318099 2.66335 
0.998238 0.568609 -0.000374602 2.66344 
0.998542 0.573126 -0.000543931 2.66555 
0.998601 0.573192 -0.000564196 2.66568 
0.998997 0.576902 -0.000642992 2.66782 
1.00495 0.581915 7.11587e-05 2.68583 
1.00494 0.581995 0.000125592 2.68582 
1.00493 0.582153 0.000176372 2.68589 
1.0049 0.582205 0.00021913 2.68583 
1.00491 0.582289 0.000133744 2.6859 
1.0049 0.582326 0.000163395 2.68589 
1.00489 0.582386 0.000257453 2.68589 
1.00488 0.582419 0.000262679 2.68587 
1.00486 0.582583 0.000286253 2.68592 
0.997949 0.564505 -0.000112015 2.66165 
0.998438 0.568522 -0.000662269 2.66407 
0.998291 0.568475 -0.000328816 2.66355 
0.9988 0.573168 -0.000927574 2.66633 
0.998974 0.574202 -0.000505363 2.66702 
0.999363 0.577994 -0.000951559 2.66918 
0.998658 0.573095 -0.000536657 2.66581 
0.999086 0.577007 -0.00100089 2.6681 
0.998986 0.576954 -0.000734111 2.66773 
1.00492 0.581963 0.00118016 2.68574 
1.00494 0.582165 0.000918453 2.68593 
1.00487 0.582189 0.000821166 2.68572 
1.00489 0.582343 0.000627596 2.68586 
1.00491 0.582113 0.000555167 2.68582 
1.00492 0.582256 0.000386766 2.68591 
1.00485 0.582364 0.000570986 2.68575 
1.00487 0.582478 0.000428716 2.68587 
1.00485 0.582494 0.00039341 2.68581 
0.95965 0.583264 -0.136023 2.55784 
0.960946 0.599507 -0.129607 2.56913 
0.968889 0.589325 -0.118161 2.58724 
0.969276 0.601404 -0.112611 2.59327 
0.96349 0.610277 -0.107183 2.57921 
0.964255 0.615921 -0.101461 2.5833 
0.975137 0.593276 -0.103124 2.60638 
0.975248 0.601154 -0.098597 2.60968 
0.979772 0.594505 -0.0906081 2.61966 
0.999806 0.585261 5.85254e-05 2.67136 
0.999842 0.585193 -0.000215078 2.67144 
0.999885 0.586226 -0.000183596 2.67198 
0.999915 0.586179 -0.000409795 2.67205 
0.99996 0.586005 -0.000374004 2.67212 
0.999983 0.585966 -0.000586102 2.67217 
0.999947 0.587413 -0.000354355 2.67273 
0.99997 0.587382 -0.000549625 2.67279 
0.999995 0.588578 -0.000481427 2.67348 
1.00463 0.582982 0.000585881 2.68536 
1.00462 0.582957 0.00053612 2.68533 
1.00459 0.583122 0.00053733 2.68531 
1.00459 0.58308 0.000480072 2.68529 
1.00466 0.583084 0.000364826 2.68552 
1.00466 0.583055 0.000323596 2.68551 
1.00456 0.58322 0.000477355 2.68527 
1.00456 0.583167 0.000418023 2.68525 
1.00454 0.583285 0.000414228 2.68523 
0.878096 0.726202 0.010651 2.39046 
0.886157 0.716105 0.00859949 2.40523 
0.891731 0.718575 -0.00297938 2.42422 
0.897862 0.707518 -0.00240741 2.43307 
0.907544 0.706665 0.0100899 2.46154 
0.912619 0.697602 0.00954237 2.46951 
0.903442 0.70913 -0.0123194 2.45157 
0.908586 0.699269 -0.0107963 2.4589 
0.913745 0.700285 -0.0191334 2.47579 
1.02346 0.536972 0.0821644 2.72735 
1.02018 0.550038 0.080943 2.72302 
1.01596 0.550056 0.086198 2.70923 
1.01358 0.562792 0.0837026 2.70795 
1.01327 0.557958 0.0708741 2.70304 
1.01136 0.568477 0.0688562 2.70233 
1.00893 0.564657 0.0865254 2.69362 
1.00715 0.575381 0.0833468 2.69343 
1.00239 0.578599 0.0840852 2.67946 
1.00777 0.575187 0.00777733 2.69144 
1.00809 0.574718 0.009929 2.69224 
1.00856 0.573576 0.00945495 2.69318 
1.00886 0.573044 0.012199 2.69391 
1.00805 0.574749 0.0131237 2.69216 
1.008 0.574407 0.0160481 2.69185 
1.00946 0.571714 0.0117364 2.69516 
1.00972 0.571113 0.0152206 2.69575 
1.01046 0.569667 0.0149005 2.69741 
1.01365 0.561711 0.0382347 2.70441 
1.01509 0.56279 0.0346466 2.70968 
1.01375 0.561908 0.0299625 2.70453 
1.01465 0.563438 0.0264088 2.7083 
1.01609 0.556596 0.0254136 2.70935 
1.01658 0.559113 0.021042 2.71227 
1.01331 0.563141 0.0231452 2.70351 
1.01381 0.56487 0.0198401 2.70609 
1.0126 0.564943 0.0177456 2.70203 
0.951508 0.639001 -0.0813729 2.55388 
0.956823 0.632296 -0.0776573 2.56623 
0.96214 0.624828 -0.0875261 2.57952 
0.966093 0.618028 -0.0820441 2.58751 
0.966937 0.626531 -0.075332 2.59416 
0.970237 0.621066 -0.0710555 2.60107 
0.971813 0.611579 -0.088814 2.60273 
0.974574 0.605325 -0.0826303 2.60733 
0.980017 0.60016 -0.0865824 2.62239 
1.00456 0.582973 0.000780207 2.68514 
1.00453 0.583099 0.000764331 2.68509 
1.00446 0.583082 0.000999165 2.68487 
1.00442 0.583243 0.00097292 2.68482 
1.0044 0.583244 0.000889653 2.68477 
1.00436 0.583409 0.000852055 2.68472 
1.00434 0.583226 0.00126777 2.68455 
1.00429 0.583444 0.00122357 2.68449 
1.00418 0.583427 0.00160943 2.68414 
1.00002 0.588565 -0.00061179 2.67353 
1.00005 0.588162 -0.000514741 2.67345 
1.00004 0.588144 -0.000740216 2.67339 
1.00008 0.58767 -0.00065605 2.67329 
1.00006 0.586607 -0.000886991 2.67269 
1.00009 0.586005 -0.000750323 2.67252 
1.00005 0.587645 -0.00096069 2.67317 
1.0001 0.587034 -0.000856023 2.67304 
1.00006 0.586993 -0.00125788 2.67289 
1.00036 0.584507 -0.0148698 2.67351 
1.00104 0.582199 -0.0148223 2.67484 
1.00162 0.582236 -0.0157721 2.67693 
1.00236 0.579709 -0.0154473 2.67855 
1.00277 0.579878 -0.0128823 2.67998 
1.00324 0.576438 -0.0122841 2.68053 
1.00317 0.57943 -0.016365 2.68124 
1.00385 0.5749 -0.0157584 2.68196 
1.00489 0.57363 -0.0161565 2.68498 
0.994802 0.599409 0.0907388 2.66727 
0.989174 0.602787 0.090431 2.65071 
0.988014 0.610499 0.0972091 2.6525 
0.981358 0.614938 0.094615 2.63318 
0.980997 0.621425 0.0912165 2.63572 
0.97452 0.626277 0.0861876 2.61727 
0.979554 0.62422 0.101879 2.63419 
0.971927 0.62977 0.0963723 2.6124 
0.969254 0.640643 0.103894 2.61206 
1.00223 0.578311 -0.00604101 2.67805 
1.00168 0.578445 -0.00524277 2.67626 
1.00175 0.578537 -0.00475132 2.67672 
1.00131 0.578655 -0.00415574 2.67528 
1.00133 0.580942 -0.0043422 2.6758 
1.00102 0.580981 -0.00379431 2.67476 
1.00133 0.578611 -0.00386678 2.67549 
1.00097 0.578698 -0.00338211 2.67435 
1.00097 0.578477 -0.00331792 2.67437 
1.00008 0.583402 -0.0363678 2.67401 
1.00177 0.581867 -0.0300598 2.67857 
1.003 0.578163 -0.0311504 2.68087 
1.00342 0.577431 -0.0254022 2.68173 
1.00196 0.580874 -0.0232634 2.67796 
1.00222 0.580407 -0.0195552 2.67848 
1.00448 0.574865 -0.0256133 2.68414 
1.00424 0.57461 -0.0207687 2.6831 
1.00507 0.5728 -0.0205387 2.68517 
1.00503 0.581887 0.00481058 2.68608 
1.00528 0.580779 0.00475527 2.68629 
1.0054 0.58103 0.00426521 2.68682 
1.00564 0.579888 0.00412952 2.68698 
1.00593 0.579778 0.0044744 2.68786 
1.0062 0.578476 0.0042462 2.68804 
1.00572 0.580219 0.00358152 2.68742 
1.00594 0.579119 0.0033829 2.68752 
1.00598 0.579505 0.00281385 2.68787 
0.998525 0.5909 -0.00478166 2.66998 
0.998251 0.59171 -0.00618885 2.66956 
0.9976 0.592416 -0.00615214 2.66781 
0.997039 0.593599 -0.00792491 2.66666 
0.997272 0.590978 -0.00875051 2.66598 
0.996527 0.592533 -0.0111243 2.66445 
0.99623 0.594723 -0.00753765 2.66463 
0.99526 0.596305 -0.00953534 2.66238 
0.994344 0.597973 -0.00857168 2.66032 
0.97226 0.628366 0.0700259 2.60976 
0.969235 0.638845 0.0742828 2.60732 
0.968633 0.63397 0.0782279 2.60245 
0.965329 0.645278 0.0831557 2.59998 
0.957635 0.649831 0.0758138 2.57776 
0.953247 0.662695 0.0800458 2.57339 
0.964654 0.63942 0.0876542 2.59427 
0.960875 0.652548 0.0935889 2.59202 
0.960035 0.645752 0.0987775 2.58524 
1.00065 0.582638 -0.00324903 2.67329 
1.00073 0.582455 -0.00299572 2.67377 
1.00081 0.582059 -0.00298003 2.67404 
1.00082 0.581652 -0.00277362 2.67428 
1.00066 0.581663 -0.00203806 2.67374 
1.00057 0.580807 -0.00197938 2.67353 
1.00088 0.580988 -0.002658 2.6744 
1.00078 0.579783 -0.00264472 2.67404 
1.00079 0.578477 -0.00231012 2.67376 
1.00497 0.581751 0.00165486 2.68579 
1.00506 0.581732 0.00211371 2.6861 
1.00513 0.581219 0.00194677 2.68602 
1.00526 0.581186 0.00248657 2.68645 
1.00519 0.581102 0.00278074 2.68614 
1.00534 0.581086 0.00354526 2.68664 
1.00535 0.580555 0.00227183 2.68637 
1.00554 0.580499 0.00293063 2.68698 
1.00565 0.579686 0.00264057 2.68688 
1.00441 0.583394 0.000454652 2.68488 
1.00431 0.583435 0.000535712 2.68456 
1.0043 0.583541 0.000673276 2.6846 
1.00419 0.583582 0.000812425 2.68424 
1.0041 0.583863 0.00069228 2.68411 
1.00394 0.583932 0.000810994 2.68362 
1.0042 0.583687 0.000985095 2.68433 
1.00406 0.583732 0.0012048 2.68389 
1.00408 0.583855 0.00144502 2.68405 
0.99987 0.591262 -0.000196068 2.6745 
0.999875 0.590866 -0.00036753 2.6743 
0.999907 0.590927 -0.000507605 2.67446 
0.999919 0.590075 -0.000725599 2.67403 
0.999985 0.590044 -0.000542721 2.67423 
0.999989 0.589067 -0.000755259 2.67372 
0.999967 0.589924 -0.000769544 2.67412 
0.999988 0.588822 -0.000986719 2.67359 
1.00005 0.588522 -0.000952499 2.67363 
1.00008 0.582079 -0.00104125 2.67201 
0.999946 0.582048 -0.000721781 2.67155 
0.99983 0.581452 -0.000916006 2.67118 
0.999713 0.581422 -0.000631814 2.67077 
0.999892 0.582657 -0.000750532 2.67135 
0.999819 0.582635 -0.000589629 2.6711 
0.999584 0.580715 -0.000915237 2.6703 
0.9995 0.580665 -0.000633864 2.66999 
0.999376 0.579795 -0.00104783 2.66945 
1.00465 0.58282 0.000756541 2.68533 
1.00467 0.582673 0.000745056 2.68534 
1.00472 0.58271 0.000659372 2.68551 
1.00475 0.582571 0.000639184 2.68552 
1.00476 0.582585 0.000774258 2.68557 
1.00479 0.582402 0.000738957 2.68557 
1.00478 0.58263 0.000545996 2.68567 
1.0048 0.582503 0.000518893 2.68567 
1.00483 0.582577 0.00042407 2.6858 
0.993589 0.596547 0.0512235 2.65824 
0.993021 0.600432 0.0569681 2.65909 
0.993764 0.595941 0.0599474 2.65901 
0.992999 0.600585 0.0669688 2.65984 
0.989444 0.602394 0.0682541 2.64929 
0.98794 0.608857 0.0765147 2.64907 
0.993959 0.595003 0.0705608 2.65988 
0.993048 0.600605 0.0793258 2.66109 
0.994262 0.593703 0.0836625 2.66129 
0.944514 0.665297 -0.0309227 2.545 
0.946061 0.663101 -0.0377559 2.5487 
0.943473 0.660088 -0.0426351 2.53877 
0.946398 0.657183 -0.0496201 2.54648 
0.952565 0.65271 -0.049395 2.56292 
0.956423 0.649783 -0.0540402 2.57358 
0.944011 0.654752 -0.0552435 2.5379 
0.948527 0.65115 -0.061759 2.55029 
0.946409 0.647575 -0.0685103 2.54211 
0.940582 0.66319 -0.027915 2.53097 
0.938168 0.666692 -0.0314226 2.52623 
0.934469 0.669401 -0.0299458 2.51649 
0.931532 0.675304 -0.0340218 2.51214 
0.932964 0.671291 -0.047296 2.5145 
0.930033 0.674488 -0.0525053 2.50847 
0.927139 0.678641 -0.0323023 2.5008 
0.923604 0.684133 -0.0372226 2.49455 
0.918497 0.687709 -0.0350963 2.48132 
0.996117 0.597447 -0.00119264 2.66571 
0.996124 0.597577 -0.00195231 2.66583 
0.995554 0.598738 -0.00298284 2.66464 
0.995601 0.597841 -0.00382383 2.66429 
0.996434 0.596785 -0.00453617 2.66643 
0.996542 0.594769 -0.00530108 2.66564 
0.994986 0.599167 -0.00508724 2.66306 
0.995058 0.597178 -0.00603584 2.66217 
0.994283 0.598727 -0.00747655 2.66054 
1.01138 0.570145 0.0472528 2.70192 
1.0089 0.570441 0.0513719 2.69398 
1.0095 0.57409 0.0571977 2.69841 
1.00588 0.575306 0.0606744 2.68723 
1.00381 0.584153 0.0589199 2.68534 
0.999617 0.586465 0.0600068 2.67279 
1.00614 0.580623 0.0682708 2.69175 
1.00119 0.583136 0.0702339 2.67684 
1.00085 0.590512 0.0797578 2.68093 
0.929854 0.681769 0.0304192 2.51063 
0.926925 0.682454 0.0159231 2.50179 
0.923864 0.689144 0.0156678 2.49744 
0.922676 0.689087 0.00101604 2.49376 
0.927627 0.681618 -0.00261247 2.50336 
0.928414 0.680802 -0.0154203 2.50551 
0.919361 0.692719 -0.00106349 2.4864 
0.920162 0.691876 -0.015481 2.48859 
0.916719 0.692531 -0.0192594 2.4787 
1.0049 0.582353 3.84213e-05 2.68591 
1.00492 0.582419 7.04675e-05 2.686 
1.00491 0.582414 0.000108889 2.68598 
1.00491 0.582479 0.000152337 2.68602 
1.00493 0.582497 8.3003e-05 2.68608 
1.00493 0.582548 0.000118848 2.68612 
1.0049 0.582499 0.000193462 2.68598 
1.0049 0.582554 0.00022877 2.68602 
1.00488 0.58259 0.00026668 2.68598 
1.00499 0.582587 2.47478e-05 2.68633 
1.00497 0.582599 4.20722e-05 2.68627 
1.00495 0.582603 8.26871e-05 2.6862 
1.00492 0.582616 0.000111596 2.68612 
1.0049 0.582678 0.000125279 2.68611 
1.00487 0.582707 0.000149981 2.68601 
1.0049 0.582618 0.000167129 2.68607 
1.00487 0.582634 0.000204595 2.68597 
1.00486 0.582633 0.00027054 2.68593 
0.997099 0.56663 -1.93222e-05 2.65952 
0.997157 0.566624 -0.000101108 2.65971 
0.997449 0.569392 -0.00014585 2.6613 
0.997604 0.569439 -0.000354491 2.66179 
0.997614 0.569126 -0.000220961 2.66174 
0.997793 0.569159 -0.000396872 2.66229 
0.99806 0.573356 -0.000408803 2.66417 
0.99827 0.573416 -0.000584013 2.66481 
0.998747 0.576877 -0.000612238 2.66706 
0.999581 0.583592 -0.000445089 2.67025 
0.999471 0.582435 -0.000293799 2.6698 
0.999484 0.582456 -0.000728382 2.66985 
0.999327 0.580809 -0.000443263 2.66923 
0.999053 0.579012 -0.00112425 2.66813 
0.998822 0.576387 -0.000598517 2.66706 
0.999367 0.58082 -0.00102917 2.66937 
0.999142 0.57866 -0.00057858 2.66848 
0.999197 0.578666 -0.00127044 2.66867 
