7213
0.0069466
0.00391202
0.00299873
0.00275813
0.00228554
0.00207755
0.00204257
0.0020019
0.00188492
0.00167737
0.0016934
0.00164617
0.00159284
0.00143231
0.00144001
0.00140457
0.00137637
0.00127851
0.00127797
0.00127623
0.00123054
0.00116875
0.00117606
0.00114717
0.0011223
0.00107097
0.00105642
0.00103176
0.0010245
0.000991232
0.000951804
0.000939546
0.000930448
0.000916161
0.00088955
0.000855028
0.000846614
0.000829868
0.000831919
0.000803352
0.000808222
0.000811982
0.000788813
0.00080935
0.000823084
0.000810786
0.000806836
0.0008299
0.000828176
0.000803362
0.000835189
0.000847191
0.000863449
0.00090898
0.000932899
0.000945872
0.000983901
0.00100198
0.00104419
0.00105886
0.00104431
0.00102518
0.00099804
0.000991081
0.000986688
0.000955094
0.000952998
0.000961172
0.000943615
0.000922569
0.000921596
0.000916268
0.000893121
0.000878345
0.000875616
0.000858742
0.000847562
0.00082659
0.000874951
0.00093662
0.000985449
0.00102795
0.00108053
0.00111207
0.0011193
0.00114506
0.00119627
0.00122456
0.00122705
0.00120235
0.00115047
0.00111337
0.00107677
0.00104297
0.00100033
0.000958144
0.00091929
0.000893376
0.000858967
0.000836099
0.000796819
0.000772682
0.000750536
0.000725171
0.000743373
0.000784968
0.000819925
0.000844809
0.000858088
0.00085991
0.000854756
0.000838841
0.000812364
0.000775911
0.000766078
0.000747603
0.000724474
0.000701306
0.000672618
0.000688335
0.000710478
0.000726839
0.000736628
0.000739181
0.000733999
0.000720787
0.000701764
0.000689184
0.000670659
0.000664118
0.000658566
0.00065336
0.000641236
0.000636722
0.000644634
0.00064497
0.000649694
0.00065683
0.000656511
0.000651609
0.000648232
0.000645395
0.000635741
0.000619829
0.000598354
0.000572104
0.000558497
0.000546527
0.000536592
0.000531235
0.000520695
0.000509257
0.000499264
0.000505848
0.000541078
0.000569696
0.000591337
0.000606027
0.00063893
0.000664692
0.000683161
0.000694381
0.000723124
0.000747827
0.000765304
0.000775609
0.000778991
0.000797608
0.000810044
0.00081577
0.000815039
0.000808222
0.000802042
0.000803749
0.000800547
0.000791923
0.000782463
0.000774502
0.000769274
0.000760773
0.00075218
0.000744536
0.000737693
0.00073007
0.000722926
0.000716238
0.000709673
0.000703229
0.000696873
0.000691549
0.000682767
0.00067787
0.000670533
0.000667223
0.000659953
0.000650814
0.000645188
0.000635926
0.000623204
0.000607235
0.000588267
0.000577927
0.000573939
0.00056687
0.000564207
0.000560686
0.000554192
0.000548689
0.00054536
0.000539819
0.000538291
0.000535869
0.000532685
0.000533867
0.000532926
0.000534606
0.000539457
0.000542778
0.000549094
0.0005552
0.000563676
0.000569798
0.000573309
0.000584551
0.000596675
0.00060602
0.000612494
0.000616044
0.000616843
0.000616199
0.000618634
0.000618069
0.000614498
0.000607962
0.000601865
0.000594108
0.00058345
0.000570005
0.000553923
0.000535384
0.000518526
0.000500619
0.000480264
0.000457661
0.000443546
0.000443183
0.000452548
0.000460372
0.000466589
0.000471157
0.000474354
0.000475775
0.000475048
0.000472864
0.000469306
0.000464273
0.000457846
0.000450114
0.000441169
0.000431109
0.000422415
0.000415601
0.000410573
0.00040831
0.000405897
0.000403284
0.000400406
0.000397187
0.000393537
0.000389359
0.00038455
0.000379001
0.000372604
0.000365254
0.000356848
0.000347295
0.000336511
0.000324429
0.000310995
0.000296176
0.000279956
0.000262344
0.00024337
0.000223086
0.000201569
0.000178915
0.000179044
0.00018204
0.000184116
0.000185303
0.000186306
0.000187018
0.000186922
0.000186055
0.000185465
0.000189148
0.000193268
0.000196303
0.000198267
0.000199183
0.000211178
0.000225724
0.000241053
0.000256241
0.000269824
0.000281775
0.000292091
0.000300788
0.000307903
0.000313486
0.000317609
0.000320354
0.000321816
0.000322103
0.000321329
0.000319614
0.000317083
0.000313862
0.000310078
0.000305854
0.000301309
0.000301374
0.000301498
0.000301339
0.00030096
0.000300416
0.000299752
0.000299007
0.000298208
0.000297377
0.000299381
0.000302352
0.000304632
0.000306221
0.000307121
0.000307338
0.000306883
0.000305768
0.000304009
0.000301625
0.000299711
0.000297719
0.000295168
0.000292086
0.00029075
0.000289736
0.000288311
0.000286443
0.0002841
0.00028126
0.000279039
0.000276862
0.000274138
0.000270845
0.000266969
0.0002625
0.000257433
0.000251769
0.000245512
0.000238672
0.000231265
0.000224294
0.000235917
0.000247368
0.000261376
0.000274477
0.000286577
0.000297594
0.000307451
0.000316085
0.000323438
0.000329657
0.000334931
0.000338547
0.000340481
0.000340719
0.000339527
0.000337717
0.000334392
0.000329577
0.000323306
0.00031562
0.000306571
0.000296218
0.000284625
0.000271864
0.000258013
0.000243696
0.000230764
0.000217112
0.000202805
0.000188712
0.000187889
0.000186211
0.000183713
0.000182159
0.000179879
0.000177012
0.000181077
0.00018479
0.000188085
0.000190962
0.000193422
0.000196385
0.000199005
0.000201182
0.000202918
0.000204215
0.000205077
0.000205507
0.000205509
0.00020509
0.000205209
0.000212492
0.000218621
0.000223608
0.000227471
0.000230235
0.000231929
0.000232592
0.000232265
0.000230995
0.000230964
0.000230325
0.000228822
0.000226499
0.000223407
0.000219598
0.000215125
0.0002103
0.000205522
0.000200223
0.000194457
0.000189596
0.000184713
0.000179436
0.000179468
0.000179789
0.000180009
0.000180128
0.000180148
0.00018007
0.000179896
0.000179626
0.000179262
0.000178806
0.000178368
0.000177876
0.000177286
0.0001766
0.000175821
0.00017495
0.00017399
0.000172942
0.00017181
0.000170595
0.0001693
0.000167927
0.000166524
0.00016688
0.0001695
0.000172666
0.000176101
0.000179417
0.000182601
0.000185642
0.000188527
0.000191242
0.000193771
0.000196101
0.000198215
0.000200257
0.000202083
0.000203631
0.000204882
0.000205821
0.000206429
0.000206692
0.000206595
0.000206127
0.000205275
0.000204032
0.000202391
0.000200348
0.000197898
0.000195045
0.000191792
0.000188148
0.000184119
0.000179719
0.00017496
0.000169859
0.000164434
0.000164899
0.000166168
0.000167369
0.000168573
0.000170369
0.000172104
0.000173777
0.000175386
0.000176929
0.000178406
0.000179814
0.000181608
0.000183621
0.000185563
0.000187429
0.000189217
0.000190925
0.000192548
0.000194084
0.000196139
0.00019819
0.00020014
0.000201982
0.000203714
0.00020533
0.000206827
0.000208295
0.000210135
0.000211835
0.000213388
0.000214791
0.00021604
0.00021713
0.00021806
0.000218825
0.000219423
0.00021985
0.000220105
0.000220186
0.000220091
0.000219818
0.000219367
0.000218738
0.000217929
0.000216942
0.000215776
0.000214432
0.000212912
0.000211217
0.000209349
0.00020731
0.000205102
0.000202728
0.000200192
0.000197496
0.000194645
0.000191641
0.00018849
0.000185196
0.000181764
0.000178198
0.000174503
0.000170686
0.00016675
0.000162703
0.000158549
0.000154294
0.000149944
0.000145506
0.000140985
0.000137344
0.000134096
0.000130832
0.000127706
0.000124519
0.000121278
0.000117985
0.000114647
0.00011411
0.000114706
0.000115103
0.000115301
0.000115298
0.000115093
0.000114687
0.00011408
0.000113274
0.00011227
0.00011107
0.000109677
0.000108094
0.000107814
0.000109295
0.000110417
0.000111182
0.000111595
0.00011166
0.000111385
0.000110868
0.000110517
0.000110004
0.000109089
0.000107781
0.000106091
0.00010403
0.000101613
9.88528e-05
9.57674e-05
9.23741e-05
8.86915e-05
8.86032e-05
8.89144e-05
8.91652e-05
8.95917e-05
9.00812e-05
9.05152e-05
9.08942e-05
9.1219e-05
9.18317e-05
9.38364e-05
9.57455e-05
9.75597e-05
9.92795e-05
0.000100906
0.000102439
0.00010388
0.000105297
0.000106624
0.000107859
0.000109004
0.000110059
0.000111027
0.000111909
0.000112707
0.000113421
0.000114054
0.000114608
0.000115084
0.000115485
0.000115851
0.000116153
0.000116383
0.000116544
0.000116636
0.000116663
0.000116626
0.000116528
0.00011637
0.000116154
0.000115884
0.00011556
0.000115213
0.000114825
0.000114386
0.000113899
0.000113367
0.000112791
0.000112173
0.000111516
0.000110822
0.000110092
0.000109328
0.000108533
0.000107728
0.000106896
0.000106039
0.000105275
0.000104685
0.000104038
0.000103336
0.00010258
0.000101771
0.000100911
0.000100001
9.92778e-05
9.90116e-05
9.87233e-05
9.84135e-05
9.8083e-05
9.77322e-05
9.73619e-05
9.69725e-05
9.65644e-05
9.6138e-05
9.56937e-05
9.52317e-05
9.47523e-05
9.42556e-05
9.37929e-05
9.36261e-05
9.34075e-05
9.31365e-05
9.28125e-05
9.24352e-05
9.20042e-05
9.15191e-05
9.09797e-05
9.03856e-05
8.97366e-05
8.90327e-05
8.82738e-05
8.74597e-05
8.65905e-05
8.56663e-05
8.46872e-05
8.36533e-05
8.2565e-05
8.14224e-05
8.0226e-05
7.89761e-05
7.76732e-05
7.66823e-05
7.56678e-05
7.4626e-05
7.35564e-05
7.24585e-05
7.13319e-05
7.01762e-05
6.89912e-05
6.77764e-05
6.65318e-05
6.52571e-05
6.39522e-05
6.42845e-05
6.5298e-05
6.62743e-05
6.72127e-05
6.8113e-05
6.89746e-05
6.97973e-05
7.05806e-05
7.13245e-05
7.20288e-05
7.26932e-05
7.33177e-05
7.39024e-05
7.44472e-05
7.49523e-05
7.54177e-05
7.58437e-05
7.62304e-05
7.65781e-05
7.68872e-05
7.71579e-05
7.73907e-05
7.7586e-05
7.77442e-05
7.78658e-05
7.79514e-05
7.80014e-05
7.80165e-05
7.79972e-05
7.79443e-05
7.78582e-05
7.77397e-05
7.75896e-05
7.74083e-05
7.71968e-05
7.69557e-05
7.66858e-05
7.63877e-05
7.60623e-05
7.57103e-05
7.53325e-05
7.49297e-05
7.45025e-05
7.40518e-05
7.36301e-05
7.32005e-05
7.27488e-05
7.22758e-05
7.1782e-05
7.12683e-05
7.07353e-05
7.01837e-05
6.96143e-05
6.90275e-05
6.84242e-05
6.78049e-05
6.85617e-05
6.93927e-05
7.01559e-05
7.08513e-05
7.15087e-05
7.23318e-05
7.30869e-05
7.3774e-05
7.43929e-05
7.49436e-05
7.55172e-05
7.61958e-05
7.6807e-05
7.73506e-05
7.78268e-05
7.82357e-05
7.85776e-05
7.88527e-05
7.90615e-05
7.92046e-05
7.92825e-05
7.92958e-05
7.92454e-05
7.9132e-05
7.89565e-05
7.872e-05
7.84234e-05
7.80679e-05
7.76545e-05
7.71846e-05
7.66593e-05
7.608e-05
7.54481e-05
7.47648e-05
7.40317e-05
7.32503e-05
7.24219e-05
7.15482e-05
7.06306e-05
6.96708e-05
6.86703e-05
6.76308e-05
6.65538e-05
6.56829e-05
6.5134e-05
6.45364e-05
6.40462e-05
6.35273e-05
6.296e-05
6.23452e-05
6.16839e-05
6.09771e-05
6.13042e-05
6.18193e-05
6.22869e-05
6.27071e-05
6.308e-05
6.34061e-05
6.37312e-05
6.40594e-05
6.43418e-05
6.45788e-05
6.47709e-05
6.49332e-05
6.50661e-05
6.51557e-05
6.52027e-05
6.52077e-05
6.51714e-05
6.50946e-05
6.4978e-05
6.48224e-05
6.46287e-05
6.43979e-05
6.41307e-05
6.38282e-05
6.34913e-05
6.3121e-05
6.27184e-05
6.22843e-05
6.182e-05
6.13264e-05
6.08046e-05
6.02557e-05
5.96808e-05
5.95606e-05
6.09842e-05
6.23994e-05
6.37796e-05
6.51239e-05
6.64315e-05
6.77015e-05
6.89334e-05
7.01263e-05
7.12798e-05
7.23933e-05
7.34662e-05
7.44982e-05
7.54888e-05
7.64376e-05
7.73445e-05
7.8226e-05
7.90962e-05
7.99256e-05
8.07141e-05
8.14615e-05
8.21678e-05
8.28329e-05
8.34568e-05
8.40396e-05
8.46549e-05
8.53206e-05
8.59467e-05
8.65331e-05
8.70798e-05
8.75869e-05
8.80543e-05
8.87913e-05
8.96548e-05
9.04767e-05
9.12564e-05
9.19932e-05
9.26867e-05
9.34067e-05
9.41374e-05
9.52394e-05
9.64853e-05
9.76948e-05
9.88741e-05
0.000100133
0.000101357
0.000102546
0.000103699
0.000104817
0.000105899
0.000106944
0.000107953
0.000108924
0.000109857
0.000110753
0.000111611
0.000112539
0.000113436
0.000114294
0.000115115
0.000115896
0.000116637
0.00011734
0.000118002
0.000118623
0.000119204
0.000119744
0.000120242
0.000120699
0.000121114
0.000121486
0.000121816
0.000122175
0.000122526
0.000122831
0.00012309
0.000123302
0.000123469
0.000123588
0.000123659
0.000123683
0.00012366
0.000123588
0.000123468
0.000123313
0.000123145
0.000122927
0.000122658
0.000122339
0.000121969
0.000121549
0.000121079
0.000120557
0.000119986
0.000119363
0.000118691
0.000117968
0.000117194
0.000116371
0.000115498
0.000114576
0.000113604
0.000112584
0.000111515
0.000110398
0.000109233
0.00010802
0.000106761
0.000105456
0.000104104
0.000102708
0.000101267
9.97829e-05
9.82553e-05
9.66854e-05
9.5074e-05
9.3422e-05
9.17301e-05
8.99994e-05
8.82667e-05
8.65654e-05
8.48322e-05
8.30679e-05
8.12735e-05
7.94499e-05
7.75982e-05
7.57193e-05
7.38143e-05
7.18843e-05
6.99303e-05
6.79534e-05
6.59548e-05
6.40767e-05
6.2182e-05
6.0271e-05
5.83446e-05
5.80156e-05
5.78403e-05
5.7653e-05
5.7454e-05
5.72435e-05
5.70217e-05
5.67889e-05
5.65453e-05
5.6291e-05
5.60264e-05
5.57516e-05
5.54669e-05
5.51724e-05
5.48684e-05
5.45549e-05
5.42324e-05
5.39008e-05
5.35604e-05
5.32114e-05
5.28539e-05
5.24881e-05
5.21142e-05
5.17323e-05
5.13426e-05
5.09453e-05
5.05404e-05
5.01281e-05
4.97087e-05
4.92821e-05
4.88486e-05
4.84083e-05
4.79612e-05
4.75076e-05
4.70476e-05
4.65813e-05
4.61087e-05
4.56301e-05
4.51455e-05
4.4655e-05
4.41588e-05
4.38495e-05
4.50428e-05
4.6199e-05
4.73061e-05
4.8364e-05
4.93725e-05
5.03315e-05
5.1241e-05
5.21012e-05
5.294e-05
5.39172e-05
5.48478e-05
5.58827e-05
5.70649e-05
5.8204e-05
5.93001e-05
6.0353e-05
6.13627e-05
6.23294e-05
6.3253e-05
6.41338e-05
6.49717e-05
6.5767e-05
6.65198e-05
6.72304e-05
6.7899e-05
6.85258e-05
6.91112e-05
6.96553e-05
7.01586e-05
7.06214e-05
7.1044e-05
7.14269e-05
7.17703e-05
7.20748e-05
7.23407e-05
7.27334e-05
7.31015e-05
7.34315e-05
7.37236e-05
7.39781e-05
7.4225e-05
7.44536e-05
7.46448e-05
7.47988e-05
7.5012e-05
7.52318e-05
7.54138e-05
7.55582e-05
7.56649e-05
7.57343e-05
7.57665e-05
7.57616e-05
7.572e-05
7.56418e-05
7.56249e-05
7.56037e-05
7.5544e-05
7.5446e-05
7.53098e-05
7.51357e-05
7.49241e-05
7.46753e-05
7.43896e-05
7.40676e-05
7.37095e-05
7.33159e-05
7.28873e-05
7.24243e-05
7.19273e-05
7.13972e-05
7.08465e-05
7.03207e-05
6.97606e-05
6.91669e-05
6.85404e-05
6.78818e-05
6.71919e-05
6.64716e-05
6.57216e-05
6.49455e-05
6.41467e-05
6.33211e-05
6.24698e-05
6.15936e-05
6.06935e-05
5.97704e-05
5.93434e-05
6.01366e-05
6.09047e-05
6.16472e-05
6.23637e-05
6.30535e-05
6.37162e-05
6.43513e-05
6.49582e-05
6.55366e-05
6.60861e-05
6.66061e-05
6.70964e-05
6.75565e-05
6.7986e-05
6.83847e-05
6.87522e-05
6.90882e-05
6.93925e-05
6.96647e-05
6.99047e-05
7.01122e-05
7.02994e-05
7.081e-05
7.12859e-05
7.1727e-05
7.21331e-05
7.25041e-05
7.28399e-05
7.31403e-05
7.34053e-05
7.3635e-05
7.38292e-05
7.3988e-05
7.41114e-05
7.41995e-05
7.42524e-05
7.42702e-05
7.4253e-05
7.42009e-05
7.41141e-05
7.39929e-05
7.38373e-05
7.36478e-05
7.34244e-05
7.31675e-05
7.28774e-05
7.25544e-05
7.21988e-05
7.18109e-05
7.13911e-05
7.09399e-05
7.04717e-05
6.99853e-05
6.9469e-05
6.89232e-05
6.83484e-05
6.7745e-05
6.71135e-05
6.64545e-05
6.57683e-05
6.50556e-05
6.43168e-05
6.35525e-05
6.27632e-05
6.19495e-05
6.11119e-05
6.0251e-05
5.93906e-05
5.88628e-05
5.83678e-05
5.78548e-05
5.73219e-05
5.67762e-05
5.62353e-05
5.57001e-05
5.51788e-05
5.46396e-05
5.40828e-05
5.35419e-05
5.29881e-05
5.24178e-05
5.18314e-05
5.12292e-05
5.06114e-05
4.99785e-05
4.93307e-05
4.86685e-05
4.79922e-05
4.73021e-05
4.65986e-05
4.5882e-05
4.51528e-05
4.44112e-05
4.36578e-05
4.28927e-05
4.21166e-05
4.13296e-05
4.05323e-05
3.9725e-05
3.89081e-05
3.80821e-05
3.72472e-05
3.65428e-05
3.59536e-05
3.53558e-05
3.47498e-05
3.41358e-05
3.35141e-05
3.34109e-05
3.38533e-05
3.42856e-05
3.47074e-05
3.51184e-05
3.5518e-05
3.59058e-05
3.62814e-05
3.66445e-05
3.69946e-05
3.73314e-05
3.76546e-05
3.79637e-05
3.82585e-05
3.85386e-05
3.88038e-05
3.90539e-05
3.92885e-05
3.95074e-05
3.97104e-05
3.98973e-05
4.0068e-05
4.02222e-05
4.03599e-05
4.04809e-05
4.0585e-05
4.06723e-05
4.07427e-05
4.07961e-05
4.08325e-05
4.0852e-05
4.08544e-05
4.08399e-05
4.08085e-05
4.07629e-05
4.07273e-05
4.06754e-05
4.06072e-05
4.05228e-05
4.04224e-05
4.03061e-05
4.0174e-05
4.00264e-05
3.98634e-05
3.96853e-05
3.94922e-05
3.92843e-05
3.91291e-05
3.90947e-05
3.90351e-05
3.89509e-05
3.88424e-05
3.87101e-05
3.86499e-05
3.8869e-05
3.90643e-05
3.92358e-05
3.93838e-05
3.95693e-05
3.9735e-05
3.98778e-05
3.99978e-05
4.00954e-05
4.01707e-05
4.02239e-05
4.02553e-05
4.02652e-05
4.02579e-05
4.0286e-05
4.02935e-05
4.02807e-05
4.0248e-05
4.01955e-05
4.01236e-05
4.00327e-05
3.99229e-05
3.97948e-05
3.96486e-05
3.94846e-05
3.93033e-05
3.9105e-05
3.889e-05
3.86588e-05
3.84117e-05
3.81491e-05
3.78715e-05
3.75792e-05
3.7307e-05
3.70332e-05
3.67457e-05
3.64447e-05
3.61308e-05
3.58043e-05
3.54656e-05
3.51671e-05
3.48572e-05
3.45358e-05
3.4242e-05
3.39583e-05
3.36701e-05
3.34301e-05
3.33948e-05
3.34672e-05
3.35275e-05
3.35758e-05
3.36121e-05
3.36365e-05
3.3649e-05
3.36498e-05
3.36388e-05
3.36161e-05
3.35819e-05
3.35362e-05
3.34793e-05
3.34111e-05
3.33318e-05
3.32417e-05
3.3286e-05
3.33194e-05
3.33327e-05
3.33533e-05
3.34111e-05
3.3469e-05
3.35064e-05
3.3523e-05
3.35187e-05
3.34934e-05
3.34468e-05
3.33789e-05
3.32894e-05
3.31785e-05
3.30458e-05
3.29383e-05
3.29395e-05
3.29204e-05
3.28809e-05
3.28209e-05
3.27404e-05
3.26394e-05
3.25177e-05
3.23755e-05
3.22128e-05
3.20295e-05
3.18257e-05
3.16296e-05
3.14334e-05
3.12173e-05
3.09813e-05
3.07433e-05
3.05127e-05
3.02632e-05
2.99949e-05
2.98566e-05
2.98301e-05
2.97954e-05
2.97527e-05
2.97019e-05
2.96431e-05
2.95763e-05
2.95016e-05
2.9419e-05
2.93285e-05
2.92631e-05
2.91984e-05
2.91257e-05
2.90452e-05
2.89568e-05
2.88606e-05
2.90764e-05
2.95488e-05
3.00134e-05
3.04701e-05
3.09185e-05
3.13584e-05
3.17897e-05
3.22119e-05
3.2625e-05
3.30287e-05
3.35961e-05
3.41654e-05
3.47238e-05
3.52709e-05
3.58064e-05
3.633e-05
3.68412e-05
3.73398e-05
3.78255e-05
3.82978e-05
3.87566e-05
3.92016e-05
3.96324e-05
4.00488e-05
4.06152e-05
4.11755e-05
4.17193e-05
4.22463e-05
4.2756e-05
4.32481e-05
4.37223e-05
4.41783e-05
4.46158e-05
4.50345e-05
4.54341e-05
4.58143e-05
4.6175e-05
4.65159e-05
4.68368e-05
4.72533e-05
4.76942e-05
4.8113e-05
4.85094e-05
4.88833e-05
4.92344e-05
4.95624e-05
4.98673e-05
5.01489e-05
5.0407e-05
5.06415e-05
5.08523e-05
5.10394e-05
5.12027e-05
5.13421e-05
5.14713e-05
5.16684e-05
5.18407e-05
5.19882e-05
5.21337e-05
5.22768e-05
5.23945e-05
5.24868e-05
5.25539e-05
5.25957e-05
5.26124e-05
5.26042e-05
5.25711e-05
5.25134e-05
5.24311e-05
5.23584e-05
5.22821e-05
5.21935e-05
5.21241e-05
5.20303e-05
5.19123e-05
5.17704e-05
5.16048e-05
5.14157e-05
5.12036e-05
5.09962e-05
5.0789e-05
5.06059e-05
5.04001e-05
5.01719e-05
4.99216e-05
4.96495e-05
4.93561e-05
4.90416e-05
4.8734e-05
4.8437e-05
4.81195e-05
4.7782e-05
4.74625e-05
4.71276e-05
4.67735e-05
4.64005e-05
4.60219e-05
4.56752e-05
4.53102e-05
4.49275e-05
4.45274e-05
4.41103e-05
4.36766e-05
4.32898e-05
4.28886e-05
4.24714e-05
4.20386e-05
4.15907e-05
4.1128e-05
4.06509e-05
4.02051e-05
3.97564e-05
3.9294e-05
3.88183e-05
3.83297e-05
3.78285e-05
3.7493e-05
3.7195e-05
3.68831e-05
3.65578e-05
3.62191e-05
3.58674e-05
3.5503e-05
3.51486e-05
3.48146e-05
3.44682e-05
3.41095e-05
3.37387e-05
3.33561e-05
3.2962e-05
3.25964e-05
3.2239e-05
3.18702e-05
3.15024e-05
3.11719e-05
3.08301e-05
3.04771e-05
3.0159e-05
2.98448e-05
2.95223e-05
2.93869e-05
2.92383e-05
2.90766e-05
2.89018e-05
2.87141e-05
2.85136e-05
2.83004e-05
2.80746e-05
2.78364e-05
2.7586e-05
2.73233e-05
2.70488e-05
2.67624e-05
2.64644e-05
2.61549e-05
2.5921e-05
2.57038e-05
2.54743e-05
2.52327e-05
2.49791e-05
2.47137e-05
2.44365e-05
2.41478e-05
2.38477e-05
2.36426e-05
2.34337e-05
2.32126e-05
2.29793e-05
2.27339e-05
2.24767e-05
2.22077e-05
2.19271e-05
2.16727e-05
2.14619e-05
2.12579e-05
2.10416e-05
2.0813e-05
2.05724e-05
2.03198e-05
2.00554e-05
1.99934e-05
1.99917e-05
1.99876e-05
1.99811e-05
1.99722e-05
1.9961e-05
2.00374e-05
2.01168e-05
2.02052e-05
2.03085e-05
2.04061e-05
2.04979e-05
2.05838e-05
2.06637e-05
2.07377e-05
2.08056e-05
2.08708e-05
2.10683e-05
2.1257e-05
2.14369e-05
2.16081e-05
2.17705e-05
2.19242e-05
2.20693e-05
2.22057e-05
2.23335e-05
2.24527e-05
2.26018e-05
2.27451e-05
2.28791e-05
2.30041e-05
2.31199e-05
2.32267e-05
2.33244e-05
2.34132e-05
2.3493e-05
2.35638e-05
2.36258e-05
2.36868e-05
2.37839e-05
2.38714e-05
2.39494e-05
2.4018e-05
2.4077e-05
2.41267e-05
2.41671e-05
2.41982e-05
2.422e-05
2.42326e-05
2.42685e-05
2.43258e-05
2.43732e-05
2.44107e-05
2.44384e-05
2.44564e-05
2.44647e-05
2.44634e-05
2.44525e-05
2.44322e-05
2.44422e-05
2.44746e-05
2.44967e-05
2.45089e-05
2.4511e-05
2.45033e-05
2.44857e-05
2.44584e-05
2.44215e-05
2.43751e-05
2.43193e-05
2.42592e-05
2.42834e-05
2.42975e-05
2.43015e-05
2.42956e-05
2.42797e-05
2.42541e-05
2.42188e-05
2.4174e-05
2.41198e-05
2.40563e-05
2.39837e-05
2.39225e-05
2.38602e-05
2.38453e-05
2.38223e-05
2.379e-05
2.37486e-05
2.36982e-05
2.36388e-05
2.35708e-05
2.34942e-05
2.34715e-05
2.34673e-05
2.34541e-05
2.34321e-05
2.34014e-05
2.33622e-05
2.33145e-05
2.32585e-05
2.32456e-05
2.32657e-05
2.32773e-05
2.32804e-05
2.3275e-05
2.32615e-05
2.32397e-05
2.32099e-05
2.3208e-05
2.32563e-05
2.32963e-05
2.3328e-05
2.33516e-05
2.34644e-05
2.35741e-05
2.3675e-05
2.37671e-05
2.38505e-05
2.39252e-05
2.39914e-05
2.40688e-05
2.41554e-05
2.42651e-05
2.43662e-05
2.44587e-05
2.45427e-05
2.46182e-05
2.48388e-05
2.51301e-05
2.54134e-05
2.56886e-05
2.59556e-05
2.62144e-05
2.64648e-05
2.67068e-05
2.69404e-05
2.71655e-05
2.7382e-05
2.75899e-05
2.77891e-05
2.79797e-05
2.81615e-05
2.83345e-05
2.84987e-05
2.86541e-05
2.88006e-05
2.89383e-05
2.90671e-05
2.9187e-05
2.9298e-05
2.94001e-05
2.94933e-05
2.95775e-05
2.96529e-05
2.97194e-05
2.97771e-05
2.98653e-05
2.99838e-05
3.00936e-05
3.01947e-05
3.02871e-05
3.03708e-05
3.04457e-05
3.0512e-05
3.05695e-05
3.06184e-05
3.07012e-05
3.08072e-05
3.09048e-05
3.0994e-05
3.10748e-05
3.11471e-05
3.1211e-05
3.12665e-05
3.13135e-05
3.13521e-05
3.14383e-05
3.15317e-05
3.1617e-05
3.16942e-05
3.17633e-05
3.18243e-05
3.18772e-05
3.1922e-05
3.19672e-05
3.20295e-05
3.21035e-05
3.21785e-05
3.22456e-05
3.23048e-05
3.23603e-05
3.24103e-05
3.24803e-05
3.25458e-05
3.26035e-05
3.26673e-05
3.27367e-05
3.27984e-05
3.28524e-05
3.28988e-05
3.29376e-05
3.29702e-05
3.30218e-05
3.30736e-05
3.3118e-05
3.31682e-05
3.32227e-05
3.32698e-05
3.33095e-05
3.33419e-05
3.33668e-05
3.33843e-05
3.33989e-05
3.34359e-05
3.34656e-05
3.3488e-05
3.35032e-05
3.35112e-05
3.3512e-05
3.35055e-05
3.34918e-05
3.34937e-05
3.35001e-05
3.34995e-05
3.34919e-05
3.34772e-05
3.34557e-05
3.34271e-05
3.33917e-05
3.33493e-05
3.33e-05
3.32438e-05
3.31808e-05
3.3111e-05
3.30344e-05
3.29511e-05
3.28611e-05
3.27644e-05
3.26611e-05
3.25512e-05
3.24348e-05
3.23119e-05
3.21827e-05
3.20471e-05
3.19051e-05
3.1757e-05
3.16027e-05
3.14423e-05
3.12759e-05
3.11035e-05
3.09252e-05
3.07411e-05
3.05513e-05
3.03558e-05
3.01548e-05
2.99586e-05
2.9897e-05
2.98332e-05
2.97757e-05
2.97128e-05
2.96446e-05
2.95712e-05
2.94924e-05
2.94085e-05
2.93194e-05
2.92251e-05
2.91257e-05
2.90212e-05
2.89117e-05
2.87971e-05
2.86776e-05
2.85533e-05
2.8424e-05
2.82899e-05
2.81511e-05
2.80076e-05
2.78594e-05
2.77067e-05
2.75494e-05
2.73876e-05
2.72215e-05
2.7051e-05
2.68762e-05
2.66972e-05
2.6514e-05
2.63268e-05
2.61356e-05
2.59404e-05
2.57414e-05
2.55731e-05
2.54107e-05
2.52443e-05
2.50903e-05
2.49374e-05
2.47805e-05
2.46198e-05
2.44553e-05
2.4287e-05
2.41151e-05
2.39396e-05
2.37604e-05
2.35778e-05
2.34113e-05
2.32441e-05
2.30733e-05
2.28992e-05
2.27216e-05
2.25408e-05
2.23567e-05
2.21693e-05
2.19813e-05
2.1811e-05
2.16376e-05
2.1461e-05
2.12813e-05
2.10986e-05
2.09129e-05
2.07242e-05
2.05327e-05
2.03555e-05
2.01821e-05
2.00059e-05
1.98268e-05
1.9645e-05
1.94604e-05
1.92731e-05
1.90907e-05
1.89307e-05
1.87685e-05
1.86042e-05
1.84378e-05
1.82695e-05
1.81033e-05
1.79518e-05
1.77984e-05
1.76432e-05
1.74862e-05
1.73275e-05
1.71671e-05
1.7005e-05
1.68414e-05
1.66762e-05
1.65096e-05
1.6352e-05
1.62024e-05
1.60514e-05
1.58991e-05
1.57455e-05
1.55906e-05
1.54345e-05
1.52772e-05
1.51189e-05
1.49595e-05
1.47991e-05
1.46378e-05
1.44756e-05
1.43125e-05
1.42513e-05
1.43449e-05
1.44358e-05
1.45293e-05
1.47185e-05
1.49056e-05
1.50917e-05
1.52849e-05
1.54757e-05
1.56641e-05
1.58499e-05
1.6033e-05
1.62134e-05
1.63909e-05
1.65654e-05
1.67403e-05
1.69189e-05
1.70942e-05
1.72663e-05
1.7435e-05
1.76001e-05
1.77617e-05
1.79197e-05
1.80739e-05
1.82242e-05
1.83779e-05
1.85302e-05
1.86785e-05
1.88227e-05
1.89626e-05
1.90983e-05
1.92295e-05
1.93564e-05
1.94787e-05
1.95974e-05
1.97205e-05
1.9839e-05
1.99526e-05
2.00615e-05
2.01655e-05
2.02726e-05
2.04178e-05
2.05579e-05
2.06928e-05
2.08227e-05
2.09473e-05
2.10666e-05
2.11808e-05
2.12896e-05
2.13931e-05
2.14912e-05
2.15839e-05
2.16713e-05
2.17532e-05
2.18297e-05
2.19006e-05
2.19661e-05
2.20261e-05
2.20806e-05
2.21296e-05
2.2173e-05
2.22109e-05
2.22433e-05
2.22701e-05
2.22913e-05
2.23071e-05
2.23172e-05
2.23218e-05
2.23209e-05
2.23145e-05
2.23025e-05
2.22851e-05
2.22621e-05
2.22337e-05
2.21998e-05
2.21604e-05
2.21156e-05
2.20655e-05
2.20099e-05
2.1949e-05
2.18828e-05
2.18113e-05
2.17345e-05
2.16525e-05
2.15653e-05
2.14729e-05
2.13753e-05
2.12727e-05
2.11651e-05
2.10524e-05
2.09347e-05
2.08122e-05
2.06847e-05
2.05524e-05
2.04154e-05
2.02736e-05
2.01271e-05
1.9976e-05
1.98203e-05
1.96601e-05
1.94955e-05
1.93264e-05
1.9153e-05
1.89753e-05
1.87934e-05
1.86074e-05
1.84292e-05
1.82605e-05
1.80877e-05
1.79108e-05
1.77298e-05
1.75448e-05
1.7356e-05
1.71633e-05
1.69668e-05
1.67666e-05
1.65628e-05
1.63555e-05
1.61447e-05
1.59305e-05
1.5713e-05
1.54922e-05
1.52683e-05
1.50413e-05
1.48113e-05
1.45784e-05
1.43426e-05
1.41041e-05
1.3863e-05
1.36192e-05
1.3373e-05
1.31243e-05
1.28733e-05
1.26201e-05
1.24359e-05
1.24472e-05
1.2456e-05
1.24624e-05
1.24664e-05
1.24679e-05
1.2467e-05
1.24637e-05
1.24581e-05
1.24501e-05
1.24398e-05
1.24271e-05
1.24122e-05
1.2395e-05
1.23755e-05
1.23538e-05
1.23299e-05
1.23038e-05
1.22754e-05
1.2245e-05
1.22124e-05
1.21776e-05
1.21408e-05
1.21019e-05
1.20609e-05
1.20179e-05
1.19728e-05
1.19258e-05
1.18767e-05
1.18257e-05
1.17728e-05
1.17179e-05
1.16612e-05
1.16025e-05
1.1542e-05
1.14796e-05
1.14154e-05
1.13494e-05
1.12816e-05
1.12121e-05
1.11408e-05
1.10677e-05
1.0993e-05
1.09165e-05
1.08384e-05
1.07586e-05
1.07377e-05
1.07907e-05
1.08425e-05
1.0893e-05
1.09422e-05
1.09901e-05
1.10367e-05
1.10819e-05
1.11257e-05
1.11682e-05
1.12093e-05
1.1249e-05
1.12873e-05
1.13241e-05
1.13594e-05
1.13933e-05
1.14256e-05
1.14565e-05
1.14858e-05
1.15136e-05
1.15398e-05
1.15645e-05
1.15876e-05
1.1609e-05
1.16289e-05
1.17117e-05
1.18825e-05
1.20487e-05
1.22103e-05
1.24386e-05
1.26901e-05
1.29372e-05
1.31797e-05
1.34175e-05
1.36506e-05
1.38788e-05
1.41021e-05
1.43203e-05
1.45335e-05
1.47416e-05
1.49444e-05
1.51419e-05
1.5334e-05
1.55207e-05
1.57018e-05
1.58774e-05
1.60474e-05
1.62116e-05
1.63701e-05
1.65228e-05
1.66697e-05
1.68106e-05
1.69456e-05
1.70746e-05
1.71976e-05
1.73145e-05
1.74252e-05
1.75298e-05
1.76283e-05
1.77317e-05
1.78423e-05
1.79465e-05
1.80676e-05
1.81849e-05
1.8296e-05
1.84007e-05
1.85258e-05
1.86453e-05
1.87585e-05
1.88653e-05
1.89657e-05
1.90656e-05
1.91829e-05
1.92938e-05
1.93983e-05
1.94963e-05
1.95877e-05
1.96725e-05
1.97507e-05
1.98462e-05
1.99439e-05
2.00349e-05
2.01193e-05
2.0197e-05
2.0268e-05
2.03321e-05
2.03893e-05
2.04396e-05
2.05132e-05
2.05859e-05
2.06517e-05
2.07107e-05
2.07627e-05
2.08077e-05
2.08458e-05
2.08768e-05
2.09007e-05
2.09174e-05
2.09458e-05
2.09882e-05
2.10235e-05
2.10519e-05
2.10731e-05
2.10873e-05
2.10943e-05
2.10941e-05
2.10868e-05
2.10722e-05
2.10504e-05
2.10214e-05
2.09851e-05
2.09415e-05
2.08908e-05
2.08327e-05
2.07674e-05
2.06949e-05
2.06152e-05
2.05283e-05
2.04342e-05
2.0333e-05
2.02246e-05
2.01092e-05
1.99867e-05
1.98572e-05
1.97207e-05
1.95774e-05
1.94272e-05
1.92702e-05
1.91064e-05
1.8936e-05
1.87589e-05
1.85753e-05
1.83853e-05
1.81888e-05
1.79861e-05
1.77771e-05
1.75678e-05
1.74936e-05
1.74185e-05
1.73483e-05
1.72722e-05
1.71905e-05
1.71077e-05
1.70276e-05
1.69419e-05
1.68507e-05
1.67634e-05
1.66893e-05
1.66098e-05
1.65248e-05
1.64345e-05
1.63458e-05
1.62577e-05
1.61643e-05
1.60657e-05
1.59618e-05
1.58528e-05
1.57439e-05
1.56421e-05
1.55458e-05
1.54462e-05
1.53526e-05
1.5254e-05
1.51506e-05
1.50424e-05
1.49294e-05
1.48117e-05
1.46933e-05
1.4579e-05
1.44601e-05
1.43367e-05
1.42264e-05
1.41209e-05
1.40109e-05
1.39084e-05
1.38319e-05
1.37523e-05
1.36698e-05
1.35844e-05
1.34961e-05
1.3405e-05
1.33144e-05
1.32256e-05
1.31341e-05
1.30401e-05
1.29435e-05
1.28444e-05
1.27428e-05
1.26389e-05
1.25326e-05
1.2424e-05
1.23133e-05
1.22004e-05
1.20854e-05
1.19683e-05
1.18493e-05
1.17284e-05
1.16056e-05
1.1481e-05
1.13548e-05
1.12269e-05
1.10974e-05
1.09664e-05
1.0834e-05
1.07002e-05
1.05651e-05
1.05095e-05
1.06999e-05
1.08855e-05
1.10664e-05
1.12424e-05
1.14134e-05
1.15796e-05
1.17408e-05
1.1897e-05
1.20599e-05
1.22323e-05
1.23996e-05
1.25617e-05
1.27187e-05
1.28704e-05
1.30169e-05
1.31581e-05
1.3294e-05
1.34246e-05
1.35498e-05
1.36697e-05
1.37842e-05
1.38933e-05
1.40096e-05
1.41361e-05
1.4257e-05
1.43725e-05
1.44825e-05
1.45871e-05
1.46861e-05
1.47796e-05
1.48676e-05
1.49502e-05
1.50272e-05
1.50987e-05
1.51648e-05
1.52254e-05
1.53065e-05
1.5386e-05
1.54599e-05
1.55283e-05
1.55913e-05
1.56488e-05
1.57008e-05
1.57474e-05
1.57886e-05
1.58244e-05
1.58549e-05
1.588e-05
1.58998e-05
1.59354e-05
1.59759e-05
1.60111e-05
1.6041e-05
1.60657e-05
1.60851e-05
1.60994e-05
1.61086e-05
1.61126e-05
1.61213e-05
1.61307e-05
1.61351e-05
1.61344e-05
1.61289e-05
1.61184e-05
1.6103e-05
1.60966e-05
1.60888e-05
1.60762e-05
1.60588e-05
1.60367e-05
1.60101e-05
1.59788e-05
1.5943e-05
1.59027e-05
1.5858e-05
1.5809e-05
1.57556e-05
1.56979e-05
1.56361e-05
1.55701e-05
1.55001e-05
1.54261e-05
1.53481e-05
1.52662e-05
1.51805e-05
1.50911e-05
1.49979e-05
1.49012e-05
1.48009e-05
1.46971e-05
1.45899e-05
1.44794e-05
1.43656e-05
1.42486e-05
1.41285e-05
1.40053e-05
1.38792e-05
1.37501e-05
1.36182e-05
1.34836e-05
1.33956e-05
1.33354e-05
1.32726e-05
1.32208e-05
1.31663e-05
1.31093e-05
1.30629e-05
1.30158e-05
1.29662e-05
1.29144e-05
1.28602e-05
1.28038e-05
1.27453e-05
1.26846e-05
1.26218e-05
1.25571e-05
1.24903e-05
1.24217e-05
1.23512e-05
1.22788e-05
1.22048e-05
1.2129e-05
1.20516e-05
1.19726e-05
1.1892e-05
1.181e-05
1.17265e-05
1.16417e-05
1.15577e-05
1.14927e-05
1.14261e-05
1.13582e-05
1.12889e-05
1.12183e-05
1.11464e-05
1.10774e-05
1.1012e-05
1.10757e-05
1.11547e-05
1.12309e-05
1.13044e-05
1.13749e-05
1.14427e-05
1.15075e-05
1.15693e-05
1.16283e-05
1.16977e-05
1.17663e-05
1.1842e-05
1.19147e-05
1.19843e-05
1.20507e-05
1.21139e-05
1.21738e-05
1.22304e-05
1.22837e-05
1.23337e-05
1.23802e-05
1.24233e-05
1.24629e-05
1.25084e-05
1.2553e-05
1.25939e-05
1.2631e-05
1.26643e-05
1.26939e-05
1.27196e-05
1.27414e-05
1.27593e-05
1.27734e-05
1.27835e-05
1.27896e-05
1.27918e-05
1.279e-05
1.27842e-05
1.27744e-05
1.27605e-05
1.27426e-05
1.27319e-05
1.27171e-05
1.26981e-05
1.26749e-05
1.26475e-05
1.26159e-05
1.25801e-05
1.25401e-05
1.2496e-05
1.24495e-05
1.2532e-05
1.26111e-05
1.26871e-05
1.27598e-05
1.28292e-05
1.28953e-05
1.29582e-05
1.30176e-05
1.30738e-05
1.31266e-05
1.31761e-05
1.32222e-05
1.32649e-05
1.33043e-05
1.33402e-05
1.33728e-05
1.34021e-05
1.34279e-05
1.34504e-05
1.34695e-05
1.34852e-05
1.34976e-05
1.35066e-05
1.35123e-05
1.35146e-05
1.35136e-05
1.35094e-05
1.35018e-05
1.34909e-05
1.34768e-05
1.34594e-05
1.34388e-05
1.3415e-05
1.3388e-05
1.33579e-05
1.33246e-05
1.32882e-05
1.32487e-05
1.3209e-05
1.31724e-05
1.31327e-05
1.30901e-05
1.30444e-05
1.29958e-05
1.29443e-05
1.28899e-05
1.28326e-05
1.27725e-05
1.27095e-05
1.26513e-05
1.25953e-05
1.25366e-05
1.24751e-05
1.2411e-05
1.23927e-05
1.2387e-05
1.23785e-05
1.23673e-05
1.23534e-05
1.23368e-05
1.23175e-05
1.22955e-05
1.22709e-05
1.22436e-05
1.22159e-05
1.21885e-05
1.21584e-05
1.21258e-05
1.20907e-05
1.20529e-05
1.20127e-05
1.197e-05
1.19247e-05
1.18771e-05
1.1827e-05
1.17745e-05
1.17197e-05
1.16625e-05
1.1603e-05
1.15412e-05
1.14772e-05
1.14109e-05
1.13478e-05
1.12828e-05
1.12156e-05
1.11463e-05
1.10749e-05
1.10015e-05
1.0926e-05
1.08485e-05
1.0769e-05
1.06877e-05
1.06044e-05
1.05193e-05
1.04323e-05
1.03436e-05
1.02531e-05
1.01609e-05
1.0067e-05
9.97152e-06
9.90901e-06
9.90605e-06
9.90139e-06
9.89503e-06
9.88698e-06
9.87725e-06
9.86584e-06
9.85277e-06
9.83804e-06
9.89012e-06
1.00288e-05
1.01644e-05
1.0297e-05
1.04265e-05
1.05528e-05
1.0676e-05
1.0796e-05
1.09128e-05
1.10262e-05
1.11364e-05
1.12432e-05
1.1347e-05
1.14479e-05
1.15454e-05
1.16394e-05
1.17299e-05
1.18169e-05
1.19002e-05
1.198e-05
1.20562e-05
1.21287e-05
1.21976e-05
1.22629e-05
1.23245e-05
1.23823e-05
1.24365e-05
1.2487e-05
1.25338e-05
1.25768e-05
1.26161e-05
1.26516e-05
1.26835e-05
1.27115e-05
1.27359e-05
1.27564e-05
1.27733e-05
1.27864e-05
1.27957e-05
1.28013e-05
1.28032e-05
1.28014e-05
1.27958e-05
1.27866e-05
1.27737e-05
1.2757e-05
1.27368e-05
1.27128e-05
1.26853e-05
1.26541e-05
1.26193e-05
1.25809e-05
1.2539e-05
1.24936e-05
1.24446e-05
1.23921e-05
1.23362e-05
1.22778e-05
1.22168e-05
1.21524e-05
1.20847e-05
1.20136e-05
1.19392e-05
1.18616e-05
1.17808e-05
1.16968e-05
1.16096e-05
1.15193e-05
1.1426e-05
1.13296e-05
1.12301e-05
1.11278e-05
1.10225e-05
1.09143e-05
1.08033e-05
1.06895e-05
1.0573e-05
1.04537e-05
1.03318e-05
1.02073e-05
1.00803e-05
9.95075e-06
9.81875e-06
9.68435e-06
9.5476e-06
9.40855e-06
9.26725e-06
9.12377e-06
8.97816e-06
8.83047e-06
8.68076e-06
8.52909e-06
8.37551e-06
8.22009e-06
8.06289e-06
7.90396e-06
7.74337e-06
7.58117e-06
7.42796e-06
7.27573e-06
7.12205e-06
6.96698e-06
6.81059e-06
6.67828e-06
6.66517e-06
6.65131e-06
6.6367e-06
6.64017e-06
6.64981e-06
6.65831e-06
6.70135e-06
6.74199e-06
6.78019e-06
6.81594e-06
6.84922e-06
6.87999e-06
6.90823e-06
6.93393e-06
6.95707e-06
6.97762e-06
6.99556e-06
7.06175e-06
7.15652e-06
7.25049e-06
7.34363e-06
7.4359e-06
7.52726e-06
7.6177e-06
7.70717e-06
7.79564e-06
7.88309e-06
7.96948e-06
8.05478e-06
8.13896e-06
8.222e-06
8.30386e-06
8.38451e-06
8.46392e-06
8.54207e-06
8.61893e-06
8.69447e-06
8.76866e-06
8.84148e-06
8.9129e-06
8.9829e-06
9.05144e-06
9.11851e-06
9.18407e-06
9.24812e-06
9.31061e-06
9.37154e-06
9.43087e-06
9.4886e-06
9.54468e-06
9.60885e-06
9.68956e-06
9.76804e-06
9.84426e-06
9.9182e-06
9.98981e-06
1.00591e-05
1.0126e-05
1.01905e-05
1.02525e-05
1.03121e-05
1.03693e-05
1.04239e-05
1.0476e-05
1.05256e-05
1.05726e-05
1.0617e-05
1.06588e-05
1.06981e-05
1.07346e-05
1.07686e-05
1.07999e-05
1.08285e-05
1.08545e-05
1.08777e-05
1.08983e-05
1.09162e-05
1.09314e-05
1.09438e-05
1.09536e-05
1.09606e-05
1.0965e-05
1.09666e-05
1.09656e-05
1.09618e-05
1.09553e-05
1.09461e-05
1.09343e-05
1.09198e-05
1.09026e-05
1.08827e-05
1.08602e-05
1.08351e-05
1.08073e-05
1.0777e-05
1.0744e-05
1.07085e-05
1.06704e-05
1.06298e-05
1.05867e-05
1.05411e-05
1.0493e-05
1.04425e-05
1.03895e-05
1.03342e-05
1.02765e-05
1.02164e-05
1.01593e-05
1.01163e-05
1.00715e-05
1.0025e-05
9.97682e-06
9.92689e-06
9.8789e-06
9.82955e-06
9.77855e-06
9.7259e-06
9.67164e-06
9.61578e-06
9.55835e-06
9.49936e-06
9.43884e-06
9.37681e-06
9.31329e-06
9.2483e-06
9.18187e-06
9.11401e-06
9.04476e-06
8.97414e-06
8.90217e-06
8.82887e-06
8.75427e-06
8.68172e-06
8.60947e-06
8.53598e-06
8.46129e-06
8.38541e-06
8.30838e-06
8.23021e-06
8.15094e-06
8.07058e-06
7.98917e-06
7.90673e-06
7.82329e-06
7.74061e-06
7.66102e-06
7.5805e-06
7.49905e-06
7.41672e-06
7.33353e-06
7.37583e-06
7.42721e-06
7.47625e-06
7.52294e-06
7.56726e-06
7.60922e-06
7.64881e-06
7.68601e-06
7.72083e-06
7.75327e-06
7.78331e-06
7.81097e-06
7.85383e-06
7.92133e-06
7.98626e-06
8.0486e-06
8.10833e-06
8.16544e-06
8.21991e-06
8.27174e-06
8.3209e-06
8.36738e-06
8.41119e-06
8.4523e-06
8.49071e-06
8.52641e-06
8.55941e-06
8.58969e-06
8.61725e-06
8.6421e-06
8.66423e-06
8.68364e-06
8.70034e-06
8.71433e-06
8.72561e-06
8.73419e-06
8.74009e-06
8.7433e-06
8.74383e-06
8.74171e-06
8.73693e-06
8.72952e-06
8.71948e-06
8.70684e-06
8.69161e-06
8.67381e-06
8.65345e-06
8.63056e-06
8.60517e-06
8.57728e-06
8.54693e-06
8.51414e-06
8.47893e-06
8.44134e-06
8.40139e-06
8.3591e-06
8.31452e-06
8.26766e-06
8.21857e-06
8.16726e-06
8.11379e-06
8.06042e-06
8.00536e-06
7.9482e-06
7.88898e-06
7.82775e-06
7.76453e-06
7.69936e-06
7.657e-06
7.61591e-06
7.57683e-06
7.5358e-06
7.49285e-06
7.44799e-06
7.40126e-06
7.35269e-06
7.30289e-06
7.25276e-06
7.20313e-06
7.15339e-06
7.10195e-06
7.04884e-06
6.99408e-06
6.93771e-06
6.87977e-06
6.82028e-06
6.75928e-06
6.69681e-06
6.63393e-06
6.57107e-06
6.50685e-06
6.4413e-06
6.37445e-06
6.30634e-06
6.23701e-06
6.16649e-06
6.09482e-06
6.02204e-06
6.06234e-06
6.10085e-06
6.13755e-06
6.17246e-06
6.20556e-06
6.23687e-06
6.26638e-06
6.2941e-06
6.32004e-06
6.34425e-06
6.37123e-06
6.3965e-06
6.42006e-06
6.44192e-06
6.46208e-06
6.48056e-06
6.49737e-06
6.5125e-06
6.52597e-06
6.53778e-06
6.54796e-06
6.5565e-06
6.56341e-06
6.56872e-06
6.57242e-06
6.57453e-06
6.57507e-06
6.57405e-06
6.57147e-06
6.56735e-06
6.56172e-06
6.55457e-06
6.54593e-06
6.53581e-06
6.52423e-06
6.5112e-06
6.49885e-06
6.49226e-06
6.48438e-06
6.47521e-06
6.46479e-06
6.45312e-06
6.44021e-06
6.4278e-06
6.42049e-06
6.41207e-06
6.40258e-06
6.392e-06
6.38038e-06
6.36916e-06
6.36496e-06
6.40706e-06
6.44757e-06
6.48648e-06
6.52375e-06
6.55935e-06
6.59325e-06
6.62543e-06
6.65585e-06
6.68449e-06
6.71132e-06
6.74515e-06
6.78625e-06
6.82542e-06
6.86263e-06
6.89785e-06
6.93106e-06
6.96222e-06
6.9913e-06
7.01829e-06
7.04315e-06
7.06586e-06
7.0864e-06
7.10475e-06
7.12087e-06
7.14657e-06
7.17612e-06
7.20333e-06
7.22817e-06
7.25062e-06
7.27065e-06
7.28825e-06
7.30339e-06
7.31605e-06
7.32621e-06
7.33387e-06
7.34012e-06
7.34868e-06
7.35468e-06
7.35812e-06
7.36217e-06
7.37116e-06
7.3775e-06
7.38119e-06
7.3822e-06
7.38061e-06
7.377e-06
7.37063e-06
7.36685e-06
7.36098e-06
7.35233e-06
7.3409e-06
7.32668e-06
7.30967e-06
7.28987e-06
7.27494e-06
7.26032e-06
7.24286e-06
7.22255e-06
7.1994e-06
7.17341e-06
7.14457e-06
7.11289e-06
7.07837e-06
7.0461e-06
7.01242e-06
6.97587e-06
6.93646e-06
6.89419e-06
6.84908e-06
6.80114e-06
6.75037e-06
6.69725e-06
6.64723e-06
6.59438e-06
6.53871e-06
6.48024e-06
6.41897e-06
6.35493e-06
6.29206e-06
6.2272e-06
6.1596e-06
6.08925e-06
6.02701e-06
5.97366e-06
5.91753e-06
5.85864e-06
5.79701e-06
5.73266e-06
5.66562e-06
5.59591e-06
5.52354e-06
5.44855e-06
5.37096e-06
5.29295e-06
5.21651e-06
5.13753e-06
5.06192e-06
5.05667e-06
5.0505e-06
5.04343e-06
5.03545e-06
5.02658e-06
5.01681e-06
5.00615e-06
4.99461e-06
4.98218e-06
4.96888e-06
4.95471e-06
4.93967e-06
4.92377e-06
4.90701e-06
4.88941e-06
4.87097e-06
4.8517e-06
4.83159e-06
4.81066e-06
4.78893e-06
4.76638e-06
4.74304e-06
4.72144e-06
4.70151e-06
4.6808e-06
4.6593e-06
4.63702e-06
4.61397e-06
4.59015e-06
4.56558e-06
4.54027e-06
4.51422e-06
4.48744e-06
4.45993e-06
4.43775e-06
4.41785e-06
4.39781e-06
4.37765e-06
4.35735e-06
4.33693e-06
4.31639e-06
4.29572e-06
4.27494e-06
4.25405e-06
4.24659e-06
4.34116e-06
4.43447e-06
4.52651e-06
4.61726e-06
4.70669e-06
4.80328e-06
4.90542e-06
5.00612e-06
5.10535e-06
5.20308e-06
5.29929e-06
5.39395e-06
5.48704e-06
5.57854e-06
5.66841e-06
5.75665e-06
5.84322e-06
5.93665e-06
6.03426e-06
6.13008e-06
6.22408e-06
6.31624e-06
6.40654e-06
6.49495e-06
6.58145e-06
6.66603e-06
6.74865e-06
6.82931e-06
6.90798e-06
6.98465e-06
7.06873e-06
7.15469e-06
7.23853e-06
7.32021e-06
7.39974e-06
7.47708e-06
7.55222e-06
7.62515e-06
7.69585e-06
7.7643e-06
7.8305e-06
7.89443e-06
7.95608e-06
8.01545e-06
8.07925e-06
8.14633e-06
8.21101e-06
8.27328e-06
8.33313e-06
8.39056e-06
8.44555e-06
8.4981e-06
8.5482e-06
8.59584e-06
8.64103e-06
8.68376e-06
8.72402e-06
8.76182e-06
8.79715e-06
8.83106e-06
8.87295e-06
8.91229e-06
8.94908e-06
8.98332e-06
9.01501e-06
9.04414e-06
9.07074e-06
9.09479e-06
9.1163e-06
9.13528e-06
9.15174e-06
9.16568e-06
9.17711e-06
9.18605e-06
9.19249e-06
9.2008e-06
9.21282e-06
9.22238e-06
9.2294e-06
9.23389e-06
9.23586e-06
9.23532e-06
9.23229e-06
9.22678e-06
9.2188e-06
9.20837e-06
9.19551e-06
9.18023e-06
9.16255e-06
9.1425e-06
9.12009e-06
9.10389e-06
9.09075e-06
9.07518e-06
9.05721e-06
9.03685e-06
9.01412e-06
8.98904e-06
8.96163e-06
8.9319e-06
8.8999e-06
8.86562e-06
8.8291e-06
8.79036e-06
8.74943e-06
8.70633e-06
8.66109e-06
8.61373e-06
8.56429e-06
8.51278e-06
8.45924e-06
8.4037e-06
8.34862e-06
8.29278e-06
8.24069e-06
8.1873e-06
8.13194e-06
8.07464e-06
8.01542e-06
7.95431e-06
7.89135e-06
7.82656e-06
7.75998e-06
7.69228e-06
7.62609e-06
7.55816e-06
7.48852e-06
7.4172e-06
7.34885e-06
7.28024e-06
7.20997e-06
7.13883e-06
7.06946e-06
6.99849e-06
6.92594e-06
6.85184e-06
6.77624e-06
6.70187e-06
6.637e-06
6.57907e-06
6.51954e-06
6.45845e-06
6.39581e-06
6.33164e-06
6.26598e-06
6.19886e-06
6.1373e-06
6.07474e-06
6.01073e-06
5.94528e-06
5.87844e-06
5.83642e-06
5.80092e-06
5.76403e-06
5.72576e-06
5.68613e-06
5.64514e-06
5.6028e-06
5.55912e-06
5.51412e-06
5.4678e-06
5.42019e-06
5.37128e-06
5.3211e-06
5.26966e-06
5.21698e-06
5.16306e-06
5.10793e-06
5.0516e-06
4.99409e-06
4.93541e-06
4.87558e-06
4.81461e-06
4.75595e-06
4.69913e-06
4.64121e-06
4.5822e-06
4.52213e-06
4.46102e-06
4.40637e-06
4.35469e-06
4.30202e-06
4.24837e-06
4.19714e-06
4.14645e-06
4.10033e-06
4.05401e-06
4.01077e-06
3.96719e-06
3.92275e-06
3.87745e-06
3.83307e-06
3.79655e-06
3.75924e-06
3.72114e-06
3.68335e-06
3.64785e-06
3.61162e-06
3.57655e-06
3.54292e-06
3.5086e-06
3.47358e-06
3.44256e-06
3.41198e-06
3.38073e-06
3.34882e-06
3.31626e-06
3.28304e-06
3.24918e-06
3.21942e-06
3.19031e-06
3.16059e-06
3.13026e-06
3.09931e-06
3.06791e-06
3.04193e-06
3.01536e-06
2.98822e-06
2.9605e-06
2.93222e-06
2.90336e-06
2.87394e-06
2.84486e-06
2.82053e-06
2.79567e-06
2.77027e-06
2.74436e-06
2.71791e-06
2.69095e-06
2.66347e-06
2.63547e-06
2.60696e-06
2.57795e-06
2.54844e-06
2.53136e-06
2.51685e-06
2.5019e-06
2.48684e-06
2.47393e-06
2.46059e-06
2.44683e-06
2.48285e-06
2.52019e-06
2.5577e-06
2.59917e-06
2.63968e-06
2.67854e-06
2.71575e-06
2.7513e-06
2.78519e-06
2.8174e-06
2.84795e-06
2.87682e-06
2.90402e-06
2.92955e-06
2.95339e-06
2.98226e-06
3.01268e-06
3.04147e-06
3.06864e-06
3.09416e-06
3.11806e-06
3.14031e-06
3.16093e-06
3.17992e-06
3.19727e-06
3.21298e-06
3.22706e-06
3.25002e-06
3.27137e-06
3.29109e-06
3.30959e-06
3.33231e-06
3.35554e-06
3.37718e-06
3.39723e-06
3.41569e-06
3.43254e-06
3.4478e-06
3.46147e-06
3.47353e-06
3.48401e-06
3.49335e-06
3.50522e-06
3.51551e-06
3.52424e-06
3.5314e-06
3.53699e-06
3.55403e-06
3.5819e-06
3.6083e-06
3.63321e-06
3.65664e-06
3.67858e-06
3.69902e-06
3.71796e-06
3.7354e-06
3.75132e-06
3.76574e-06
3.77863e-06
3.79001e-06
3.79987e-06
3.80821e-06
3.81503e-06
3.82033e-06
3.82412e-06
3.82638e-06
3.82713e-06
3.82636e-06
3.82409e-06
3.8203e-06
3.81502e-06
3.80823e-06
3.79995e-06
3.79019e-06
3.77894e-06
3.76622e-06
3.75203e-06
3.73639e-06
3.71929e-06
3.70076e-06
3.69841e-06
3.7095e-06
3.71965e-06
3.72887e-06
3.73716e-06
3.74453e-06
3.75098e-06
3.75653e-06
3.76116e-06
3.7649e-06
3.76774e-06
3.76969e-06
3.77077e-06
3.77096e-06
3.7703e-06
3.76877e-06
3.76639e-06
3.76317e-06
3.75911e-06
3.75617e-06
3.76708e-06
3.77706e-06
3.78613e-06
3.79427e-06
3.8015e-06
3.80782e-06
3.81323e-06
3.81774e-06
3.82135e-06
3.82407e-06
3.82591e-06
3.82686e-06
3.82706e-06
3.82755e-06
3.82718e-06
3.82594e-06
3.82385e-06
3.82092e-06
3.81714e-06
3.81254e-06
3.80711e-06
3.80086e-06
3.79381e-06
3.78596e-06
3.77732e-06
3.7679e-06
3.75772e-06
3.74677e-06
3.73507e-06
3.72263e-06
3.70946e-06
3.69558e-06
3.68098e-06
3.66569e-06
3.64971e-06
3.63306e-06
3.61574e-06
3.59778e-06
3.57917e-06
3.55994e-06
3.54009e-06
3.51964e-06
3.4986e-06
3.47699e-06
3.45481e-06
3.43207e-06
3.4088e-06
3.385e-06
3.3607e-06
3.33589e-06
3.31059e-06
3.28483e-06
3.2586e-06
3.23193e-06
3.20483e-06
3.17731e-06
3.14938e-06
3.12107e-06
3.09238e-06
3.0669e-06
3.04323e-06
3.01913e-06
2.99461e-06
2.9697e-06
2.94467e-06
2.92052e-06
2.89861e-06
2.92419e-06
2.94876e-06
2.97231e-06
2.99483e-06
3.01632e-06
3.03675e-06
3.05613e-06
3.07445e-06
3.09169e-06
3.10786e-06
3.12294e-06
3.13693e-06
3.14982e-06
3.16161e-06
3.17229e-06
3.18185e-06
3.1903e-06
3.19762e-06
3.20382e-06
3.20914e-06
3.22387e-06
3.23745e-06
3.24988e-06
3.26115e-06
3.27126e-06
3.2802e-06
3.28797e-06
3.29457e-06
3.3e-06
3.30424e-06
3.30732e-06
3.30921e-06
3.30992e-06
3.30946e-06
3.30781e-06
3.30499e-06
3.30099e-06
3.29581e-06
3.28946e-06
3.28517e-06
3.28668e-06
3.28698e-06
3.28608e-06
3.28398e-06
3.28069e-06
3.27621e-06
3.27053e-06
3.26366e-06
3.25561e-06
3.24638e-06
3.23597e-06
3.22438e-06
3.21163e-06
3.19771e-06
3.18264e-06
3.16642e-06
3.14906e-06
3.13056e-06
3.11714e-06
3.10574e-06
3.09767e-06
3.10182e-06
3.10541e-06
3.10844e-06
3.11189e-06
3.11796e-06
3.12345e-06
3.12838e-06
3.13273e-06
3.13651e-06
3.13971e-06
3.14235e-06
3.14816e-06
3.15428e-06
3.16052e-06
3.16616e-06
3.17123e-06
3.17571e-06
3.18091e-06
3.18861e-06
3.1957e-06
3.20219e-06
3.20808e-06
3.21336e-06
3.21804e-06
3.2243e-06
3.23218e-06
3.23943e-06
3.24606e-06
3.25206e-06
3.25743e-06
3.26246e-06
3.27104e-06
3.27896e-06
3.28623e-06
3.29285e-06
3.29882e-06
3.30776e-06
3.31672e-06
3.32501e-06
3.33262e-06
3.33956e-06
3.34999e-06
3.35997e-06
3.37215e-06
3.38461e-06
3.39636e-06
3.40737e-06
3.41767e-06
3.42723e-06
3.43607e-06
3.44417e-06
3.45155e-06
3.4582e-06
3.46412e-06
3.47328e-06
3.4916e-06
3.50911e-06
3.52583e-06
3.54174e-06
3.55684e-06
3.57114e-06
3.58462e-06
3.59729e-06
3.60914e-06
3.62018e-06
3.63039e-06
3.64159e-06
3.6532e-06
3.66444e-06
3.67783e-06
3.69037e-06
3.70205e-06
3.72341e-06
3.74905e-06
3.77381e-06
3.79767e-06
3.82063e-06
3.84268e-06
3.86383e-06
3.88405e-06
3.90336e-06
3.92175e-06
3.93921e-06
3.95574e-06
3.97134e-06
3.986e-06
3.99973e-06
4.01253e-06
4.02438e-06
4.0353e-06
4.04527e-06
4.05431e-06
4.0624e-06
4.06956e-06
4.07577e-06
4.08105e-06
4.09302e-06
4.10399e-06
4.11394e-06
4.12289e-06
4.13082e-06
4.13774e-06
4.14365e-06
4.14855e-06
4.15244e-06
4.15533e-06
4.15721e-06
4.16329e-06
4.1705e-06
4.17663e-06
4.18168e-06
4.18567e-06
4.18858e-06
4.19042e-06
4.19119e-06
4.19089e-06
4.18954e-06
4.18712e-06
4.18534e-06
4.18791e-06
4.18935e-06
4.18967e-06
4.18886e-06
4.18694e-06
4.1839e-06
4.17975e-06
4.1745e-06
4.16813e-06
4.16068e-06
4.15216e-06
4.14939e-06
4.14546e-06
4.14038e-06
4.13414e-06
4.12676e-06
4.11824e-06
4.10857e-06
4.09778e-06
4.08586e-06
4.07283e-06
4.05982e-06
4.05122e-06
4.04144e-06
4.0305e-06
4.01839e-06
4.00513e-06
3.99072e-06
3.99305e-06
3.99748e-06
4.00056e-06
4.00229e-06
4.00267e-06
4.0017e-06
3.99938e-06
3.99571e-06
3.9907e-06
3.98434e-06
3.97665e-06
3.96763e-06
3.95727e-06
3.94559e-06
3.9326e-06
3.91829e-06
3.90268e-06
3.88577e-06
3.86757e-06
3.84809e-06
3.82734e-06
3.80532e-06
3.78205e-06
3.76139e-06
3.73961e-06
3.71659e-06
3.69232e-06
3.66683e-06
3.64013e-06
3.61222e-06
3.58312e-06
3.55284e-06
3.5214e-06
3.4888e-06
3.45507e-06
3.42021e-06
3.38425e-06
3.34719e-06
3.30906e-06
3.26986e-06
3.22962e-06
3.18836e-06
3.14802e-06
3.11084e-06
3.07261e-06
3.03333e-06
2.99303e-06
2.95172e-06
2.90943e-06
2.86879e-06
2.83028e-06
2.79076e-06
2.75025e-06
2.70877e-06
2.66671e-06
2.62883e-06
2.58997e-06
2.55015e-06
2.50937e-06
2.47105e-06
2.43373e-06
2.39545e-06
2.35625e-06
2.32015e-06
2.28427e-06
2.24747e-06
2.21085e-06
2.17731e-06
2.14286e-06
2.10753e-06
2.07132e-06
2.03424e-06
2.01844e-06
2.01911e-06
2.01964e-06
2.02004e-06
2.02029e-06
2.02041e-06
2.02038e-06
2.02022e-06
2.01992e-06
2.01948e-06
2.01889e-06
2.01817e-06
2.0173e-06
2.01629e-06
2.01514e-06
2.01385e-06
2.01242e-06
2.01084e-06
2.00913e-06
2.00726e-06
2.00526e-06
2.00311e-06
2.00082e-06
1.99948e-06
1.9986e-06
1.99759e-06
1.99645e-06
1.99519e-06
1.99379e-06
1.99755e-06
2.00911e-06
2.02036e-06
2.0313e-06
2.04191e-06
2.05221e-06
2.06217e-06
2.07181e-06
2.0811e-06
2.09006e-06
2.09866e-06
2.10692e-06
2.11483e-06
2.12238e-06
2.12956e-06
2.13638e-06
2.14284e-06
2.14892e-06
2.15462e-06
2.15995e-06
2.16489e-06
2.16945e-06
2.17363e-06
2.17741e-06
2.1808e-06
2.18379e-06
2.18639e-06
2.18859e-06
2.19038e-06
2.19178e-06
2.19276e-06
2.19334e-06
2.19351e-06
2.19327e-06
2.19261e-06
2.19155e-06
2.22227e-06
2.25349e-06
2.28365e-06
2.31273e-06
2.34073e-06
2.36764e-06
2.39346e-06
2.41816e-06
2.44494e-06
2.47282e-06
2.49961e-06
2.52531e-06
2.5499e-06
2.57338e-06
2.59575e-06
2.62121e-06
2.64663e-06
2.67095e-06
2.69417e-06
2.71628e-06
2.73728e-06
2.75716e-06
2.77684e-06
2.79973e-06
2.82153e-06
2.84222e-06
2.86182e-06
2.88031e-06
2.89769e-06
2.91395e-06
2.9291e-06
2.94814e-06
2.96634e-06
2.98345e-06
2.99946e-06
3.01438e-06
3.0282e-06
3.04091e-06
3.05252e-06
3.06481e-06
3.07949e-06
3.0931e-06
3.10563e-06
3.11709e-06
3.12746e-06
3.13676e-06
3.14497e-06
3.1521e-06
3.15998e-06
3.17025e-06
3.17947e-06
3.18764e-06
3.19476e-06
3.20083e-06
3.20585e-06
3.20982e-06
3.21273e-06
3.21461e-06
3.21996e-06
3.22514e-06
3.2293e-06
3.23244e-06
3.23458e-06
3.2357e-06
3.23581e-06
3.23491e-06
3.23301e-06
3.23011e-06
3.22621e-06
3.22131e-06
3.21543e-06
3.20857e-06
3.20073e-06
3.19191e-06
3.18213e-06
3.17139e-06
3.1597e-06
3.14706e-06
3.13349e-06
3.11898e-06
3.10355e-06
3.08721e-06
3.06996e-06
3.05182e-06
3.03279e-06
3.01288e-06
2.99211e-06
2.97048e-06
2.94801e-06
2.92471e-06
2.90058e-06
2.87564e-06
2.84991e-06
2.82339e-06
2.79609e-06
2.76803e-06
2.73923e-06
2.70969e-06
2.68294e-06
2.67124e-06
2.65886e-06
2.64578e-06
2.6324e-06
2.62215e-06
2.61124e-06
2.59966e-06
2.58744e-06
2.57457e-06
2.56106e-06
2.54693e-06
2.53216e-06
2.51678e-06
2.50203e-06
2.48941e-06
2.4762e-06
2.4624e-06
2.44801e-06
2.43305e-06
2.41752e-06
2.40143e-06
2.38478e-06
2.36803e-06
2.35167e-06
2.33709e-06
2.32212e-06
2.30663e-06
2.29063e-06
2.27412e-06
2.25712e-06
2.23963e-06
2.22247e-06
2.20528e-06
2.18764e-06
2.17089e-06
2.15476e-06
2.13817e-06
2.12114e-06
2.10368e-06
2.08579e-06
2.06748e-06
2.04877e-06
2.02965e-06
2.01015e-06
1.99026e-06
1.97022e-06
1.95182e-06
1.93306e-06
1.91394e-06
1.90071e-06
1.91362e-06
1.92586e-06
1.93743e-06
1.94834e-06
1.95856e-06
1.9681e-06
1.97975e-06
1.99356e-06
2.00669e-06
2.01911e-06
2.03084e-06
2.04185e-06
2.05215e-06
2.06174e-06
2.07061e-06
2.08528e-06
2.10206e-06
2.11792e-06
2.13286e-06
2.14689e-06
2.15998e-06
2.17214e-06
2.18337e-06
2.19366e-06
2.20301e-06
2.21142e-06
2.21889e-06
2.22541e-06
2.23098e-06
2.2356e-06
2.23928e-06
2.24201e-06
2.2438e-06
2.24464e-06
2.24453e-06
2.24348e-06
2.24149e-06
2.23856e-06
2.23677e-06
2.23493e-06
2.23217e-06
2.22957e-06
2.22752e-06
2.22455e-06
2.22067e-06
2.21587e-06
2.21032e-06
2.20604e-06
2.20087e-06
2.19481e-06
2.18787e-06
2.18005e-06
2.17135e-06
2.16375e-06
2.15663e-06
2.1489e-06
2.14032e-06
2.13088e-06
2.12059e-06
2.10951e-06
2.10002e-06
2.08972e-06
2.07859e-06
2.06666e-06
2.05676e-06
2.04915e-06
2.04084e-06
2.03185e-06
2.02218e-06
2.01183e-06
2.00081e-06
1.98914e-06
1.97681e-06
1.96384e-06
1.95023e-06
1.93599e-06
1.92113e-06
1.90567e-06
1.8896e-06
1.87294e-06
1.85569e-06
1.83787e-06
1.83491e-06
1.83293e-06
1.83059e-06
1.82789e-06
1.82483e-06
1.82142e-06
1.81766e-06
1.81355e-06
1.80911e-06
1.80432e-06
1.7992e-06
1.79375e-06
1.78797e-06
1.78187e-06
1.77545e-06
1.76871e-06
1.76167e-06
1.75431e-06
1.74666e-06
1.73871e-06
1.73046e-06
1.72193e-06
1.71311e-06
1.70401e-06
1.69464e-06
1.68499e-06
1.67508e-06
1.66492e-06
1.65449e-06
1.64381e-06
1.63289e-06
1.62173e-06
1.61033e-06
1.63021e-06
1.65627e-06
1.68197e-06
1.70729e-06
1.73221e-06
1.75674e-06
1.78085e-06
1.80455e-06
1.82782e-06
1.85066e-06
1.87305e-06
1.89499e-06
1.91647e-06
1.93748e-06
1.95802e-06
1.97807e-06
1.99762e-06
2.01815e-06
2.03913e-06
2.05957e-06
2.07947e-06
2.09881e-06
2.1176e-06
2.13581e-06
2.15345e-06
2.17052e-06
2.18699e-06
2.20287e-06
2.21816e-06
2.23284e-06
2.24691e-06
2.26036e-06
2.27319e-06
2.2854e-06
2.29698e-06
2.30792e-06
2.31823e-06
2.33153e-06
2.34452e-06
2.35684e-06
2.36847e-06
2.37942e-06
2.38968e-06
2.39925e-06
2.40813e-06
2.41631e-06
2.42378e-06
2.43056e-06
2.43663e-06
2.442e-06
2.44666e-06
2.45061e-06
2.45385e-06
2.45638e-06
2.4582e-06
2.45931e-06
2.45971e-06
2.45941e-06
2.45977e-06
2.4602e-06
2.45989e-06
2.45884e-06
2.45705e-06
2.45454e-06
2.45129e-06
2.44731e-06
2.4426e-06
2.43717e-06
2.43101e-06
2.42414e-06
2.41655e-06
2.40825e-06
2.39924e-06
2.38953e-06
2.37912e-06
2.36802e-06
2.35623e-06
2.34375e-06
2.3306e-06
2.31678e-06
2.30229e-06
2.28714e-06
2.27133e-06
2.25584e-06
2.24064e-06
2.22636e-06
2.21348e-06
2.20008e-06
2.18617e-06
2.17174e-06
2.1568e-06
2.14137e-06
2.12545e-06
2.10976e-06
2.09557e-06
2.08087e-06
2.06569e-06
2.05001e-06
2.03386e-06
2.01724e-06
2.00015e-06
1.98261e-06
1.96463e-06
1.9462e-06
1.92735e-06
1.90808e-06
1.8884e-06
1.86831e-06
1.84784e-06
1.82698e-06
1.80574e-06
1.78414e-06
1.76219e-06
1.73989e-06
1.71725e-06
1.69429e-06
1.67101e-06
1.65588e-06
1.65393e-06
1.65165e-06
1.64902e-06
1.64606e-06
1.64278e-06
1.63916e-06
1.63522e-06
1.63095e-06
1.62637e-06
1.62147e-06
1.61625e-06
1.61072e-06
1.60489e-06
1.59875e-06
1.59231e-06
1.58558e-06
1.57855e-06
1.57123e-06
1.56362e-06
1.55573e-06
1.54756e-06
1.53912e-06
1.53041e-06
1.52143e-06
1.51218e-06
1.50268e-06
1.49293e-06
1.48293e-06
1.47268e-06
1.46219e-06
1.45146e-06
1.4405e-06
1.42932e-06
1.41791e-06
1.40628e-06
1.39445e-06
1.3824e-06
1.37015e-06
1.3577e-06
1.34506e-06
1.33906e-06
1.34405e-06
1.34889e-06
1.3536e-06
1.35817e-06
1.3626e-06
1.36688e-06
1.37101e-06
1.37499e-06
1.37883e-06
1.38251e-06
1.38603e-06
1.3894e-06
1.39261e-06
1.39566e-06
1.39854e-06
1.40126e-06
1.40382e-06
1.4062e-06
1.40842e-06
1.41047e-06
1.41234e-06
1.41404e-06
1.41557e-06
1.41691e-06
1.41808e-06
1.41907e-06
1.41988e-06
1.4205e-06
1.42094e-06
1.4212e-06
1.42127e-06
1.42115e-06
1.42084e-06
1.42034e-06
1.41966e-06
1.41878e-06
1.41771e-06
1.41645e-06
1.41499e-06
1.41334e-06
1.4115e-06
1.40946e-06
1.4077e-06
1.40694e-06
1.40596e-06
1.40478e-06
1.40338e-06
1.40178e-06
1.39997e-06
1.39794e-06
1.3957e-06
1.39326e-06
1.3906e-06
1.38772e-06
1.38464e-06
1.38135e-06
1.37916e-06
1.37719e-06
1.37498e-06
1.37251e-06
1.3698e-06
1.36684e-06
1.36363e-06
1.36656e-06
1.36971e-06
1.37352e-06
1.3809e-06
1.38791e-06
1.39455e-06
1.40082e-06
1.40671e-06
1.41222e-06
1.41734e-06
1.42207e-06
1.42641e-06
1.43035e-06
1.43403e-06
1.43914e-06
1.44387e-06
1.44821e-06
1.45216e-06
1.45571e-06
1.45886e-06
1.46162e-06
1.46397e-06
1.46592e-06
1.46746e-06
1.46859e-06
1.46931e-06
1.46961e-06
1.4695e-06
1.4703e-06
1.47118e-06
1.47168e-06
1.47177e-06
1.47146e-06
1.47122e-06
1.4706e-06
1.46958e-06
1.46814e-06
1.4663e-06
1.46404e-06
1.46215e-06
1.46057e-06
1.45859e-06
1.45621e-06
1.45342e-06
1.45023e-06
1.44664e-06
1.44264e-06
1.43825e-06
1.43345e-06
1.42861e-06
1.42414e-06
1.41954e-06
1.41516e-06
1.41665e-06
1.42115e-06
1.42527e-06
1.42902e-06
1.43239e-06
1.43539e-06
1.43799e-06
1.44022e-06
1.44206e-06
1.44352e-06
1.44459e-06
1.44527e-06
1.44557e-06
1.44548e-06
1.445e-06
1.44413e-06
1.44287e-06
1.44122e-06
1.44101e-06
1.44487e-06
1.44835e-06
1.45142e-06
1.4541e-06
1.45637e-06
1.45825e-06
1.45972e-06
1.46078e-06
1.46145e-06
1.4617e-06
1.46155e-06
1.461e-06
1.46003e-06
1.45866e-06
1.45689e-06
1.4547e-06
1.45211e-06
1.44911e-06
1.44571e-06
1.4419e-06
1.43769e-06
1.43308e-06
1.42807e-06
1.42265e-06
1.41684e-06
1.41064e-06
1.40403e-06
1.39704e-06
1.38966e-06
1.38189e-06
1.37373e-06
1.3652e-06
1.35628e-06
1.34699e-06
1.34398e-06
1.37519e-06
1.40613e-06
1.43677e-06
1.46712e-06
1.49716e-06
1.52688e-06
1.55627e-06
1.58532e-06
1.61403e-06
1.64237e-06
1.67036e-06
1.69796e-06
1.72518e-06
1.75201e-06
1.77843e-06
1.80444e-06
1.83004e-06
1.8552e-06
1.87993e-06
1.90422e-06
1.92805e-06
1.95143e-06
1.97434e-06
1.99678e-06
2.01874e-06
2.04021e-06
2.06118e-06
2.08166e-06
2.10164e-06
2.1211e-06
2.14005e-06
2.15847e-06
2.17636e-06
2.19373e-06
2.21055e-06
2.22683e-06
2.24257e-06
2.25775e-06
2.27238e-06
2.28646e-06
2.29996e-06
2.31311e-06
2.32692e-06
2.34019e-06
2.35293e-06
2.36512e-06
2.37676e-06
2.38786e-06
2.39841e-06
2.40841e-06
2.41785e-06
2.42788e-06
2.43792e-06
2.44743e-06
2.45642e-06
2.46487e-06
2.4728e-06
2.48019e-06
2.48705e-06
2.49339e-06
2.50012e-06
2.50734e-06
2.51407e-06
2.52028e-06
2.52599e-06
2.5312e-06
2.5359e-06
2.54009e-06
2.54379e-06
2.54781e-06
2.55268e-06
2.55707e-06
2.56099e-06
2.56443e-06
2.5674e-06
2.56989e-06
2.57191e-06
2.57345e-06
2.57483e-06
2.5778e-06
2.58032e-06
2.5824e-06
2.58402e-06
2.58521e-06
2.58596e-06
2.58626e-06
2.58613e-06
2.58675e-06
2.58708e-06
2.58699e-06
2.58748e-06
2.58773e-06
2.58756e-06
2.58717e-06
2.58747e-06
2.58737e-06
2.58687e-06
2.58597e-06
2.58468e-06
2.583e-06
2.58094e-06
2.57849e-06
2.57609e-06
2.57422e-06
2.57199e-06
2.56938e-06
2.56642e-06
2.5631e-06
2.55942e-06
2.55539e-06
2.55101e-06
2.54629e-06
2.54123e-06
2.53584e-06
2.53011e-06
2.52405e-06
2.51767e-06
2.51097e-06
2.50395e-06
2.49662e-06
2.48898e-06
2.48105e-06
2.47281e-06
2.46428e-06
2.45546e-06
2.44636e-06
2.43698e-06
2.42732e-06
2.4174e-06
2.40721e-06
2.39675e-06
2.38605e-06
2.37509e-06
2.36388e-06
2.35244e-06
2.34076e-06
2.32885e-06
2.31671e-06
2.30436e-06
2.29178e-06
2.279e-06
2.26601e-06
2.25283e-06
2.23944e-06
2.22587e-06
2.21851e-06
2.21373e-06
2.20876e-06
2.20361e-06
2.19826e-06
2.19274e-06
2.18704e-06
2.18115e-06
2.1751e-06
2.16887e-06
2.16248e-06
2.15592e-06
2.14919e-06
2.14231e-06
2.13527e-06
2.12807e-06
2.12072e-06
2.11322e-06
2.10558e-06
2.09779e-06
2.08986e-06
2.08179e-06
2.07358e-06
2.06525e-06
2.05678e-06
2.04818e-06
2.03946e-06
2.03062e-06
2.02166e-06
2.01258e-06
2.00339e-06
1.99408e-06
1.98467e-06
1.97515e-06
1.96552e-06
1.9558e-06
1.94598e-06
1.93606e-06
1.92604e-06
1.91594e-06
1.90575e-06
1.89547e-06
1.88511e-06
1.87467e-06
1.8661e-06
1.85786e-06
1.85139e-06
1.84701e-06
1.84252e-06
1.83792e-06
1.83323e-06
1.82843e-06
1.82354e-06
1.81855e-06
1.81346e-06
1.80828e-06
1.80301e-06
1.79765e-06
1.7922e-06
1.78666e-06
1.78104e-06
1.77556e-06
1.77073e-06
1.76582e-06
1.76082e-06
1.75574e-06
1.75058e-06
1.74533e-06
1.74001e-06
1.73462e-06
1.72914e-06
1.72359e-06
1.71797e-06
1.71227e-06
1.70651e-06
1.70067e-06
1.69476e-06
1.68879e-06
1.68345e-06
1.67823e-06
1.67294e-06
1.66758e-06
1.66216e-06
1.65667e-06
1.65112e-06
1.6455e-06
1.63983e-06
1.63409e-06
1.62829e-06
1.62243e-06
1.61652e-06
1.61054e-06
1.60451e-06
1.59843e-06
1.59229e-06
1.58627e-06
1.58084e-06
1.57536e-06
1.56983e-06
1.56424e-06
1.5586e-06
1.5529e-06
1.54716e-06
1.54136e-06
1.53551e-06
1.52961e-06
1.52366e-06
1.51766e-06
1.51162e-06
1.50552e-06
1.49938e-06
1.49319e-06
1.48695e-06
1.48066e-06
1.47433e-06
1.46795e-06
1.46153e-06
1.45506e-06
1.44855e-06
1.44199e-06
1.43539e-06
1.42874e-06
1.42205e-06
1.41531e-06
1.40853e-06
1.40171e-06
1.39484e-06
1.38793e-06
1.38098e-06
1.37399e-06
1.36695e-06
1.35987e-06
1.35275e-06
1.34558e-06
1.33838e-06
1.33113e-06
1.32384e-06
1.31651e-06
1.30913e-06
1.30172e-06
1.29426e-06
1.28677e-06
1.27923e-06
1.27165e-06
1.26403e-06
1.25637e-06
1.25364e-06
1.27124e-06
1.28852e-06
1.30546e-06
1.32207e-06
1.33834e-06
1.35425e-06
1.37069e-06
1.38845e-06
1.40585e-06
1.42286e-06
1.43948e-06
1.45572e-06
1.47155e-06
1.48699e-06
1.50201e-06
1.51662e-06
1.53081e-06
1.54457e-06
1.5579e-06
1.5708e-06
1.58327e-06
1.59528e-06
1.60686e-06
1.61798e-06
1.629e-06
1.64235e-06
1.65523e-06
1.66763e-06
1.67956e-06
1.691e-06
1.70195e-06
1.71242e-06
1.72238e-06
1.73185e-06
1.74082e-06
1.74929e-06
1.75725e-06
1.7647e-06
1.77164e-06
1.77806e-06
1.78397e-06
1.78937e-06
1.79424e-06
1.7986e-06
1.80243e-06
1.80574e-06
1.80853e-06
1.81227e-06
1.81612e-06
1.81944e-06
1.82223e-06
1.82448e-06
1.82619e-06
1.82737e-06
1.82801e-06
1.82812e-06
1.82769e-06
1.82672e-06
1.82522e-06
1.82319e-06
1.82063e-06
1.81753e-06
1.81391e-06
1.80976e-06
1.80509e-06
1.7999e-06
1.79418e-06
1.78876e-06
1.78399e-06
1.77869e-06
1.77287e-06
1.76653e-06
1.75968e-06
1.75231e-06
1.74443e-06
1.73605e-06
1.72716e-06
1.71777e-06
1.70789e-06
1.69752e-06
1.68665e-06
1.67531e-06
1.66571e-06
1.65676e-06
1.64733e-06
1.63742e-06
1.62703e-06
1.61617e-06
1.60484e-06
1.59305e-06
1.5808e-06
1.5681e-06
1.55495e-06
1.54135e-06
1.52732e-06
1.51325e-06
1.49917e-06
1.48466e-06
1.46973e-06
1.45438e-06
1.43881e-06
1.42323e-06
1.40724e-06
1.39085e-06
1.3742e-06
1.3579e-06
1.34121e-06
1.32413e-06
1.30668e-06
1.28886e-06
1.27068e-06
1.25214e-06
1.23326e-06
1.21402e-06
1.19446e-06
1.17456e-06
1.15434e-06
1.13381e-06
1.11393e-06
1.09439e-06
1.07455e-06
1.0544e-06
1.03396e-06
1.01323e-06
9.92216e-07
9.70933e-07
9.49385e-07
9.27578e-07
9.05522e-07
8.83222e-07
8.67744e-07
8.66998e-07
8.66206e-07
8.65369e-07
8.64774e-07
8.64412e-07
8.64005e-07
8.63554e-07
8.63058e-07
8.62518e-07
8.61933e-07
8.61304e-07
8.6063e-07
8.59912e-07
8.5915e-07
8.58343e-07
8.57492e-07
8.56597e-07
8.55657e-07
8.54674e-07
8.53646e-07
8.52574e-07
8.51459e-07
8.50299e-07
8.49096e-07
8.47849e-07
8.46558e-07
8.45224e-07
8.43846e-07
8.42425e-07
8.4096e-07
8.39452e-07
8.37901e-07
8.36308e-07
8.34671e-07
8.32992e-07
8.3127e-07
8.29505e-07
8.27698e-07
8.25849e-07
8.23958e-07
8.22025e-07
8.20051e-07
8.18034e-07
8.15977e-07
8.13878e-07
8.11738e-07
8.09557e-07
8.07336e-07
8.05074e-07
8.02772e-07
8.0043e-07
7.98048e-07
7.95627e-07
7.93166e-07
7.90666e-07
7.88127e-07
7.94522e-07
8.10161e-07
8.25442e-07
8.40362e-07
8.55271e-07
8.7125e-07
8.86858e-07
9.02092e-07
9.16948e-07
9.31423e-07
9.45514e-07
9.59219e-07
9.72535e-07
9.8546e-07
9.9799e-07
1.01012e-06
1.02186e-06
1.0332e-06
1.04413e-06
1.05467e-06
1.0648e-06
1.07539e-06
1.08635e-06
1.0969e-06
1.10704e-06
1.11677e-06
1.12608e-06
1.13499e-06
1.14347e-06
1.15154e-06
1.1592e-06
1.16643e-06
1.17325e-06
1.17965e-06
1.18564e-06
1.19121e-06
1.19674e-06
1.2026e-06
1.20804e-06
1.21306e-06
1.21767e-06
1.22185e-06
1.22603e-06
1.22989e-06
1.23333e-06
1.23794e-06
1.24236e-06
1.24637e-06
1.24996e-06
1.25415e-06
1.25817e-06
1.26177e-06
1.26496e-06
1.26773e-06
1.27009e-06
1.27204e-06
1.27358e-06
1.27471e-06
1.27543e-06
1.27574e-06
1.27566e-06
1.27516e-06
1.27427e-06
1.27298e-06
1.2713e-06
1.26922e-06
1.26691e-06
1.26537e-06
1.26345e-06
1.26115e-06
1.26201e-06
1.26321e-06
1.26404e-06
1.2645e-06
1.26458e-06
1.26429e-06
1.26363e-06
1.26259e-06
1.26119e-06
1.25942e-06
1.25728e-06
1.25478e-06
1.25191e-06
1.24868e-06
1.24509e-06
1.24115e-06
1.23685e-06
1.23219e-06
1.22719e-06
1.22183e-06
1.21614e-06
1.21009e-06
1.20371e-06
1.197e-06
1.18994e-06
1.18256e-06
1.17485e-06
1.16682e-06
1.15847e-06
1.1498e-06
1.14082e-06
1.13153e-06
1.12194e-06
1.11205e-06
1.10928e-06
1.11356e-06
1.1176e-06
1.12138e-06
1.12491e-06
1.1282e-06
1.13123e-06
1.13402e-06
1.13655e-06
1.13884e-06
1.14088e-06
1.14267e-06
1.14421e-06
1.14551e-06
1.14656e-06
1.14736e-06
1.14792e-06
1.14823e-06
1.14831e-06
1.14814e-06
1.14773e-06
1.14708e-06
1.1462e-06
1.14508e-06
1.14372e-06
1.14213e-06
1.14031e-06
1.13826e-06
1.13598e-06
1.13348e-06
1.13075e-06
1.1278e-06
1.12463e-06
1.12125e-06
1.11764e-06
1.11383e-06
1.1098e-06
1.10557e-06
1.10113e-06
1.09648e-06
1.09164e-06
1.08659e-06
1.08135e-06
1.07592e-06
1.0703e-06
1.06449e-06
1.0585e-06
1.05257e-06
1.04647e-06
1.04019e-06
1.03373e-06
1.03016e-06
1.02678e-06
1.02323e-06
1.0195e-06
1.01559e-06
1.01152e-06
1.00728e-06
1.00287e-06
9.98304e-07
9.93928e-07
9.89599e-07
9.85179e-07
9.80602e-07
9.7587e-07
9.70986e-07
9.65952e-07
9.6077e-07
9.55443e-07
9.49972e-07
9.4436e-07
9.38609e-07
9.32722e-07
9.26701e-07
9.20549e-07
9.14267e-07
9.07859e-07
9.01327e-07
8.94674e-07
8.87902e-07
8.81014e-07
8.74012e-07
8.66899e-07
8.59677e-07
8.55848e-07
8.54868e-07
8.538e-07
8.52641e-07
8.51394e-07
8.50057e-07
8.48632e-07
8.47117e-07
8.45513e-07
8.43821e-07
8.4204e-07
8.4017e-07
8.38212e-07
8.3627e-07
8.35077e-07
8.33801e-07
8.32442e-07
8.31e-07
8.29475e-07
8.27867e-07
8.26175e-07
8.24401e-07
8.22607e-07
8.21294e-07
8.19899e-07
8.18421e-07
8.16862e-07
8.1522e-07
8.13715e-07
8.124e-07
8.11003e-07
8.09524e-07
8.07964e-07
8.06321e-07
8.05702e-07
8.05069e-07
8.04354e-07
8.03556e-07
8.02676e-07
8.01713e-07
8.00666e-07
7.99534e-07
7.99387e-07
7.99277e-07
7.99082e-07
7.98801e-07
7.98433e-07
7.97977e-07
7.97433e-07
7.96799e-07
7.96661e-07
7.9704e-07
7.97328e-07
7.97524e-07
7.97627e-07
7.97635e-07
7.97547e-07
7.97364e-07
7.97083e-07
7.97787e-07
7.98506e-07
7.99126e-07
7.99644e-07
8.0006e-07
8.00373e-07
8.01107e-07
8.02371e-07
8.0353e-07
8.0458e-07
8.05522e-07
8.06354e-07
8.07074e-07
8.07681e-07
8.08174e-07
8.08553e-07
8.08815e-07
8.08959e-07
8.08986e-07
8.08893e-07
8.0868e-07
8.08346e-07
8.0789e-07
8.08016e-07
8.08215e-07
8.08285e-07
8.08226e-07
8.08155e-07
8.08741e-07
8.0919e-07
8.09501e-07
8.09672e-07
8.09702e-07
8.09592e-07
8.10244e-07
8.1075e-07
8.11105e-07
8.1131e-07
8.11364e-07
8.11264e-07
8.11536e-07
8.12026e-07
8.12356e-07
8.12524e-07
8.12528e-07
8.12369e-07
8.12405e-07
8.12804e-07
8.13031e-07
8.13084e-07
8.12964e-07
8.14015e-07
8.15182e-07
8.1616e-07
8.1695e-07
8.17551e-07
8.17961e-07
8.18179e-07
8.18204e-07
8.20288e-07
8.22736e-07
8.24978e-07
8.27013e-07
8.2884e-07
8.30455e-07
8.3186e-07
8.33051e-07
8.34029e-07
8.34792e-07
8.35339e-07
8.3567e-07
8.35782e-07
8.35677e-07
8.35861e-07
8.37082e-07
8.3828e-07
8.39254e-07
8.41803e-07
8.44563e-07
8.47101e-07
8.49416e-07
8.51506e-07
8.53369e-07
8.55006e-07
8.56413e-07
8.57592e-07
8.5854e-07
8.59257e-07
8.59742e-07
8.59995e-07
8.60015e-07
8.59802e-07
8.59354e-07
8.58673e-07
8.57757e-07
8.56607e-07
8.55223e-07
8.53604e-07
8.51752e-07
8.49665e-07
8.47345e-07
8.45005e-07
8.42947e-07
8.41305e-07
8.39556e-07
8.37562e-07
8.35325e-07
8.32844e-07
8.3012e-07
8.27154e-07
8.23947e-07
8.21117e-07
8.18189e-07
8.15017e-07
8.12311e-07
8.09443e-07
8.06325e-07
8.02959e-07
7.99346e-07
7.95487e-07
7.91486e-07
7.87922e-07
7.84113e-07
7.80057e-07
7.75757e-07
7.71993e-07
7.68017e-07
7.63792e-07
7.59321e-07
7.54604e-07
7.49872e-07
7.4547e-07
7.40822e-07
7.35931e-07
7.30865e-07
7.26345e-07
7.21578e-07
7.16569e-07
7.11317e-07
7.05826e-07
7.00429e-07
6.95274e-07
6.8993e-07
6.84747e-07
6.79773e-07
6.74559e-07
6.69109e-07
6.63423e-07
6.5817e-07
6.5317e-07
6.48079e-07
6.44468e-07
6.40616e-07
6.38179e-07
6.36026e-07
6.33617e-07
6.30953e-07
6.28036e-07
6.24866e-07
6.21446e-07
6.17776e-07
6.13858e-07
6.10048e-07
6.06685e-07
6.03076e-07
5.99225e-07
5.95132e-07
5.908e-07
5.86231e-07
5.81426e-07
5.76387e-07
5.71117e-07
5.65619e-07
5.59893e-07
5.53944e-07
5.47772e-07
5.41382e-07
5.34776e-07
5.27956e-07
5.20925e-07
5.13687e-07
5.07042e-07
5.00278e-07
4.93311e-07
4.86839e-07
4.80448e-07
4.73857e-07
4.67069e-07
4.60168e-07
4.55248e-07
4.6141e-07
4.67466e-07
4.73416e-07
4.7926e-07
4.84996e-07
4.90624e-07
4.96959e-07
5.03762e-07
5.10443e-07
5.17e-07
5.23432e-07
5.29738e-07
5.35918e-07
5.4197e-07
5.47894e-07
5.53688e-07
5.59351e-07
5.64884e-07
5.70285e-07
5.75553e-07
5.81985e-07
5.88307e-07
5.94482e-07
6.00507e-07
6.06382e-07
6.12107e-07
6.17679e-07
6.23099e-07
6.28365e-07
6.33477e-07
6.38434e-07
6.43235e-07
6.4788e-07
6.53201e-07
6.58749e-07
6.64125e-07
6.69328e-07
6.74358e-07
6.79213e-07
6.83894e-07
6.884e-07
6.92729e-07
6.96882e-07
7.00858e-07
7.04657e-07
7.08278e-07
7.11721e-07
7.14986e-07
7.18073e-07
7.20981e-07
7.23711e-07
7.27447e-07
7.31309e-07
7.34974e-07
7.38441e-07
7.4171e-07
7.44781e-07
7.47654e-07
7.50328e-07
7.52804e-07
7.55082e-07
7.57162e-07
7.59044e-07
7.60728e-07
7.62214e-07
7.63503e-07
7.64596e-07
7.65492e-07
7.66192e-07
7.66698e-07
7.67158e-07
7.68286e-07
7.69205e-07
7.69915e-07
7.70418e-07
7.70714e-07
7.70804e-07
7.70687e-07
7.70366e-07
7.69842e-07
7.69114e-07
7.68184e-07
7.67054e-07
7.65724e-07
7.64196e-07
7.6247e-07
7.61075e-07
7.59872e-07
7.5846e-07
7.56841e-07
7.55015e-07
7.52985e-07
7.50751e-07
7.48315e-07
7.45679e-07
7.42844e-07
7.39812e-07
7.36585e-07
7.33165e-07
7.29723e-07
7.26813e-07
7.23699e-07
7.20384e-07
7.16869e-07
7.13156e-07
7.09247e-07
7.05145e-07
7.01281e-07
6.9819e-07
6.94892e-07
6.92079e-07
6.89135e-07
6.85978e-07
6.8261e-07
6.79034e-07
6.75251e-07
6.71263e-07
6.67073e-07
6.62683e-07
6.58094e-07
6.55843e-07
6.54638e-07
6.532e-07
6.51531e-07
6.49633e-07
6.47506e-07
6.45152e-07
6.42572e-07
6.39767e-07
6.3674e-07
6.33491e-07
6.30022e-07
6.26336e-07
6.22434e-07
6.18319e-07
6.13991e-07
6.09453e-07
6.04709e-07
5.99759e-07
5.94606e-07
5.89253e-07
5.83702e-07
5.77955e-07
5.72017e-07
5.65888e-07
5.59572e-07
5.53482e-07
5.47531e-07
5.41397e-07
5.35082e-07
5.2859e-07
5.21922e-07
5.15083e-07
5.08494e-07
5.02509e-07
4.96352e-07
4.90026e-07
4.83939e-07
4.78485e-07
4.72863e-07
4.67077e-07
4.61467e-07
4.56563e-07
4.51497e-07
4.46271e-07
4.40922e-07
4.36576e-07
4.32074e-07
4.27417e-07
4.22607e-07
4.18241e-07
4.14301e-07
4.10212e-07
4.05976e-07
4.01596e-07
3.97787e-07
3.94262e-07
3.90597e-07
3.86793e-07
3.82851e-07
3.78773e-07
3.74563e-07
3.7022e-07
3.65748e-07
3.61149e-07
3.56499e-07
3.52211e-07
3.47801e-07
3.43272e-07
3.38626e-07
3.33864e-07
3.28989e-07
3.24004e-07
3.1891e-07
3.1371e-07
3.08406e-07
3.03e-07
2.97496e-07
2.91895e-07
2.862e-07
2.82257e-07
2.79473e-07
2.77306e-07
2.75048e-07
2.72701e-07
2.70265e-07
2.67742e-07
2.65133e-07
2.62963e-07
2.60943e-07
2.58841e-07
2.56659e-07
2.57315e-07
2.60588e-07
2.63814e-07
2.66977e-07
2.70076e-07
2.73112e-07
2.76083e-07
2.78989e-07
2.81829e-07
2.84604e-07
2.87311e-07
2.89951e-07
2.92524e-07
2.95029e-07
2.97465e-07
2.99832e-07
3.0213e-07
3.04562e-07
3.06998e-07
3.09364e-07
3.1166e-07
3.13886e-07
3.16041e-07
3.18124e-07
3.20137e-07
3.22078e-07
3.23946e-07
3.25743e-07
3.29195e-07
3.33033e-07
3.38421e-07
3.44082e-07
3.49557e-07
3.54843e-07
3.59939e-07
3.64842e-07
3.69552e-07
3.74065e-07
3.7838e-07
3.82497e-07
3.86412e-07
3.90126e-07
3.93636e-07
3.96941e-07
4.0004e-07
4.02931e-07
4.05615e-07
4.08089e-07
4.10353e-07
4.12407e-07
4.14249e-07
4.15879e-07
4.17296e-07
4.185e-07
4.19491e-07
4.20268e-07
4.20831e-07
4.2118e-07
4.21315e-07
4.21235e-07
4.20942e-07
4.20436e-07
4.19715e-07
4.18782e-07
4.17637e-07
4.16279e-07
4.14866e-07
4.14145e-07
4.13219e-07
4.12087e-07
4.1075e-07
4.0921e-07
4.10095e-07
4.12275e-07
4.14364e-07
4.16362e-07
4.1827e-07
4.20087e-07
4.21812e-07
4.23447e-07
4.2499e-07
4.26442e-07
4.27803e-07
4.29072e-07
4.30251e-07
4.31338e-07
4.32334e-07
4.3324e-07
4.34055e-07
4.34779e-07
4.35413e-07
4.35958e-07
4.36413e-07
4.36778e-07
4.37055e-07
4.37243e-07
4.37343e-07
4.37355e-07
4.3728e-07
4.37117e-07
4.36869e-07
4.36535e-07
4.36115e-07
4.35611e-07
4.36174e-07
4.36969e-07
4.37678e-07
4.383e-07
4.38836e-07
4.39287e-07
4.39652e-07
4.40687e-07
4.41781e-07
4.42792e-07
4.43718e-07
4.44561e-07
4.45321e-07
4.45997e-07
4.4659e-07
4.471e-07
4.47528e-07
4.47874e-07
4.48138e-07
4.4832e-07
4.48421e-07
4.48441e-07
4.48382e-07
4.48242e-07
4.48023e-07
4.47725e-07
4.47349e-07
4.46894e-07
4.46363e-07
4.45755e-07
4.45071e-07
4.44312e-07
4.43477e-07
4.42569e-07
4.41587e-07
4.40533e-07
4.39407e-07
4.38209e-07
4.36941e-07
4.4134e-07
4.47959e-07
4.54507e-07
4.60981e-07
4.67379e-07
4.73699e-07
4.79938e-07
4.86096e-07
4.92168e-07
4.98154e-07
5.04051e-07
5.09857e-07
5.1557e-07
5.21188e-07
5.2671e-07
5.32132e-07
5.37454e-07
5.42673e-07
5.47788e-07
5.52797e-07
5.57698e-07
5.6249e-07
5.6717e-07
5.71738e-07
5.76191e-07
5.80528e-07
5.84748e-07
5.8885e-07
5.92831e-07
5.96691e-07
6.01271e-07
6.05882e-07
6.10366e-07
6.14723e-07
6.18951e-07
6.23049e-07
6.27015e-07
6.30849e-07
6.34549e-07
6.38114e-07
6.41543e-07
6.44835e-07
6.47988e-07
6.51003e-07
6.53878e-07
6.56613e-07
6.59206e-07
6.61656e-07
6.63965e-07
6.66129e-07
6.6815e-07
6.70026e-07
6.71758e-07
6.73344e-07
6.74784e-07
6.76079e-07
6.7727e-07
6.79235e-07
6.81051e-07
6.82718e-07
6.84236e-07
6.85603e-07
6.86821e-07
6.87889e-07
6.88807e-07
6.89575e-07
6.90193e-07
6.90661e-07
6.90979e-07
6.91148e-07
6.91168e-07
6.91039e-07
6.9126e-07
6.92644e-07
6.93841e-07
6.9485e-07
6.95671e-07
6.96304e-07
6.9675e-07
6.9701e-07
6.97082e-07
6.96969e-07
6.96671e-07
6.96187e-07
6.9552e-07
6.94669e-07
6.93635e-07
6.9242e-07
6.91025e-07
6.8945e-07
6.87696e-07
6.85765e-07
6.83658e-07
6.81376e-07
6.7892e-07
6.76293e-07
6.73495e-07
6.70528e-07
6.67394e-07
6.64094e-07
6.6063e-07
6.57065e-07
6.53812e-07
6.50399e-07
6.46829e-07
6.43102e-07
6.39221e-07
6.35188e-07
6.31005e-07
6.26674e-07
6.22197e-07
6.17629e-07
6.13328e-07
6.08887e-07
6.04308e-07
5.99592e-07
5.94743e-07
5.89762e-07
5.84653e-07
5.79469e-07
5.74607e-07
5.69622e-07
5.64518e-07
5.59296e-07
5.53959e-07
5.48509e-07
5.43029e-07
5.37909e-07
5.32685e-07
5.27357e-07
5.21929e-07
5.16403e-07
5.10782e-07
5.05299e-07
5.00108e-07
4.9483e-07
4.89466e-07
4.84018e-07
4.78491e-07
4.72947e-07
4.67959e-07
4.62897e-07
4.57764e-07
4.53279e-07
4.48984e-07
4.44626e-07
4.40206e-07
4.35727e-07
4.31191e-07
4.26599e-07
4.21955e-07
4.17261e-07
4.12518e-07
4.07729e-07
4.02897e-07
3.98024e-07
3.93111e-07
3.88162e-07
3.83178e-07
3.78163e-07
3.73117e-07
3.68045e-07
3.62947e-07
3.609e-07
3.62497e-07
3.64058e-07
3.65583e-07
3.67072e-07
3.68524e-07
3.69937e-07
3.71312e-07
3.72648e-07
3.73944e-07
3.752e-07
3.76414e-07
3.77587e-07
3.78717e-07
3.79804e-07
3.80847e-07
3.81846e-07
3.82801e-07
3.83709e-07
3.84573e-07
3.85389e-07
3.86159e-07
3.86881e-07
3.87555e-07
3.88181e-07
3.88757e-07
3.89285e-07
3.89762e-07
3.90189e-07
3.90566e-07
3.90891e-07
3.91165e-07
3.91387e-07
3.91557e-07
3.91674e-07
3.91739e-07
3.9175e-07
3.91708e-07
3.91611e-07
3.91461e-07
3.91257e-07
3.90997e-07
3.90684e-07
3.90315e-07
3.89891e-07
3.89411e-07
3.88876e-07
3.88286e-07
3.8764e-07
3.86937e-07
3.86179e-07
3.85365e-07
3.84495e-07
3.83569e-07
3.82586e-07
3.81547e-07
3.80452e-07
3.79301e-07
3.78094e-07
3.76831e-07
3.75512e-07
3.74137e-07
3.72707e-07
3.7122e-07
3.69679e-07
3.68082e-07
3.6643e-07
3.64723e-07
3.62961e-07
3.6123e-07
3.60582e-07
3.59866e-07
3.59084e-07
3.58235e-07
3.57321e-07
3.5634e-07
3.55293e-07
3.5418e-07
3.53001e-07
3.51757e-07
3.50449e-07
3.49075e-07
3.47637e-07
3.46134e-07
3.44568e-07
3.42938e-07
3.41245e-07
3.39489e-07
3.37671e-07
3.35791e-07
3.3385e-07
3.31847e-07
3.29784e-07
3.27662e-07
3.2548e-07
3.23239e-07
3.20939e-07
3.18582e-07
3.16168e-07
3.13698e-07
3.11171e-07
3.0859e-07
3.05954e-07
3.03264e-07
3.00521e-07
2.97726e-07
2.94879e-07
2.91981e-07
2.89033e-07
2.86036e-07
2.8299e-07
2.79896e-07
2.76756e-07
2.75299e-07
2.74391e-07
2.73435e-07
2.7243e-07
2.71551e-07
2.70742e-07
2.69906e-07
2.69044e-07
2.68155e-07
2.67241e-07
2.66302e-07
2.65339e-07
2.64352e-07
2.63341e-07
2.62308e-07
2.61252e-07
2.60174e-07
2.59076e-07
2.57956e-07
2.56817e-07
2.55658e-07
2.5448e-07
2.53816e-07
2.53612e-07
2.53404e-07
2.53191e-07
2.52974e-07
2.52753e-07
2.52526e-07
2.52296e-07
2.5206e-07
2.5182e-07
2.51575e-07
2.51325e-07
2.5107e-07
2.51251e-07
2.51807e-07
2.52369e-07
2.52938e-07
2.53514e-07
2.54096e-07
2.56346e-07
2.61034e-07
2.65646e-07
2.70179e-07
2.74849e-07
2.7984e-07
2.84748e-07
2.89572e-07
2.9431e-07
2.98961e-07
3.03522e-07
3.07992e-07
3.12369e-07
3.16652e-07
3.21077e-07
3.25712e-07
3.3025e-07
3.34689e-07
3.39027e-07
3.43262e-07
3.47393e-07
3.51418e-07
3.55336e-07
3.59146e-07
3.6313e-07
3.68818e-07
3.74732e-07
3.80571e-07
3.86333e-07
3.92015e-07
3.97615e-07
4.03131e-07
4.08561e-07
4.13903e-07
4.19155e-07
4.24315e-07
4.2938e-07
4.3435e-07
4.39222e-07
4.43994e-07
4.48665e-07
4.53232e-07
4.57695e-07
4.62051e-07
4.66299e-07
4.70437e-07
4.74463e-07
4.78377e-07
4.82177e-07
4.85861e-07
4.89428e-07
4.92877e-07
4.96207e-07
4.99415e-07
5.02502e-07
5.05466e-07
5.08306e-07
5.1102e-07
5.13609e-07
5.16071e-07
5.18405e-07
5.2061e-07
5.22686e-07
5.24632e-07
5.26447e-07
5.2813e-07
5.29682e-07
5.31101e-07
5.32387e-07
5.3354e-07
5.34559e-07
5.35444e-07
5.36512e-07
5.37523e-07
5.38407e-07
5.39164e-07
5.39904e-07
5.40789e-07
5.41553e-07
5.42198e-07
5.42721e-07
5.43124e-07
5.43709e-07
5.44266e-07
5.4471e-07
5.45039e-07
5.45254e-07
5.45355e-07
5.4557e-07
5.45852e-07
5.46027e-07
5.46094e-07
5.46053e-07
5.45906e-07
5.45651e-07
5.45665e-07
5.4562e-07
5.45475e-07
5.45229e-07
5.44882e-07
5.44434e-07
5.43886e-07
5.43584e-07
5.43272e-07
5.42866e-07
5.42366e-07
5.41771e-07
5.41083e-07
5.40301e-07
5.39516e-07
5.38998e-07
5.38392e-07
5.37698e-07
5.36916e-07
5.36047e-07
5.35091e-07
5.34048e-07
5.32919e-07
5.31705e-07
5.30405e-07
5.2902e-07
5.27551e-07
5.25998e-07
5.24363e-07
5.22645e-07
5.20845e-07
5.18963e-07
5.17002e-07
5.14961e-07
5.1284e-07
5.10641e-07
5.08365e-07
5.06012e-07
5.03583e-07
5.01079e-07
4.98501e-07
4.9585e-07
4.93126e-07
4.90331e-07
4.87465e-07
4.84529e-07
4.81525e-07
4.78453e-07
4.75315e-07
4.72111e-07
4.68842e-07
4.6551e-07
4.62115e-07
4.5866e-07
4.55144e-07
4.51569e-07
4.47936e-07
4.44246e-07
4.40501e-07
4.36701e-07
4.32848e-07
4.28943e-07
4.24987e-07
4.20981e-07
4.18947e-07
4.172e-07
4.15407e-07
4.1362e-07
4.1187e-07
4.10077e-07
4.0824e-07
4.06464e-07
4.0474e-07
4.02974e-07
4.01168e-07
3.99327e-07
3.97565e-07
3.95765e-07
3.93927e-07
3.92051e-07
3.90139e-07
3.88191e-07
3.86208e-07
3.84191e-07
3.82185e-07
3.80292e-07
3.78365e-07
3.76405e-07
3.74413e-07
3.7239e-07
3.70337e-07
3.68253e-07
3.6614e-07
3.63999e-07
3.61909e-07
3.59919e-07
3.57902e-07
3.55858e-07
3.53787e-07
3.51692e-07
3.49572e-07
3.47428e-07
3.45261e-07
3.43072e-07
3.40861e-07
3.38629e-07
3.36544e-07
3.34471e-07
3.32377e-07
3.30264e-07
3.28133e-07
3.25985e-07
3.2382e-07
3.21638e-07
3.19441e-07
3.1723e-07
3.15004e-07
3.12765e-07
3.10514e-07
3.0825e-07
3.05975e-07
3.0369e-07
3.01395e-07
2.99091e-07
2.96778e-07
2.94466e-07
2.92733e-07
2.90992e-07
2.89243e-07
2.87487e-07
2.85724e-07
2.83954e-07
2.82179e-07
2.80398e-07
2.78611e-07
2.7682e-07
2.75024e-07
2.73224e-07
2.71421e-07
2.69615e-07
2.67805e-07
2.65994e-07
2.6418e-07
2.62364e-07
2.60547e-07
2.58729e-07
2.56911e-07
2.55092e-07
2.53274e-07
2.51456e-07
2.49638e-07
2.47822e-07
2.46007e-07
2.44194e-07
2.42383e-07
2.41613e-07
2.40894e-07
2.40168e-07
2.39434e-07
2.39049e-07
2.38892e-07
2.38729e-07
2.38559e-07
2.38383e-07
2.38201e-07
2.38013e-07
2.37819e-07
2.37619e-07
2.37414e-07
2.37203e-07
2.36986e-07
2.36764e-07
2.36536e-07
2.36304e-07
2.36066e-07
2.35823e-07
2.35575e-07
2.35323e-07
2.35066e-07
2.34804e-07
2.34538e-07
2.34267e-07
2.33992e-07
2.33713e-07
2.3343e-07
2.33142e-07
2.32851e-07
2.32556e-07
2.32257e-07
2.31954e-07
2.31648e-07
2.31338e-07
2.31025e-07
2.30709e-07
2.30389e-07
2.30066e-07
2.2974e-07
2.29411e-07
2.29079e-07
2.28744e-07
2.28406e-07
2.28066e-07
2.27722e-07
2.27376e-07
2.27028e-07
2.26677e-07
2.26323e-07
2.25968e-07
2.25609e-07
2.25249e-07
2.24886e-07
2.24521e-07
2.24154e-07
2.23784e-07
2.23413e-07
2.23039e-07
2.22664e-07
2.22286e-07
2.21906e-07
2.21525e-07
2.21141e-07
2.20756e-07
2.20369e-07
2.1998e-07
2.19589e-07
2.19196e-07
2.18802e-07
2.18405e-07
2.18007e-07
2.17607e-07
2.17205e-07
2.16802e-07
2.16396e-07
2.15989e-07
2.1558e-07
2.152e-07
2.14872e-07
2.14542e-07
2.1421e-07
2.13876e-07
2.1354e-07
2.13202e-07
2.12862e-07
2.1252e-07
2.12181e-07
2.12388e-07
2.14489e-07
2.16499e-07
2.18417e-07
2.20244e-07
2.21978e-07
2.23618e-07
2.25163e-07
2.26614e-07
2.2797e-07
2.29229e-07
2.30393e-07
2.31459e-07
2.32428e-07
2.33484e-07
2.34719e-07
2.35854e-07
2.3689e-07
2.37827e-07
2.38663e-07
2.39399e-07
2.40035e-07
2.40569e-07
2.41002e-07
2.41334e-07
2.41565e-07
2.41693e-07
2.41721e-07
2.41647e-07
2.41471e-07
2.41194e-07
2.41262e-07
2.41254e-07
2.41144e-07
2.40933e-07
2.4062e-07
2.40205e-07
2.39689e-07
2.39072e-07
2.38354e-07
2.37536e-07
2.36617e-07
2.35599e-07
2.34481e-07
2.33796e-07
2.33072e-07
2.32293e-07
2.31567e-07
2.30744e-07
2.29821e-07
2.28801e-07
2.27683e-07
2.26468e-07
2.25156e-07
2.23748e-07
2.22244e-07
2.20645e-07
2.18952e-07
2.17165e-07
2.15285e-07
2.13313e-07
2.11249e-07
2.09363e-07
2.07549e-07
2.05643e-07
2.03648e-07
2.03069e-07
2.02951e-07
2.02828e-07
2.02702e-07
2.02572e-07
2.02438e-07
2.02301e-07
2.02159e-07
2.02014e-07
2.01866e-07
2.01713e-07
2.01557e-07
2.01397e-07
2.01233e-07
2.01065e-07
2.00893e-07
2.00718e-07
2.00538e-07
2.00355e-07
2.00168e-07
1.99976e-07
1.99781e-07
1.99582e-07
1.99379e-07
1.99171e-07
1.9896e-07
1.98745e-07
1.98525e-07
1.98301e-07
1.98073e-07
1.97841e-07
1.97605e-07
1.97364e-07
1.9712e-07
1.96871e-07
1.96617e-07
1.96359e-07
1.96097e-07
1.9583e-07
1.95559e-07
1.95284e-07
1.95004e-07
1.94719e-07
1.9443e-07
1.94137e-07
1.93838e-07
1.93535e-07
1.93228e-07
1.92915e-07
1.92598e-07
1.92276e-07
1.9195e-07
1.91618e-07
1.91282e-07
1.90941e-07
1.90595e-07
1.90243e-07
1.89887e-07
1.89526e-07
1.8916e-07
1.88789e-07
1.88413e-07
1.88031e-07
1.87645e-07
1.87253e-07
1.86856e-07
1.86454e-07
1.86046e-07
1.8921e-07
1.92449e-07
1.95633e-07
1.9876e-07
2.0183e-07
2.04841e-07
2.07792e-07
2.10684e-07
2.13514e-07
2.16282e-07
2.19281e-07
2.22514e-07
2.2568e-07
2.28826e-07
2.31976e-07
2.35057e-07
2.38069e-07
2.41009e-07
2.43878e-07
2.46675e-07
2.49398e-07
2.52047e-07
2.54622e-07
2.57121e-07
2.59545e-07
2.61891e-07
2.6416e-07
2.66351e-07
2.68464e-07
2.70498e-07
2.72452e-07
2.74326e-07
2.76228e-07
2.78231e-07
2.8015e-07
2.81987e-07
2.8378e-07
2.85558e-07
2.87252e-07
2.88862e-07
2.90385e-07
2.91823e-07
2.93176e-07
2.94442e-07
2.95622e-07
2.96715e-07
2.97722e-07
2.98642e-07
2.99475e-07
3.00347e-07
3.01266e-07
3.02097e-07
3.02839e-07
3.03493e-07
3.04057e-07
3.04533e-07
3.0492e-07
3.05219e-07
3.0589e-07
3.06612e-07
3.07244e-07
3.07788e-07
3.08242e-07
3.08606e-07
3.08882e-07
3.09069e-07
3.09168e-07
3.09177e-07
3.09099e-07
3.08933e-07
3.08679e-07
3.08337e-07
3.07909e-07
3.07394e-07
3.06794e-07
3.0637e-07
3.05863e-07
3.05268e-07
3.04586e-07
3.03817e-07
3.02963e-07
3.02024e-07
3.00999e-07
2.99891e-07
2.98698e-07
2.97423e-07
2.96066e-07
2.94627e-07
2.93107e-07
2.91507e-07
2.89828e-07
2.88071e-07
2.86431e-07
2.84783e-07
2.83056e-07
2.81251e-07
2.79369e-07
2.77411e-07
2.75377e-07
2.73269e-07
2.71087e-07
2.68833e-07
2.66507e-07
2.64111e-07
2.61645e-07
2.59111e-07
2.56509e-07
2.54085e-07
2.51623e-07
2.496e-07
2.47835e-07
2.45997e-07
2.44087e-07
2.42106e-07
2.40054e-07
2.37931e-07
2.3574e-07
2.3348e-07
2.31152e-07
2.28758e-07
2.26298e-07
2.23773e-07
2.21184e-07
2.18532e-07
2.15818e-07
2.13106e-07
2.13615e-07
2.14079e-07
2.14497e-07
2.14869e-07
2.15194e-07
2.15473e-07
2.15706e-07
2.15892e-07
2.16032e-07
2.16126e-07
2.16172e-07
2.16173e-07
2.16127e-07
2.16035e-07
2.15897e-07
2.15712e-07
2.15482e-07
2.15205e-07
2.14883e-07
2.14515e-07
2.14102e-07
2.13644e-07
2.13141e-07
2.12593e-07
2.12001e-07
2.11364e-07
2.10683e-07
2.09959e-07
2.09191e-07
2.08381e-07
2.07527e-07
2.06631e-07
2.05694e-07
2.04714e-07
2.03693e-07
2.02808e-07
2.03046e-07
2.03268e-07
2.03473e-07
2.03661e-07
2.03833e-07
2.03988e-07
2.04126e-07
2.04248e-07
2.04353e-07
2.04441e-07
2.04513e-07
2.04568e-07
2.04607e-07
2.0463e-07
2.04635e-07
2.04625e-07
2.04598e-07
2.04555e-07
2.04496e-07
2.0442e-07
2.04329e-07
2.04221e-07
2.04098e-07
2.03958e-07
2.03804e-07
2.03633e-07
2.03447e-07
2.03246e-07
2.03029e-07
2.02797e-07
2.0255e-07
2.02288e-07
2.02011e-07
2.0172e-07
2.01414e-07
2.01094e-07
2.00759e-07
2.00411e-07
2.00048e-07
1.99672e-07
1.99282e-07
1.98878e-07
1.98462e-07
1.98032e-07
1.97589e-07
1.97133e-07
1.96665e-07
1.96185e-07
1.95692e-07
1.95187e-07
1.9467e-07
1.94142e-07
1.93602e-07
1.93051e-07
1.92489e-07
1.91916e-07
1.91333e-07
1.90739e-07
1.90135e-07
1.89521e-07
1.88897e-07
1.88263e-07
1.87621e-07
1.86969e-07
1.86308e-07
1.85638e-07
1.84961e-07
1.84274e-07
1.8358e-07
1.82878e-07
1.82169e-07
1.81452e-07
1.80728e-07
1.79998e-07
1.79261e-07
1.78517e-07
1.77767e-07
1.77012e-07
1.7826e-07
1.7953e-07
1.80731e-07
1.81862e-07
1.82923e-07
1.83915e-07
1.84837e-07
1.85689e-07
1.86471e-07
1.87183e-07
1.87872e-07
1.88788e-07
1.89638e-07
1.90421e-07
1.91138e-07
1.91788e-07
1.92475e-07
1.93315e-07
1.94093e-07
1.94808e-07
1.95459e-07
1.96112e-07
1.96942e-07
1.97713e-07
1.98425e-07
1.99077e-07
1.99765e-07
2.00586e-07
2.01351e-07
2.0206e-07
2.02712e-07
2.03375e-07
2.04188e-07
2.04948e-07
2.05655e-07
2.06309e-07
2.0691e-07
2.07566e-07
2.08324e-07
2.09032e-07
2.09689e-07
2.10295e-07
2.10851e-07
2.11356e-07
2.11893e-07
2.12558e-07
2.13176e-07
2.13745e-07
2.14265e-07
2.14737e-07
2.15161e-07
2.15537e-07
2.15864e-07
2.16142e-07
2.16373e-07
2.16555e-07
2.16688e-07
2.16774e-07
2.16811e-07
2.168e-07
2.16741e-07
2.16635e-07
2.16481e-07
2.16279e-07
2.1603e-07
2.15734e-07
2.15391e-07
2.15002e-07
2.14566e-07
2.14084e-07
2.13555e-07
2.12982e-07
2.12363e-07
2.11698e-07
2.10989e-07
2.10236e-07
2.09439e-07
2.08598e-07
2.07713e-07
2.06786e-07
2.05816e-07
2.04805e-07
2.03751e-07
2.02657e-07
2.01521e-07
2.00345e-07
1.9913e-07
1.97875e-07
1.96582e-07
1.9525e-07
1.9388e-07
1.93426e-07
1.93108e-07
1.92757e-07
1.92373e-07
1.92026e-07
1.91656e-07
1.91253e-07
1.90818e-07
1.90352e-07
1.89881e-07
1.89426e-07
1.8894e-07
1.88423e-07
1.87876e-07
1.87414e-07
1.86937e-07
1.86431e-07
1.85896e-07
1.85332e-07
1.84795e-07
1.84243e-07
1.83663e-07
1.83056e-07
1.82421e-07
1.81759e-07
1.81105e-07
1.80462e-07
1.79793e-07
1.79098e-07
1.78377e-07
1.77631e-07
1.76875e-07
1.76202e-07
1.75505e-07
1.74784e-07
1.74038e-07
1.73269e-07
1.72477e-07
1.71661e-07
1.70823e-07
1.69962e-07
1.69079e-07
1.68174e-07
1.6728e-07
1.66464e-07
1.65627e-07
1.64769e-07
1.63891e-07
1.62992e-07
1.62073e-07
1.61135e-07
1.60178e-07
1.59202e-07
1.5822e-07
1.57334e-07
1.5643e-07
1.55509e-07
1.5457e-07
1.53614e-07
1.52642e-07
1.51653e-07
1.50648e-07
1.49627e-07
1.48591e-07
1.4754e-07
1.46474e-07
1.45394e-07
1.44299e-07
1.43191e-07
1.4207e-07
1.40936e-07
1.39789e-07
1.3863e-07
1.37459e-07
1.36276e-07
1.35082e-07
1.33878e-07
1.32922e-07
1.31981e-07
1.31029e-07
1.30068e-07
1.29098e-07
1.28119e-07
1.27131e-07
1.26135e-07
1.25131e-07
1.24118e-07
1.23098e-07
1.22071e-07
1.21036e-07
1.19995e-07
1.18947e-07
1.17892e-07
1.16832e-07
1.15766e-07
1.14693e-07
1.13616e-07
1.12534e-07
1.11446e-07
1.10355e-07
1.09258e-07
1.08158e-07
1.07054e-07
1.05946e-07
1.04835e-07
1.03721e-07
1.03182e-07
1.02857e-07
1.02525e-07
1.02582e-07
1.04251e-07
1.05907e-07
1.07548e-07
1.09176e-07
1.10788e-07
1.12386e-07
1.13991e-07
1.15909e-07
1.1781e-07
1.19693e-07
1.21558e-07
1.23405e-07
1.25232e-07
1.2704e-07
1.28828e-07
1.30595e-07
1.32341e-07
1.34066e-07
1.35768e-07
1.37617e-07
1.39617e-07
1.41592e-07
1.43542e-07
1.45466e-07
1.47365e-07
1.49237e-07
1.51082e-07
1.529e-07
1.54689e-07
1.5645e-07
1.58182e-07
1.59885e-07
1.61713e-07
1.63673e-07
1.65601e-07
1.67496e-07
1.69358e-07
1.71186e-07
1.72979e-07
1.74738e-07
1.76462e-07
1.78149e-07
1.79801e-07
1.81415e-07
1.82993e-07
1.84533e-07
1.86035e-07
1.87498e-07
1.88923e-07
1.90696e-07
1.92442e-07
1.94145e-07
1.95807e-07
1.97426e-07
1.99001e-07
2.00534e-07
2.02022e-07
2.03465e-07
2.04864e-07
2.06218e-07
2.07527e-07
2.08789e-07
2.10006e-07
2.11176e-07
2.12299e-07
2.13375e-07
2.14404e-07
2.15386e-07
2.1632e-07
2.17443e-07
2.18562e-07
2.1963e-07
2.20649e-07
2.21616e-07
2.22533e-07
2.23398e-07
2.24212e-07
2.24974e-07
2.25685e-07
2.26343e-07
2.2695e-07
2.27505e-07
2.28007e-07
2.28457e-07
2.28855e-07
2.29201e-07
2.29494e-07
2.29879e-07
2.3033e-07
2.30726e-07
2.31069e-07
2.31356e-07
2.3159e-07
2.31769e-07
2.31893e-07
2.31963e-07
2.31979e-07
2.31941e-07
2.31849e-07
2.31703e-07
2.31503e-07
2.31282e-07
2.31395e-07
2.31452e-07
2.31454e-07
2.31401e-07
2.31292e-07
2.31129e-07
2.30911e-07
2.30638e-07
2.3031e-07
2.29928e-07
2.2957e-07
2.29184e-07
2.28744e-07
2.2825e-07
2.2772e-07
2.27217e-07
2.2666e-07
2.26048e-07
2.25383e-07
2.24664e-07
2.23892e-07
2.23109e-07
2.22341e-07
2.21521e-07
2.20648e-07
2.19723e-07
2.18747e-07
2.17719e-07
2.16641e-07
2.15513e-07
2.14336e-07
2.13109e-07
2.11833e-07
2.1051e-07
2.09139e-07
2.07866e-07
2.06613e-07
2.05311e-07
2.03961e-07
2.02565e-07
2.01123e-07
1.99634e-07
1.98101e-07
1.96523e-07
1.94901e-07
1.93237e-07
1.91529e-07
1.90271e-07
1.89336e-07
1.88352e-07
1.8732e-07
1.86241e-07
1.85114e-07
1.83941e-07
1.82721e-07
1.81456e-07
1.80146e-07
1.78792e-07
1.77394e-07
1.75952e-07
1.74468e-07
1.72942e-07
1.71375e-07
1.69767e-07
1.68119e-07
1.66432e-07
1.64706e-07
1.62943e-07
1.61142e-07
1.59306e-07
1.57433e-07
1.55618e-07
1.53857e-07
1.52061e-07
1.50231e-07
1.48369e-07
1.46474e-07
1.44548e-07
1.42591e-07
1.40604e-07
1.38588e-07
1.36544e-07
1.34473e-07
1.32376e-07
1.30252e-07
1.28104e-07
1.25932e-07
1.23862e-07
1.21791e-07
1.19697e-07
1.17581e-07
1.15497e-07
1.13485e-07
1.11452e-07
1.094e-07
1.0733e-07
1.05274e-07
1.03326e-07
1.01361e-07
