0.254787 0.16602
-0.686712 0.0370246
0.540755 0.0640105
0.0528545 -0.938397
-0.044469 -0.951887
0.890669 0.0109663
-1.06114 0.0157677
-0.128744 -0.227193
-0.371161 0.181542
-0.239455 0.2048
0.141184 -0.25281
0.388902 0.156199
0.708472 0.0229921
-0.867158 0.0219079
-0.520901 0.078492
0.0029645 -1.16031
1.08628 0.0031015
-1.26776 0.0135841
-1.4863 0.0130311
1.29443 0.000330177
0.321286 0.191331
-0.603307 0.0514327
0.624159 0.0380313
0.0962195 -0.585477
-0.020752 -1.08856
0.988079 0.00601978
-0.963726 0.0180494
-0.0853785 -0.565362
-0.304661 0.224264
-0.1833 0.0739669
0.197339 0.0232774
0.46433 0.101903
0.79915 0.0141534
-0.776481 0.027756
-0.445472 0.121322
0.0266815 -1.09489
1.18998 0.00200713
-1.16405 0.0143694
-1.37666 0.0131183
1.40407 -0.000918157
0.288036 0.188653
-0.64501 0.0432388
0.582457 0.0492021
0.074537 -0.770283
-0.0326105 -1.02546
0.939374 0.00810878
-1.01243 0.0167914
-0.107061 -0.383911
-0.337911 0.206482
-0.211377 0.155528
0.169262 -0.0958102
0.426615 0.127949
0.753811 0.0179724
-0.821819 0.0245591
-0.483187 0.0973449
0.0148225 -1.14092
1.13813 0.00261818
-1.21591 0.0138956
-1.43148 0.0130391
1.34925 -0.000326994
0.354536 0.17777
-0.561607 0.0624198
0.66586 0.0296454
0.117902 -0.409477
-0.0088935 -1.12922
1.03678 0.00445537
-0.915021 0.0196665
-0.0636955 -0.759785
-0.271412 0.226188
-0.155222 -0.0483514
0.225417 0.104427
0.502044 0.0800115
0.844488 0.0113167
-0.731141 0.0318238
-0.407759 0.150244
0.0385395 -1.02585
1.24183 0.00132007
-1.1122 0.0149869
-1.32184 0.0132767
1.45888 -0.0012883
0.271412 0.179643
-0.66586 0.0397926
0.561607 0.0563495
0.0636955 -0.859897
-0.0385395 -0.989796
0.915021 0.00945011
-1.03678 0.0162454
-0.117902 -0.30219
-0.354536 0.194414
-0.225417 0.183544
0.155222 -0.170646
0.407759 0.141789
0.731141 0.0202684
-0.844488 0.0231888
-0.502044 0.0873854
0.0088935 -1.15313
1.1122 0.00287601
-1.24183 0.0137345
-1.45888 0.0130431
1.32184 2.27523e-06
0.337911 0.1862
-0.582457 0.0564867
0.64501 0.0334453
0.107061 -0.495464
-0.0148225 -1.11266
1.01243 0.00519007
-0.939374 0.0188139
-0.074537 -0.66187
-0.288036 0.227837
-0.169262 0.0182658
0.211377 0.0683163
0.483187 0.0902588
0.821819 0.0125879
-0.753811 0.029676
-0.426615 0.135195
0.0326105 -1.06407
1.21591 0.00167979
-1.13813 0.014658
-1.34925 0.0131827
1.43148 -0.00114295
0.304661 0.192467
-0.624159 0.0469423
0.603307 0.0431526
0.0853785 -0.677981
-0.0266815 -1.06013
0.963726 0.00695652
-0.988079 0.0173816
-0.0962195 -0.471942
-0.321286 0.216873
-0.197339 0.119468
0.1833 -0.0311701
0.445472 0.114505
0.776481 0.015944
-0.79915 0.0260775
-0.46433 0.10859
0.020752 -1.12163
1.16405 0.00232666
-1.18998 0.0141117
-1.40407 0.0130619
1.37666 -0.000628151
0.371161 0.166984
-0.540755 0.0695549
0.686712 0.0260868
0.128744 -0.328798
-0.0029645 -1.13733
1.06114 0.00375187
-0.890669 0.0206558
-0.0528545 -0.858741
-0.254787 0.218095
-0.141184 -0.126929
0.239455 0.133343
0.520901 0.0711418
0.867158 0.0104469
-0.708472 0.0342723
-0.388902 0.166101
0.044469 -0.985145
1.26776 0.000933233
-1.08628 0.0153801
-1.29443 0.0133814
1.4863 -0.00126436
