1.00303 0.583723 0.0179881 2.6807 
0.982319 0.624332 -0.00392807 2.63773 
1.00962 0.523713 -0.0773033 2.69035 
0.989847 0.610578 0.00169438 2.65305 
0.999379 0.583965 -0.000177521 2.67116 
1.00438 0.583515 0.00048285 2.68486 
0.999245 0.58286 -0.00558334 2.67061 
1.00564 0.57925 0.0138791 2.68671 
0.981133 0.61243 -0.0276857 2.62755 
0.989392 0.611267 -0.000356988 2.65198 
0.993791 0.607856 0.00283198 2.66437 
0.993262 0.589814 -0.0211355 2.65455 
0.997213 0.598523 0.0151085 2.67011 
0.986323 0.597571 -0.0504189 2.64129 
0.99716 0.600739 0.0222287 2.6715 
0.998699 0.521665 -0.087401 2.6529 
0.99986 0.59274 -8.11319e-05 2.67557 
1.00402 0.584537 6.71861e-05 2.68422 
1.00786 0.576109 0.00109632 2.69222 
1.00315 0.549197 -0.00505284 2.67813 
0.887301 0.651039 -0.0961376 2.37241 
0.979016 0.634849 0.0340089 2.63484 
0.891162 0.700661 0.0870003 2.41449 
0.99757 0.564653 -0.00152508 2.66527 
1.00494 0.582416 0.00026899 2.68609 
0.97698 0.6204 0.148826 2.63258 
0.991625 0.60424 -0.00134887 2.65509 
1.00261 0.582438 0.0417085 2.67949 
0.999047 0.594119 -0.000638474 2.67368 
0.998335 0.595317 -0.000526084 2.67199 
0.977335 0.620411 -0.0129528 2.61931 
1.00198 0.590671 0.00105113 2.68107 
0.963182 0.656988 -0.0330544 2.60029 
0.998547 0.585234 -0.0100899 2.66811 
1.00305 0.586176 0.00369956 2.68198 
1.00468 0.583843 0.00685061 2.68606 
1.02638 0.545761 0.0276518 2.73867 
1.02985 0.554285 0.10014 2.76116 
0.958765 0.55456 -0.12833 2.5443 
0.981545 0.618801 0.0305415 2.63186 
1.01077 0.573051 0.0318311 2.70093 
0.897128 0.683526 -0.0693057 2.42176 
0.949466 0.663779 0.00498491 2.56048 
1.00893 0.573977 0.00763595 2.69464 
0.997137 0.562529 -0.0368443 2.66 
1.01068 0.529157 -0.016552 2.69468 
0.997554 0.557373 -0.000968573 2.66338 
1.00245 0.545125 -0.00913916 2.67353 
0.998397 0.589744 -0.00316896 2.66936 
1.00583 0.580628 0.000434736 2.68803 
0.968095 0.645444 0.0322195 2.60659 
0.984943 0.602989 -0.0183467 2.63321 
1.00442 0.58309 0.00437983 2.68474 
0.926296 0.692508 0.101958 2.51792 
1.01346 0.565134 0.00410289 2.70489 
0.860584 0.706528 -0.00734123 2.32594 
0.999454 0.583443 -0.00285329 2.67079 
1.0048 0.583076 0.00209878 2.686 
0.995563 0.589909 0.10085 2.66619 
0.997113 0.563702 -0.00266712 2.6632 
1.00514 0.582134 0.00146685 2.6866 
0.999705 0.588639 -0.000754296 2.67345 
1.00424 0.583972 5.60294e-05 2.68463 
1.0074 0.577509 0.00183705 2.69147 
0.999277 0.569301 -0.00502634 2.67015 
0.99913 0.58258 -0.0010251 2.67037 
1.00441 0.5836 0.000861955 2.68499 
0.996254 0.566507 -0.000180409 2.66166 
1.00462 0.583238 4.56998e-05 2.68548 
0.997743 0.575282 -0.000778959 2.6667 
1.00481 0.58269 0.000358442 2.68581 
0.944867 0.629298 -0.0926387 2.53387 
0.999466 0.58599 -0.000817147 2.6718 
1.00435 0.58386 0.000197036 2.68495 
0.925316 0.691021 0.0326393 2.50672 
1.01523 0.557813 0.0532515 2.70856 
1.00709 0.578554 0.0152562 2.69119 
1.02082 0.546136 0.0219502 2.71985 
0.963057 0.63958 -0.0606747 2.59056 
1.00421 0.584049 0.000623818 2.68459 
0.999411 0.585898 -0.00137161 2.67154 
1.00081 0.57823 -0.00995922 2.67606 
0.984925 0.621026 0.0822615 2.64808 
0.999653 0.582677 -0.00491565 2.67223 
0.998013 0.585372 -0.0194599 2.66817 
1.00686 0.579272 0.00519215 2.6907 
0.996008 0.585979 -0.0121702 2.66005 
0.952425 0.661539 0.0602665 2.57024 
0.998878 0.580284 -0.00124459 2.67022 
1.00517 0.582095 0.00371052 2.68667 
1.00382 0.584946 0.000348349 2.68381 
0.999682 0.591699 -0.000788082 2.67453 
0.99926 0.58385 -0.00119255 2.67094 
1.00469 0.583196 0.00107085 2.68569 
0.986693 0.607779 0.0716241 2.64433 
0.95796 0.650057 -0.0440589 2.57982 
0.93527 0.662807 -0.0631563 2.52066 
0.996601 0.597306 -0.00515472 2.66759 
1.00283 0.590725 0.0528892 2.6858 
0.936281 0.66807 -0.00700199 2.52231 
1.0045 0.583466 4.24941e-05 2.6852 
1.00442 0.583643 0.000109288 2.68505 
0.995833 0.567648 -0.000105915 2.66067 
0.997187 0.573733 -0.00199545 2.66506 
0.998268 0.593895 0.0176855 2.67087 
1.00214 0.591812 0.0164924 2.68249 
1.00254 0.585975 0.00992732 2.68021 
0.988624 0.613716 0.0124423 2.65136 
0.982496 0.618345 0.00732453 2.63439 
0.97967 0.6312 0.00855912 2.63384 
1.01291 0.52371 -0.0436817 2.69992 
1.00255 0.5198 -0.0553463 2.66298 
0.998141 0.568357 -0.0525781 2.66707 
0.989334 0.61071 0.00944728 2.65159 
0.987934 0.613749 0.00416393 2.64887 
0.985022 0.612935 -0.00189647 2.63891 
0.999302 0.58392 -0.000915013 2.67097 
0.999379 0.583935 -0.000749082 2.6713 
0.998674 0.579505 -0.00111688 2.66905 
1.00437 0.583601 0.000208578 2.68487 
1.00441 0.583607 0.000348956 2.68501 
1.00446 0.583398 0.000349345 2.68505 
0.998599 0.582847 -0.0105974 2.66841 
0.999967 0.583516 -0.00754778 2.67356 
0.999648 0.577775 -0.0074313 2.67165 
1.00544 0.580732 0.00723883 2.68681 
1.0062 0.581342 0.00939313 2.68974 
1.00691 0.576902 0.00930261 2.68955 
0.975655 0.618128 -0.0426428 2.61512 
0.980267 0.610802 -0.0380254 2.62561 
0.987458 0.603098 -0.0456676 2.64538 
0.987348 0.612642 -0.00688867 2.64642 
0.988722 0.609158 -0.00550052 2.64869 
0.990572 0.60835 -0.00677224 2.6543 
0.998716 0.598746 0.00253878 2.67508 
0.995047 0.603032 0.00538902 2.66555 
0.994136 0.605938 0.00850864 2.66444 
0.984719 0.607031 -0.0222971 2.63593 
0.98921 0.596651 -0.0283392 2.64527 
0.989913 0.593906 -0.0319482 2.64769 
0.999675 0.594379 0.00504269 2.67563 
0.999703 0.593088 0.00695221 2.67497 
1.00157 0.590451 0.0084405 2.6796 
0.970645 0.632803 -0.0551745 2.6105 
0.976238 0.610496 -0.065474 2.61641 
0.976211 0.603122 -0.0685071 2.61382 
1.00413 0.587338 0.0225372 2.68661 
1.00005 0.589658 0.0260288 2.67448 
0.999902 0.599582 0.0343874 2.68046 
0.993087 0.571339 -0.0557006 2.65171 
0.99601 0.566097 -0.069562 2.66135 
0.985263 0.568693 -0.0820177 2.62777 
0.999522 0.593503 -9.08303e-05 2.67489 
0.999731 0.593071 -0.000277546 2.67534 
0.999685 0.591457 -0.000358298 2.67438 
1.00421 0.584043 1.63226e-05 2.68457 
1.00413 0.584251 0.000221326 2.68445 
1.00415 0.584036 0.000251484 2.68439 
1.0097 0.571765 0.00207317 2.69593 
1.00892 0.574074 0.0032809 2.69461 
1.00851 0.576013 0.00431954 2.69434 
0.999672 0.554672 -0.00258612 2.66907 
0.999509 0.552381 -0.00464323 2.66725 
1.00076 0.568704 -0.00620811 2.67484 
0.922756 0.602785 -0.128988 2.45643 
0.922233 0.635872 -0.109641 2.47235 
0.928781 0.642803 -0.099563 2.49257 
0.99285 0.608396 0.0459801 2.66328 
0.985489 0.615859 0.0487964 2.64393 
0.984219 0.627251 0.0532756 2.64788 
0.875954 0.708423 0.0496784 2.37308 
0.901898 0.709681 0.0635383 2.45319 
0.920518 0.685502 0.051145 2.48793 
0.996732 0.566036 -0.000740038 2.663 
0.996566 0.565547 -0.00126506 2.66216 
0.997995 0.57538 -0.00149897 2.6676 
1.00525 0.581706 0.000427939 2.68669 
1.00514 0.582091 0.000623255 2.68655 
1.00506 0.582428 0.000872573 2.68647 
0.935525 0.666336 0.122782 2.52882 
0.959322 0.653497 0.131364 2.59667 
0.963678 0.632825 0.117542 2.59255 
0.990045 0.610205 -0.000355561 2.65348 
0.990996 0.60822 -0.00317702 2.65543 
0.991003 0.605111 -0.00415778 2.65373 
1.00593 0.577319 0.0255454 2.68687 
1.00671 0.581772 0.0375725 2.6926 
1.00861 0.569824 0.0401057 2.69222 
0.998403 0.59311 -0.00253123 2.67111 
0.999125 0.592579 -0.00118293 2.67319 
0.999294 0.591417 -0.00168848 2.67314 
0.995983 0.598823 -0.000861887 2.66626 
0.99734 0.59686 -0.00139821 2.66961 
0.997434 0.595153 -0.00211491 2.66905 
0.968788 0.636192 -0.000169069 2.60199 
0.970472 0.635776 -0.0136394 2.60745 
0.967684 0.62856 -0.0234194 2.59451 
1.00348 0.586261 0.000419307 2.68345 
1.0025 0.587816 0.00240834 2.68109 
1.00261 0.587428 0.00295778 2.68125 
0.966854 0.655325 -0.00169386 2.60938 
0.958807 0.652544 -0.0178982 2.58261 
0.956153 0.6715 -0.0204071 2.58797 
0.999397 0.584332 -0.00555387 2.67044 
0.998471 0.584245 -0.00679262 2.66722 
0.998184 0.59069 -0.00591398 2.66921 
1.00358 0.585127 0.00107117 2.6831 
1.00353 0.585796 0.0017874 2.68334 
1.00376 0.584875 0.00228939 2.68359 
1.00421 0.585418 0.0129259 2.6855 
1.00395 0.583728 0.00792526 2.68357 
1.00326 0.586846 0.00716242 2.68308 
1.03143 0.544468 0.0573741 2.75692 
1.02422 0.538206 0.0419263 2.72804 
1.01911 0.560011 0.0449292 2.72238 
1.01416 0.586175 0.133206 2.73154 
1.01266 0.565283 0.106322 2.70976 
1.00892 0.57845 0.102413 2.704 
0.987877 0.522041 -0.103665 2.62126 
0.974727 0.533219 -0.107635 2.58357 
0.974631 0.577639 -0.106169 2.6015 
0.991355 0.605104 0.0254324 2.65505 
0.988755 0.615115 0.0332405 2.65329 
0.991297 0.606404 0.0409793 2.65642 
1.00698 0.579514 0.0204605 2.69151 
1.00942 0.572273 0.0217344 2.6956 
1.01089 0.572319 0.0198384 2.7005 
0.928429 0.667235 -0.0714094 2.50435 
0.906722 0.677349 -0.0637361 2.44375 
0.911116 0.691258 -0.0419359 2.46569 
0.963735 0.64686 0.0210812 2.59333 
0.954636 0.662609 0.02184 2.57595 
0.945456 0.664648 0.0315517 2.54865 
1.01147 0.568648 0.0054756 2.70014 
1.01069 0.571484 0.00675424 2.69913 
1.01121 0.568182 0.012365 2.69911 
1.0043 0.523788 -0.027635 2.67029 
1.00304 0.557002 -0.031874 2.67803 
1.00119 0.554753 -0.0231246 2.6704 
1.00585 0.538303 -0.00706812 2.68274 
1.00446 0.533141 -0.0128907 2.67523 
1.00463 0.556417 -0.0148507 2.68312 
0.996577 0.559924 -0.000784077 2.66122 
0.99672 0.558862 -0.0016212 2.6611 
0.99804 0.570117 -0.00222702 2.66743 
1.00084 0.567304 -0.00935576 2.67403 
1.00326 0.563445 -0.00917956 2.68112 
1.00293 0.560651 -0.0153472 2.67845 
0.999082 0.583879 -0.00331757 2.66912 
0.999071 0.588168 -0.00335458 2.67087 
0.999279 0.587549 -0.0017034 2.6712 
1.00666 0.57881 0.000623733 2.68973 
1.00636 0.579796 0.00117934 2.6893 
1.0063 0.580299 0.00159559 2.68939 
0.972593 0.641453 0.0588572 2.61986 
0.961662 0.648873 0.0431934 2.58896 
0.954449 0.661785 0.0489747 2.57557 
0.992892 0.590858 -0.0185147 2.65269 
0.990426 0.598214 -0.0149012 2.64837 
0.990393 0.600793 -0.0131542 2.64939 
1.00355 0.585524 0.0043371 2.68326 
1.00411 0.584619 0.00440159 2.68459 
1.00412 0.584011 0.00253835 2.68426 
0.939705 0.679847 0.0638706 2.54453 
0.936703 0.664233 0.084119 2.52511 
0.956556 0.656992 0.100807 2.58476 
1.01909 0.554928 0.0113772 2.7184 
1.01571 0.558513 0.0112974 2.70895 
1.01426 0.566085 0.0135121 2.70821 
0.868736 0.690577 -0.048885 2.34007 
0.88493 0.705584 -0.030728 2.39901 
0.89795 0.6939 -0.0278195 2.42673 
0.999284 0.582503 -0.00168425 2.67084 
0.999388 0.583425 -0.00174335 2.67056 
0.999463 0.585964 -0.00203564 2.6714 
1.00475 0.583177 0.0037476 2.68588 
1.00461 0.583171 0.00236286 2.68541 
1.00434 0.583795 0.00235076 2.68488 
0.987123 0.604557 0.135541 2.65337 
0.988056 0.606942 0.124994 2.65567 
0.978551 0.621434 0.113492 2.6327 
0.998067 0.575396 -0.00183077 2.66762 
0.998363 0.572996 -0.00118466 2.66867 
0.998253 0.572329 -0.00300779 2.66792 
1.00558 0.58133 0.000790255 2.6876 
1.00552 0.581466 0.00109181 2.68747 
1.00571 0.581013 0.00191859 2.68783 
0.999823 0.591562 -0.000518915 2.6749 
0.99985 0.590267 -0.000266674 2.6744 
0.999722 0.590352 -0.000830026 2.67403 
1.0043 0.583856 0.000122735 2.68478 
1.00425 0.583957 0.000102554 2.68466 
1.00422 0.583975 0.000240233 2.68457 
1.00754 0.577078 0.00470289 2.69171 
1.00721 0.578608 0.0024947 2.69147 
1.00661 0.57931 0.00285901 2.68989 
0.997585 0.556121 -0.00209964 2.66278 
0.999019 0.569225 -0.0039004 2.66997 
0.99819 0.569668 -0.00342314 2.66739 
0.999319 0.584563 -0.00103659 2.67099 
0.999373 0.584541 -0.00149282 2.67116 
0.999503 0.585921 -0.00122389 2.6715 
1.00464 0.583119 0.0012858 2.68549 
1.00445 0.58361 0.00136704 2.68513 
1.00431 0.583757 0.00146838 2.68475 
0.996226 0.567361 -0.000327069 2.66182 
0.996177 0.566929 -0.000577758 2.66141 
0.997214 0.573648 -0.000782396 2.66534 
1.00474 0.582996 7.20379e-05 2.68574 
1.00465 0.583107 0.000143836 2.68552 
1.00462 0.583367 0.000188002 2.68554 
0.99618 0.56628 -0.000359264 2.66128 
0.997403 0.573698 -0.0013557 2.66579 
0.997215 0.573686 -0.00097631 2.66515 
1.00481 0.582662 0.000940571 2.68578 
1.00476 0.583062 0.000495465 2.68587 
1.00463 0.583139 0.000445293 2.68545 
0.949981 0.580617 -0.118554 2.52876 
0.952874 0.61094 -0.10795 2.55004 
0.966579 0.596225 -0.0950485 2.58398 
0.99947 0.586575 -3.85558e-05 2.67203 
0.999424 0.586403 -0.000882144 2.67175 
0.999611 0.589528 -0.000747769 2.67338 
1.00435 0.583866 0.000470319 2.68494 
1.00432 0.583829 0.000385353 2.68482 
1.00427 0.584051 0.000378616 2.6848 
0.894695 0.712977 0.0194238 2.43337 
0.908163 0.695997 0.0146205 2.45841 
0.915031 0.699863 -0.00225149 2.48288 
1.02218 0.540768 0.074961 2.72483 
1.01684 0.563996 0.0729442 2.71909 
1.00978 0.566633 0.0776448 2.6972 
1.00845 0.574864 0.00918677 2.69355 
1.00894 0.57393 0.0143015 2.69475 
1.01004 0.571882 0.0139471 2.69729 
1.0161 0.557621 0.0331878 2.71033 
1.01748 0.561596 0.025314 2.71687 
1.01455 0.561647 0.0198353 2.70689 
0.951514 0.637033 -0.0789627 2.55524 
0.960406 0.625791 -0.0726678 2.57614 
0.969307 0.61473 -0.0854689 2.59931 
1.0043 0.583831 0.000846777 2.68477 
1.00424 0.584113 0.000782297 2.68471 
1.00415 0.584064 0.00139631 2.6844 
0.999558 0.589446 -0.00129919 2.67313 
0.999578 0.588068 -0.000964571 2.67264 
0.99948 0.587971 -0.00171753 2.67225 
0.999496 0.585198 -0.015239 2.67296 
1.00017 0.577797 -0.0148567 2.67369 
1.00201 0.57623 -0.0163182 2.67964 
0.996615 0.605948 0.0927493 2.67831 
0.985289 0.613829 0.0875855 2.6454 
0.981848 0.632896 0.102252 2.6489 
1.00011 0.577872 -0.00611435 2.67379 
0.999263 0.578074 -0.00472554 2.67103 
0.99934 0.577743 -0.00432556 2.67165 
0.996885 0.582763 -0.0327534 2.66537 
0.999875 0.580219 -0.0234214 2.67369 
1.00138 0.575295 -0.0242268 2.67709 
1.00555 0.582112 0.00463582 2.68796 
1.00614 0.579514 0.00436643 2.68844 
1.00623 0.580292 0.00317386 2.68916 
0.996848 0.591657 -0.00647389 2.6653 
0.995428 0.594076 -0.00992037 2.66206 
0.99349 0.596826 -0.00894455 2.65721 
0.974468 0.62763 0.0730549 2.6175 
0.96797 0.651747 0.083188 2.61457 
0.966306 0.641984 0.0916987 2.60346 
0.999394 0.582674 -0.00297613 2.67136 
0.999121 0.580274 -0.00288374 2.67102 
0.998982 0.57779 -0.00230042 2.67048 
1.00506 0.582071 0.00190476 2.68628 
1.00537 0.58204 0.0031895 2.6873 
1.0056 0.580573 0.00270566 2.68721 
1.00412 0.584282 0.000485604 2.68442 
1.00396 0.584354 0.000665943 2.68394 
1.00397 0.584691 0.00111438 2.68417 
0.99955 0.593841 -0.000463197 2.67518 
0.999496 0.591781 -0.00102107 2.67396 
0.999568 0.591334 -0.00105458 2.67401 
0.998881 0.581132 -0.00143495 2.66992 
0.998768 0.581054 -0.000916355 2.66949 
0.998427 0.579405 -0.00163008 2.6686 
1.00447 0.583547 0.00078775 2.68516 
1.00455 0.583191 0.000735652 2.68522 
1.00457 0.583377 0.00051454 2.68539 
0.995463 0.59433 0.0573456 2.66373 
0.993885 0.603749 0.0713229 2.66556 
0.99592 0.592972 0.0781773 2.66628 
0.944963 0.662775 -0.0350705 2.54693 
0.948396 0.658773 -0.0460479 2.55574 
0.94457 0.650902 -0.0568814 2.54013 
0.936685 0.661946 -0.0305088 2.52023 
0.931197 0.670976 -0.0386885 2.51171 
0.921859 0.678318 -0.035597 2.48794 
0.994861 0.601141 -0.00261326 2.66394 
0.994907 0.599137 -0.00433665 2.66305 
0.993395 0.601887 -0.00669892 2.65971 
1.012 0.574555 0.0511659 2.70692 
1.00631 0.576648 0.0562284 2.68936 
1.00633 0.587896 0.0717113 2.69741 
0.931824 0.679793 0.0249308 2.51739 
0.927444 0.680576 -0.00125946 2.50449 
0.921706 0.686239 -0.00530897 2.49175 
1.00453 0.583329 8.24571e-05 2.68523 
1.00454 0.583433 0.000114943 2.68533 
1.00455 0.583414 0.000164318 2.68535 
1.00448 0.583522 4.24911e-05 2.68519 
1.00447 0.583525 8.63309e-05 2.68517 
1.0045 0.583511 0.000181982 2.68525 
0.995651 0.568522 -0.000175282 2.66035 
0.995851 0.568317 -0.000447393 2.6609 
0.996829 0.573648 -0.000582861 2.66426 
0.998599 0.581188 -0.00144236 2.6689 
0.997873 0.577289 -0.000726876 2.66704 
0.997972 0.577274 -0.00190812 2.66736 
