1.00442 0.580005 0.0180615 2.68315 
0.983805 0.620305 -0.00346915 2.64003 
1.01013 0.518505 -0.0764729 2.6889 
0.991181 0.60739 0.00178409 2.65549 
0.999499 0.580342 -9.63819e-05 2.66937 
1.00633 0.579638 0.000559837 2.68911 
0.999812 0.578915 -0.00542232 2.67012 
1.00703 0.575381 0.0140029 2.68915 
0.982467 0.608529 -0.0269948 2.62943 
0.990652 0.608099 -0.000219633 2.65419 
0.995156 0.60462 0.00284657 2.66691 
0.994153 0.586007 -0.0205624 2.65516 
0.998607 0.595047 0.0151511 2.67266 
0.987401 0.592549 -0.0493514 2.64157 
0.998526 0.597 0.0222015 2.67379 
0.999466 0.516467 -0.0864954 2.65229 
0.99999 0.590503 -7.16954e-05 2.67468 
1.00585 0.580864 7.75665e-05 2.68822 
1.00931 0.571978 0.0011057 2.69472 
1.00374 0.543422 -0.00499182 2.67652 
0.89082 0.645658 -0.0953604 2.37894 
0.980706 0.630195 0.0338533 2.63731 
0.89493 0.695608 0.0864735 2.4218 
0.998057 0.558793 -0.00153766 2.66317 
1.00671 0.578421 0.000281009 2.68968 
0.9787 0.615684 0.147754 2.63496 
0.99262 0.601483 -0.00127975 2.65671 
1.0039 0.578346 0.0415386 2.68141 
0.999455 0.591766 -0.00063418 2.67363 
0.998819 0.592932 -0.000496463 2.67218 
0.978916 0.616411 -0.0123465 2.6219 
1.0035 0.587275 0.00107354 2.68412 
0.965112 0.651837 -0.0321222 2.60287 
0.999213 0.581997 -0.00982746 2.6684 
1.00461 0.582614 0.0038218 2.68512 
1.00617 0.580105 0.00698116 2.6889 
1.02729 0.541565 0.027465 2.73952 
1.03062 0.549988 0.0994258 2.76136 
0.960376 0.549277 -0.127142 2.54596 
0.983175 0.61465 0.0304769 2.63458 
1.01196 0.568946 0.0317358 2.70259 
0.900562 0.678122 -0.0684514 2.42792 
0.951886 0.658558 0.00522402 2.56448 
1.01031 0.569875 0.00771647 2.69695 
0.997894 0.557215 -0.0361892 2.65927 
1.01109 0.523689 -0.0162878 2.69274 
0.998108 0.551506 -0.000941926 2.6615 
1.00308 0.539387 -0.00908011 2.67207 
0.998959 0.586902 -0.00300406 2.66953 
1.00744 0.576578 0.000451435 2.69107 
0.970062 0.640604 0.0321717 2.60969 
0.986158 0.599627 -0.0178533 2.63513 
1.00599 0.579338 0.00451302 2.68782 
0.929043 0.687584 0.101094 2.52257 
1.0147 0.560934 0.00408491 2.70673 
0.86504 0.701348 -0.00709052 2.33477 
0.999926 0.579894 -0.00283992 2.67023 
1.00648 0.579261 0.00222675 2.68942 
0.996937 0.585387 0.0999801 2.66795 
0.997616 0.557845 -0.0027051 2.66116 
1.00683 0.578235 0.00156338 2.68999 
0.999766 0.585885 -0.000793557 2.67201 
1.0063 0.58015 8.11046e-05 2.6893 
1.00889 0.573397 0.0018763 2.69411 
0.999848 0.563848 -0.00491938 2.66869 
0.999463 0.578681 -0.000941571 2.66911 
1.00623 0.579768 0.00094283 2.68887 
0.996588 0.560589 -0.000177811 2.65897 
1.00656 0.579248 5.94236e-05 2.68965 
0.998094 0.569971 -0.000701884 2.66456 
1.00663 0.578693 0.0003866 2.68957 
0.947029 0.624001 -0.0913253 2.53691 
0.999651 0.582751 -0.00080527 2.67048 
1.00641 0.580003 0.000233755 2.6896 
0.928301 0.685704 0.0324931 2.51196 
1.0163 0.553553 0.0529103 2.70981 
1.00843 0.574641 0.0153111 2.69344 
1.02186 0.541947 0.0218436 2.72114 
0.96482 0.63451 -0.0595949 2.5927 
1.00609 0.580253 0.000707775 2.68868 
0.999641 0.582655 -0.00141749 2.67036 
1.00143 0.573584 -0.00972598 2.67528 
0.986496 0.616363 0.0815616 2.65022 
1.00016 0.578643 -0.00485178 2.67149 
0.99874 0.581419 -0.0191126 2.66819 
1.00832 0.575309 0.00529834 2.69333 
0.996773 0.582757 -0.0118359 2.66065 
0.954755 0.656416 0.0596875 2.57403 
0.999279 0.575676 -0.00105591 2.66873 
1.00675 0.578252 0.00384004 2.68974 
1.00557 0.581335 0.00035556 2.68755 
0.999914 0.589265 -0.000742069 2.67385 
0.999514 0.580217 -0.00124516 2.66959 
1.00647 0.579356 0.00116053 2.68942 
0.98826 0.603251 0.0710354 2.64665 
0.959975 0.644892 -0.0430061 2.58264 
0.937825 0.657475 -0.0621698 2.52473 
0.99728 0.594585 -0.00497248 2.66821 
1.00409 0.586511 0.052569 2.68751 
0.939016 0.662831 -0.00648323 2.52713 
1.0066 0.579489 4.11528e-05 2.68994 
1.00652 0.579738 0.000133027 2.68981 
0.996009 0.561715 -7.89736e-05 2.65742 
0.997311 0.568405 -0.00223399 2.66208 
0.999651 0.590252 0.0177332 2.67331 
1.00353 0.588172 0.0165502 2.68498 
1.00398 0.582347 0.0100188 2.68292 
0.990092 0.609848 0.0125758 2.6538 
0.984053 0.614394 0.00758102 2.63701 
0.981292 0.626912 0.00879882 2.63636 
1.0133 0.518427 -0.0431151 2.69805 
1.00318 0.514581 -0.0546618 2.66196 
0.998876 0.563089 -0.0519322 2.66625 
0.990764 0.607224 0.00955336 2.65416 
0.989317 0.610269 0.00430213 2.65127 
0.986419 0.609511 -0.00157679 2.64138 
0.999503 0.580298 -0.000936699 2.66945 
0.999565 0.580305 -0.000758807 2.66972 
0.998894 0.574998 -0.00119829 2.667 
1.00643 0.579696 0.000253055 2.6895 
1.0064 0.579722 0.00041281 2.68939 
1.00644 0.579516 0.000413518 2.68941 
0.999269 0.578928 -0.010314 2.66827 
1.00056 0.579532 -0.00734554 2.67313 
1.00025 0.573146 -0.00722854 2.67084 
1.00693 0.576883 0.00737292 2.68958 
1.00764 0.577478 0.00950744 2.69232 
1.00834 0.572917 0.00942568 2.69207 
0.977143 0.613786 -0.0418239 2.61713 
0.981616 0.60647 -0.0371125 2.62722 
0.988562 0.598768 -0.0447931 2.64624 
0.988577 0.609271 -0.00648884 2.64837 
0.989927 0.605983 -0.0052192 2.6507 
0.99164 0.605223 -0.0064588 2.6559 
1.00013 0.59543 0.00254846 2.67779 
0.996432 0.599747 0.00544194 2.66816 
0.995536 0.602465 0.00854612 2.66697 
0.985935 0.603179 -0.0216449 2.6375 
0.990248 0.592779 -0.0277365 2.64629 
0.990935 0.589642 -0.0311964 2.64838 
1.00111 0.591024 0.00508342 2.67841 
1.00113 0.589632 0.00700831 2.67769 
1.00302 0.586974 0.00851085 2.6824 
0.97219 0.627745 -0.0540748 2.61203 
0.977599 0.605424 -0.0644127 2.61748 
0.977578 0.597999 -0.0673595 2.61486 
1.00545 0.58354 0.0225179 2.6888 
1.00139 0.585842 0.0259937 2.67669 
1.00122 0.595617 0.0342409 2.68245 
0.993967 0.566126 -0.0548757 2.65136 
0.99684 0.56092 -0.0686256 2.66083 
0.986391 0.56344 -0.0810012 2.62813 
0.999793 0.591218 -8.02017e-05 2.67443 
0.999929 0.590806 -0.000263863 2.67466 
0.999885 0.589036 -0.000337736 2.67361 
1.00621 0.580243 1.49762e-05 2.68908 
1.00606 0.580508 0.000256385 2.68871 
1.00608 0.580252 0.000289741 2.68863 
1.01106 0.567597 0.00207483 2.69813 
1.01032 0.569925 0.00331896 2.69698 
1.00992 0.571933 0.00436477 2.69676 
1.00027 0.548863 -0.0025573 2.6674 
1.00013 0.546591 -0.00461482 2.66571 
1.00135 0.563287 -0.00615456 2.67347 
0.925273 0.597377 -0.127867 2.46041 
0.924933 0.630432 -0.108336 2.47667 
0.931389 0.637439 -0.0984274 2.49677 
0.994287 0.604032 0.0457053 2.66534 
0.987047 0.611383 0.0484725 2.64623 
0.985792 0.622579 0.052864 2.65002 
0.880167 0.703258 0.0494305 2.38139 
0.905378 0.70456 0.0631204 2.45962 
0.923731 0.680204 0.0508308 2.49389 
0.997139 0.560178 -0.000737271 2.66062 
0.997007 0.559697 -0.00126289 2.65991 
0.998392 0.5701 -0.00148514 2.66564 
1.00693 0.577696 0.000446363 2.69 
1.00686 0.57809 0.000658796 2.69001 
1.00678 0.578543 0.000922494 2.69 
0.93807 0.661414 0.121955 2.53312 
0.961344 0.648712 0.130267 2.59964 
0.965639 0.62802 0.116596 2.59556 
0.991285 0.607173 -0.000298889 2.65571 
0.99205 0.605303 -0.00305194 2.65712 
0.992052 0.602131 -0.00398271 2.65537 
1.00723 0.573364 0.0255557 2.68897 
1.00795 0.577718 0.03742 2.6944 
1.00982 0.565705 0.0399582 2.69395 
0.998942 0.590494 -0.00244369 2.67134 
0.999561 0.589997 -0.00111439 2.6731 
0.999706 0.588841 -0.00160911 2.67298 
0.996672 0.59627 -0.000830362 2.66702 
0.99794 0.594389 -0.00133252 2.67012 
0.998038 0.592502 -0.00201641 2.66947 
0.970654 0.631774 0.000234899 2.60512 
0.972245 0.631344 -0.0130195 2.61026 
0.969525 0.624106 -0.022696 2.59753 
1.00513 0.582737 0.000442044 2.68689 
1.00404 0.584348 0.00246267 2.68422 
1.00415 0.583928 0.00302525 2.68434 
0.96876 0.650358 -0.00124316 2.61211 
0.9609 0.647468 -0.0172116 2.5858 
0.958306 0.66617 -0.0197204 2.591 
0.999963 0.581082 -0.00540115 2.67039 
0.999088 0.581041 -0.00657971 2.66736 
0.998802 0.587834 -0.00572631 2.66957 
1.00524 0.581541 0.00112991 2.68659 
1.00517 0.582209 0.00187435 2.68673 
1.00543 0.581224 0.00241261 2.68702 
1.00562 0.581692 0.0130467 2.68804 
1.00542 0.58 0.00805181 2.68632 
1.00474 0.583213 0.00727834 2.6859 
1.03221 0.540254 0.056983 2.75732 
1.02515 0.534035 0.0416467 2.72899 
1.02012 0.555777 0.044639 2.72346 
1.01519 0.581671 0.132258 2.73222 
1.01371 0.560901 0.105453 2.71075 
1.01004 0.574007 0.101637 2.70509 
0.988794 0.516866 -0.102621 2.62102 
0.976006 0.528032 -0.106365 2.58439 
0.97593 0.572343 -0.105022 2.60223 
0.99281 0.601317 0.0254223 2.65755 
0.990247 0.611017 0.0331081 2.65565 
0.992761 0.602355 0.0408166 2.65878 
1.00829 0.575582 0.0204803 2.69362 
1.01067 0.568187 0.0217099 2.69749 
1.01213 0.568236 0.0198297 2.70238 
0.931104 0.661859 -0.0702976 2.50863 
0.910038 0.671934 -0.0629435 2.44974 
0.914339 0.685873 -0.0411822 2.47139 
0.9658 0.641993 0.0211627 2.59669 
0.956904 0.65742 0.0219131 2.57954 
0.948012 0.65945 0.0313633 2.55305 
1.01278 0.564464 0.00550685 2.7022 
1.01201 0.567347 0.00677478 2.70123 
1.0125 0.564025 0.0124154 2.70111 
1.00488 0.518433 -0.0272038 2.66899 
1.00365 0.551614 -0.0314494 2.67678 
1.00184 0.549314 -0.0226934 2.66925 
1.00638 0.532619 -0.00692491 2.68099 
1.00503 0.527565 -0.0126743 2.67373 
1.00519 0.550902 -0.0145718 2.68162 
0.997085 0.553998 -0.000759782 2.65913 
0.99726 0.552971 -0.00158115 2.65915 
0.998533 0.564552 -0.00217303 2.66559 
1.00144 0.561925 -0.00928053 2.67275 
1.00385 0.557993 -0.00902765 2.67975 
1.00354 0.555201 -0.0152124 2.6772 
0.999608 0.580617 -0.00313942 2.66893 
0.999583 0.585269 -0.0032323 2.67085 
0.99972 0.584656 -0.00155063 2.67095 
1.00818 0.574716 0.000635125 2.69251 
1.00793 0.575725 0.00122023 2.69222 
1.00787 0.576299 0.00164805 2.69236 
0.974388 0.636643 0.0584536 2.62246 
0.963774 0.643925 0.0429188 2.59238 
0.956717 0.656655 0.0486512 2.5792 
0.993792 0.58753 -0.0180888 2.65366 
0.99144 0.594935 -0.0144276 2.64972 
0.991407 0.597729 -0.0127769 2.65088 
1.00509 0.581872 0.004443 2.68629 
1.00569 0.580904 0.00453511 2.68771 
1.00576 0.580273 0.00264643 2.68759 
0.942273 0.674656 0.0633137 2.54876 
0.939337 0.659187 0.0833391 2.52972 
0.958652 0.652093 0.0998986 2.58794 
1.02018 0.550716 0.0113 2.71979 
1.0169 0.554309 0.0112841 2.71064 
1.01547 0.561898 0.0134863 2.70995 
0.872883 0.685242 -0.0483662 2.34807 
0.88879 0.700275 -0.0302166 2.40626 
0.901643 0.688494 -0.0273036 2.4337 
0.999681 0.578594 -0.00171479 2.66979 
0.999812 0.579873 -0.001616 2.66984 
0.999854 0.582844 -0.00201177 2.67084 
1.00634 0.579391 0.0039029 2.68903 
1.00626 0.579373 0.00249287 2.68875 
1.00602 0.58001 0.00248296 2.68829 
0.988654 0.59996 0.134408 2.65538 
0.989553 0.602293 0.124027 2.65757 
0.980234 0.616723 0.112491 2.63504 
0.998476 0.570152 -0.00180646 2.66573 
0.998824 0.567574 -0.00110279 2.66683 
0.998732 0.566884 -0.00302288 2.66613 
1.00723 0.577306 0.000837957 2.69079 
1.00717 0.577509 0.0011388 2.6907 
1.00732 0.577042 0.00200758 2.69093 
0.999874 0.589238 -0.000571391 2.67369 
0.999941 0.587744 -0.000243243 2.6732 
0.99986 0.587824 -0.000883413 2.67298 
1.00638 0.579999 0.000150942 2.68948 
1.00629 0.580129 0.000132794 2.68926 
1.0062 0.580165 0.000301108 2.68898 
1.00899 0.573026 0.00479289 2.69427 
1.0087 0.574578 0.00254378 2.69417 
1.00815 0.575295 0.0029379 2.69273 
0.998173 0.550288 -0.00205448 2.66106 
0.999568 0.563702 -0.00385989 2.66837 
0.998719 0.564124 -0.00336095 2.6657 
0.999583 0.581105 -0.00101521 2.66979 
0.999682 0.581083 -0.00154193 2.67011 
0.999842 0.582806 -0.00112161 2.67077 
1.00639 0.579292 0.00138898 2.68911 
1.00621 0.579794 0.00147167 2.68881 
1.00604 0.579961 0.00157638 2.68835 
0.996492 0.56144 -0.000350601 2.6589 
0.996464 0.561011 -0.000589082 2.65857 
0.997452 0.56817 -0.000797862 2.66268 
1.00657 0.578997 0.000104847 2.68954 
1.00656 0.579112 0.000178201 2.68958 
1.00653 0.579476 0.000229912 2.6897 
0.996543 0.560401 -0.000320093 2.65873 
0.997729 0.568249 -0.00137124 2.66346 
0.99749 0.568226 -0.000972491 2.66263 
1.00658 0.578778 0.0010189 2.68947 
1.00659 0.579184 0.000546637 2.68971 
1.00651 0.57925 0.000495379 2.68949 
0.951918 0.575266 -0.117166 2.53124 
0.95477 0.605636 -0.106741 2.55237 
0.96813 0.590985 -0.0937154 2.58542 
0.999554 0.583451 7.94481e-05 2.67044 
0.999573 0.583241 -0.000899337 2.67035 
0.999765 0.586846 -0.000738055 2.67229 
1.00629 0.580033 0.000534351 2.68921 
1.00629 0.579984 0.000448318 2.68919 
1.00624 0.580242 0.000447401 2.68915 
0.89835 0.707774 0.0193578 2.44016 
0.911643 0.690605 0.0147405 2.46489 
0.918257 0.694441 -0.001965 2.48857 
1.0231 0.536548 0.0744095 2.72568 
1.01784 0.559684 0.0724137 2.72004 
1.01091 0.562269 0.0770456 2.6985 
1.00983 0.570837 0.00924892 2.69589 
1.01028 0.569907 0.014375 2.69694 
1.01134 0.567813 0.0139693 2.69934 
1.0172 0.55342 0.0330276 2.71173 
1.01857 0.557397 0.0251883 2.71825 
1.01574 0.557463 0.0197932 2.70857 
0.953575 0.631831 -0.0778637 2.55812 
0.962226 0.6206 -0.0714103 2.57839 
0.970833 0.609597 -0.0842643 2.60075 
1.00616 0.580011 0.000940374 2.68877 
1.00608 0.580329 0.000868946 2.68868 
1.00591 0.580293 0.0015201 2.6881 
0.99977 0.586758 -0.00131754 2.67224 
0.999819 0.585203 -0.000913708 2.67173 
0.99978 0.585094 -0.00170099 2.67154 
1.00018 0.581233 -0.014889 2.67283 
1.00082 0.573163 -0.0146393 2.67305 
1.00265 0.571508 -0.0160255 2.67891 
0.99796 0.601373 0.0919779 2.67989 
0.98687 0.609143 0.086812 2.64759 
0.983463 0.628106 0.101394 2.65095 
1.00066 0.573121 -0.00603953 2.67272 
0.999796 0.573298 -0.00461164 2.66988 
0.999847 0.572853 -0.00430653 2.67034 
0.997672 0.578288 -0.0323295 2.66524 
1.00059 0.575745 -0.0229624 2.67334 
1.00204 0.570599 -0.0239555 2.67644 
1.00707 0.578275 0.00476194 2.69083 
1.00766 0.575554 0.00448198 2.69123 
1.00777 0.576342 0.0032635 2.69205 
0.99753 0.588805 -0.00624934 2.66586 
0.996202 0.591164 -0.00964679 2.66288 
0.994361 0.593872 -0.00866218 2.65831 
0.976257 0.622875 0.072445 2.6202 
0.969873 0.646747 0.0824744 2.61724 
0.968262 0.63709 0.0908586 2.60641 
0.999861 0.578618 -0.00281041 2.67046 
0.999575 0.575688 -0.00285821 2.66973 
0.999459 0.572867 -0.00216744 2.66905 
1.00673 0.578192 0.00200303 2.68962 
1.00698 0.578166 0.00331338 2.69044 
1.00719 0.57662 0.0027959 2.69028 
1.00598 0.580553 0.000532927 2.68847 
1.00574 0.580654 0.000719458 2.68772 
1.00571 0.581019 0.00119462 2.68785 
0.999864 0.591526 -0.000421195 2.67485 
0.999793 0.589331 -0.000982289 2.67349 
0.999888 0.588791 -0.000956506 2.67356 
0.999212 0.576909 -0.00150475 2.66844 
0.999046 0.576801 -0.000894678 2.66781 
0.998683 0.574874 -0.00176044 2.66665 
1.00633 0.579691 0.000865122 2.68915 
1.0064 0.579333 0.000809705 2.68918 
1.00646 0.579516 0.000575458 2.68947 
0.996886 0.590039 0.0569875 2.66587 
0.995301 0.599289 0.0707574 2.66748 
0.997308 0.58853 0.0775794 2.66819 
0.947372 0.657516 -0.0341577 2.55077 
0.950661 0.653533 -0.0450671 2.55917 
0.946917 0.645594 -0.0558134 2.54375 
0.939319 0.656778 -0.0297837 2.52479 
0.933953 0.665581 -0.0378241 2.51632 
0.924882 0.672979 -0.0349739 2.49329 
0.99564 0.598513 -0.00253261 2.66493 
0.995689 0.596357 -0.00418615 2.66396 
0.994267 0.599019 -0.00649235 2.66086 
1.01311 0.570353 0.050848 2.70826 
1.00752 0.572399 0.0558572 2.69094 
1.00751 0.583542 0.0711847 2.69875 
0.934671 0.674525 0.0249646 2.52241 
0.930411 0.67524 -0.000943852 2.50977 
0.92481 0.680831 -0.00489661 2.49728 
1.00655 0.579325 7.03926e-05 2.68966 
1.00657 0.579454 0.000134008 2.68982 
1.00655 0.579506 0.000203281 2.68978 
1.0066 0.579582 6.92013e-05 2.68999 
1.00656 0.579612 0.00011533 2.68985 
1.00652 0.579618 0.00023546 2.68973 
0.995727 0.562568 -0.000128698 2.65674 
0.996013 0.562388 -0.00042482 2.65761 
0.996979 0.568158 -0.000560392 2.66128 
0.998656 0.577046 -0.00166046 2.66654 
0.997975 0.572422 -0.000764073 2.66433 
0.998143 0.572401 -0.0021682 2.66488 
