2467
0.0269402
0.0151542
0.010913
0.00917892
0.00720294
0.00706331
0.00690692
0.00668161
0.00601477
0.00562421
0.00533737
0.00504954
0.00461284
0.00512895
0.00550133
0.00535734
0.00502432
0.00470942
0.00459465
0.00503618
0.00511371
0.00481091
0.00464559
0.00420959
0.00433758
0.00476274
0.00500285
0.00503544
0.0048608
0.00489044
0.00505324
0.00508364
0.00497351
0.00472552
0.00435386
0.00397655
0.00367647
0.00359555
0.00375414
0.00384788
0.00373865
0.00411761
0.00454715
0.00474168
0.00471378
0.00453227
0.00460592
0.00470685
0.00461757
0.00436539
0.00398623
0.00386165
0.00408847
0.00417838
0.0041422
0.0041534
0.00422931
0.00417525
0.00402038
0.00386805
0.00387762
0.0039847
0.00401108
0.00395575
0.00382048
0.00360958
0.00332954
0.00298859
0.00259627
0.00216299
0.00169964
0.00151297
0.00140889
0.00128611
0.00115082
0.0010179
0.00110974
0.00148354
0.00181543
0.00209461
0.00231693
0.00247975
0.002582
0.0026242
0.0026084
0.00253812
0.00241815
0.00225437
0.00205356
0.00182311
0.00157079
0.00139662
0.00139309
0.00135594
0.00128716
0.00118999
0.00106868
0.000950788
0.000996578
0.00103657
0.00107079
0.0010993
0.0011222
0.00113964
0.00115178
0.00115881
0.00116096
0.00115845
0.00115155
0.00114051
0.00112561
0.00110715
0.00112508
0.00114406
0.00116102
0.00117564
0.00118764
0.00121014
0.00123117
0.00124802
0.00126034
0.00126786
0.00127037
0.0012677
0.00125976
0.00124655
0.00122809
0.00120451
0.00117597
0.00114269
0.00110495
0.00106307
0.00101741
0.000968346
0.000916295
0.00086168
0.000829972
0.000818289
0.000840135
0.000854071
0.000859832
0.000857312
0.00084657
0.00082783
0.000801476
0.00076804
0.000728189
0.000695866
0.000680807
0.000664915
0.000648043
0.000630035
0.000610735
0.000613275
0.000613726
0.00061178
0.000607589
0.000601316
0.000593135
0.000583221
0.000571755
0.000558912
0.000544864
0.000529777
0.000513807
0.000497097
0.00047978
0.000461975
0.000444544
0.000440791
0.00043625
0.000430027
0.000422249
0.000413919
0.000404448
0.000393792
0.000382076
0.000369423
0.000355951
0.000341777
0.00033353
0.000336031
0.000338111
0.000339799
0.000341123
0.000342108
0.000342776
0.000343146
0.000343236
0.000343058
0.000342625
0.000341944
0.00034102
0.000339857
0.000338456
0.000336815
0.00033493
0.000332799
0.000337216
0.000352048
0.000365232
0.000376704
0.000386418
0.000394349
0.000400492
0.000404863
0.000407498
0.000408452
0.0004078
0.000405631
0.000402052
0.000397179
0.000411995
0.000441506
0.000470284
0.000498102
0.000524743
0.000549999
0.000573677
0.000595597
0.000615592
0.000633514
0.000649231
0.000662627
0.000673605
0.000682088
0.000688014
0.000691344
0.000692054
0.000690142
0.000685622
0.000678529
0.000668913
0.000656844
0.000642406
0.000626265
0.000612595
0.000596954
0.00057944
0.000560159
0.000539231
0.000516783
0.000492953
0.000467886
0.000441732
0.000414649
0.000386796
0.000358339
0.000329441
0.000300268
0.000270985
0.000242247
0.000217438
0.000212024
0.00020636
0.000202217
0.000198768
0.000194997
0.000190912
0.000186518
0.000181824
0.000176844
0.00017159
0.000166078
0.000160326
0.00015492
0.000153756
0.000162188
0.000170312
0.00017693
0.000182097
0.000185879
0.000188347
0.000189578
0.000189656
0.000188666
0.0001867
0.000183848
0.000180203
0.000176521
0.000173406
0.000176317
0.000180583
0.00018392
0.000186317
0.000187767
0.000188274
0.000189307
0.000190484
0.000190806
0.000190282
0.000188925
0.000186751
0.000183783
0.000180047
0.000175574
0.000170398
0.000164557
0.000159154
0.000161782
0.000164184
0.000166345
0.000168249
0.000169884
0.000172393
0.000175201
0.000177774
0.000180103
0.000182182
0.000184004
0.000185562
0.000186851
0.000187866
0.000188602
0.000189055
0.000189222
0.0001891
0.000188689
0.000187987
0.000186995
0.000185713
0.000184144
0.000182736
0.000182096
0.000181209
0.000180077
0.000178701
0.000177086
0.000175237
0.000173157
0.000170854
0.000168334
0.000165603
0.000162671
0.000159547
0.000156711
0.000154512
0.000152143
0.000149611
0.000146923
0.000144086
0.000141107
0.000137996
0.000136147
0.000134709
0.00013314
0.000131442
0.000129618
0.000127672
0.000125608
0.000123429
0.000121142
0.000118749
0.000116256
0.000113668
0.000110989
0.000108226
0.000105493
0.00010298
0.000100397
9.77503e-05
9.73678e-05
9.74189e-05
9.74476e-05
9.74553e-05
9.74435e-05
9.74134e-05
9.73659e-05
9.73019e-05
9.72221e-05
9.71271e-05
9.70171e-05
9.68925e-05
9.67534e-05
9.65998e-05
9.64315e-05
9.62484e-05
9.60502e-05
9.58365e-05
9.5607e-05
9.53612e-05
9.50985e-05
9.48185e-05
9.45206e-05
9.42043e-05
9.38689e-05
9.35139e-05
9.31388e-05
9.27709e-05
9.23842e-05
9.19749e-05
9.15426e-05
9.10867e-05
9.06068e-05
9.01025e-05
8.95736e-05
8.90198e-05
8.8441e-05
8.78371e-05
8.72081e-05
8.6554e-05
8.58751e-05
8.51714e-05
8.44434e-05
8.36912e-05
8.46086e-05
8.70635e-05
8.95367e-05
9.20209e-05
9.45081e-05
9.69903e-05
9.94591e-05
0.000101906
0.000104322
0.000106699
0.000109027
0.000112193
0.000115297
0.000118329
0.000121279
0.000124184
0.000127018
0.000129716
0.000132272
0.000134677
0.000136924
0.000139008
0.000140925
0.000142774
0.000144467
0.000146001
0.000147372
0.000148615
0.000149707
0.000150732
0.000152096
0.000153279
0.00015428
0.000155097
0.000155733
0.000156186
0.000156461
0.000156557
0.00015648
0.000156232
0.000155818
0.000155243
0.000154512
0.000153631
0.000152606
0.000151444
0.000150152
0.000148737
0.000147207
0.000145571
0.000143835
0.000142008
0.000140099
0.000138115
0.000136064
0.000133955
0.000131796
0.000129595
0.000127359
0.000125095
0.00012281
0.000120512
0.000118207
0.0001159
0.000113598
0.000111305
0.000109027
0.000106768
0.000104532
0.000102322
0.000100141
9.79926e-05
9.59028e-05
9.40513e-05
9.21921e-05
9.03285e-05
8.84637e-05
8.66687e-05
8.51841e-05
8.36903e-05
8.21898e-05
8.06849e-05
7.91774e-05
7.76692e-05
7.61622e-05
7.54429e-05
7.50312e-05
7.45814e-05
7.40903e-05
7.35545e-05
7.29711e-05
7.23373e-05
7.16509e-05
7.09098e-05
7.01122e-05
6.92566e-05
6.83421e-05
6.73678e-05
6.63335e-05
6.52391e-05
6.40848e-05
6.28715e-05
6.16e-05
6.02717e-05
5.88882e-05
5.74514e-05
5.59637e-05
5.4958e-05
5.45872e-05
5.42008e-05
5.37999e-05
5.33855e-05
5.29585e-05
5.26697e-05
5.24974e-05
5.23084e-05
5.21033e-05
5.18828e-05
5.16477e-05
5.13986e-05
5.11362e-05
5.08612e-05
5.05743e-05
5.02762e-05
4.99676e-05
4.9649e-05
4.93213e-05
4.8985e-05
4.86407e-05
4.82892e-05
4.7931e-05
4.75668e-05
4.71971e-05
4.68225e-05
4.64436e-05
4.62315e-05
4.61957e-05
4.61358e-05
4.60523e-05
4.59457e-05
4.58167e-05
4.56658e-05
4.54938e-05
4.53014e-05
4.50892e-05
4.4858e-05
4.46085e-05
4.43416e-05
4.40579e-05
4.37584e-05
4.34437e-05
4.31148e-05
4.27723e-05
4.24171e-05
4.20499e-05
4.22401e-05
4.25739e-05
4.28685e-05
4.31251e-05
4.3345e-05
4.35296e-05
4.36802e-05
4.3798e-05
4.38845e-05
4.39408e-05
4.39682e-05
4.39679e-05
4.39411e-05
4.38889e-05
4.38124e-05
4.37125e-05
4.35902e-05
4.34464e-05
4.3282e-05
4.31014e-05
4.29015e-05
4.2683e-05
4.24463e-05
4.21918e-05
4.192e-05
4.1631e-05
4.13252e-05
4.10027e-05
4.06635e-05
4.03079e-05
3.99487e-05
3.96526e-05
3.93407e-05
3.90126e-05
3.86678e-05
3.83059e-05
3.79264e-05
3.75287e-05
3.71124e-05
3.66771e-05
3.62225e-05
3.5748e-05
3.52535e-05
3.47386e-05
3.4342e-05
3.42499e-05
3.41362e-05
3.4e-05
3.38404e-05
3.36566e-05
3.3448e-05
3.32138e-05
3.29537e-05
3.26672e-05
3.23542e-05
3.20145e-05
3.16481e-05
3.13768e-05
3.11327e-05
3.08626e-05
3.05668e-05
3.02457e-05
2.98997e-05
2.95292e-05
2.91351e-05
2.87179e-05
2.82787e-05
2.8088e-05
2.80266e-05
2.79618e-05
2.78932e-05
2.78207e-05
2.7744e-05
2.7663e-05
2.75775e-05
2.74873e-05
2.73923e-05
2.72923e-05
2.71871e-05
2.70767e-05
2.6961e-05
2.68399e-05
2.67132e-05
2.6581e-05
2.64431e-05
2.62996e-05
2.61505e-05
2.59956e-05
2.58351e-05
2.5669e-05
2.54972e-05
2.53199e-05
2.51371e-05
2.49488e-05
2.47552e-05
2.45563e-05
2.43522e-05
2.41431e-05
2.3929e-05
2.37102e-05
2.34867e-05
2.32587e-05
2.30263e-05
2.27897e-05
2.25492e-05
2.23047e-05
2.21748e-05
2.2085e-05
2.19987e-05
2.19162e-05
2.18375e-05
2.17627e-05
2.1692e-05
2.16254e-05
2.15632e-05
2.15052e-05
2.14516e-05
2.14024e-05
2.13577e-05
2.13173e-05
2.12814e-05
2.12499e-05
2.12227e-05
2.11997e-05
2.1181e-05
2.11662e-05
2.11555e-05
2.11485e-05
2.11451e-05
2.11452e-05
2.11486e-05
2.1155e-05
2.11643e-05
2.11761e-05
2.11903e-05
2.12066e-05
2.12248e-05
2.12445e-05
2.12655e-05
2.12875e-05
2.13102e-05
2.13332e-05
2.13564e-05
2.13794e-05
2.14019e-05
2.14236e-05
2.14442e-05
2.14634e-05
2.1481e-05
2.14966e-05
2.151e-05
2.1521e-05
2.15292e-05
2.15345e-05
2.15366e-05
2.15353e-05
2.15304e-05
2.15217e-05
2.1509e-05
2.14922e-05
2.14712e-05
2.14458e-05
2.14158e-05
2.13813e-05
2.13421e-05
2.12981e-05
2.12493e-05
2.11957e-05
2.11383e-05
2.1078e-05
2.10126e-05
2.0942e-05
2.08664e-05
2.07857e-05
2.07001e-05
2.06096e-05
2.05144e-05
2.04145e-05
2.03477e-05
2.06645e-05
2.09698e-05
2.12636e-05
2.15458e-05
2.18164e-05
2.20754e-05
2.23228e-05
2.25588e-05
2.27835e-05
2.2997e-05
2.31994e-05
2.3391e-05
2.35719e-05
2.37425e-05
2.39028e-05
2.4163e-05
2.44126e-05
2.46503e-05
2.48761e-05
2.50903e-05
2.52931e-05
2.54847e-05
2.56653e-05
2.58351e-05
2.59944e-05
2.61435e-05
2.62826e-05
2.64753e-05
2.66651e-05
2.68442e-05
2.7013e-05
2.71716e-05
2.73202e-05
2.74591e-05
2.75885e-05
2.77085e-05
2.78193e-05
2.79212e-05
2.80144e-05
2.80989e-05
2.8175e-05
2.82428e-05
2.83025e-05
2.83543e-05
2.83981e-05
2.84342e-05
2.84627e-05
2.84836e-05
2.8497e-05
2.8503e-05
2.85017e-05
2.84931e-05
2.84772e-05
2.84542e-05
2.84239e-05
2.83865e-05
2.8342e-05
2.82903e-05
2.82315e-05
2.81656e-05
2.80925e-05
2.80123e-05
2.79249e-05
2.78304e-05
2.77287e-05
2.76199e-05
2.75039e-05
2.73807e-05
2.72504e-05
2.7113e-05
2.69684e-05
2.68333e-05
2.67053e-05
2.65699e-05
2.6427e-05
2.62768e-05
2.61194e-05
2.59547e-05
2.57829e-05
2.56041e-05
2.54184e-05
2.52259e-05
2.50268e-05
2.48212e-05
2.46093e-05
2.43912e-05
2.41671e-05
2.39372e-05
2.37017e-05
2.34607e-05
2.32146e-05
2.29635e-05
2.27076e-05
2.24472e-05
2.21825e-05
2.19139e-05
2.16414e-05
2.13654e-05
2.10862e-05
2.0804e-05
2.05191e-05
2.02318e-05
1.99423e-05
1.96508e-05
1.93578e-05
1.90633e-05
1.87678e-05
1.84714e-05
1.81744e-05
1.78771e-05
1.7596e-05
1.74399e-05
1.7282e-05
1.71223e-05
1.69609e-05
1.67981e-05
1.6634e-05
1.64686e-05
1.63022e-05
1.61348e-05
1.59666e-05
1.57978e-05
1.56284e-05
1.54586e-05
1.52885e-05
1.52217e-05
1.52099e-05
1.51959e-05
1.51799e-05
1.51617e-05
1.51415e-05
1.51193e-05
1.50951e-05
1.5069e-05
1.50409e-05
1.5011e-05
1.49792e-05
1.49455e-05
1.49101e-05
1.4873e-05
1.48344e-05
1.48198e-05
1.48034e-05
1.47851e-05
1.4765e-05
1.47431e-05
1.47195e-05
1.46941e-05
1.4667e-05
1.46382e-05
1.46078e-05
1.45758e-05
1.45422e-05
1.45071e-05
1.44704e-05
1.44323e-05
1.43928e-05
1.43519e-05
1.43096e-05
1.4266e-05
1.42211e-05
1.41749e-05
1.41276e-05
1.4079e-05
1.40294e-05
1.39786e-05
1.39268e-05
1.3874e-05
1.38202e-05
1.37654e-05
1.37097e-05
1.36532e-05
1.35958e-05
1.35376e-05
1.34787e-05
1.3419e-05
1.33586e-05
1.32976e-05
1.3236e-05
1.31737e-05
1.3111e-05
1.30476e-05
1.29838e-05
1.29195e-05
1.28548e-05
1.27897e-05
1.27242e-05
1.26584e-05
1.25923e-05
1.25258e-05
1.24591e-05
1.23921e-05
1.2325e-05
1.22576e-05
1.219e-05
1.21224e-05
1.20545e-05
1.19866e-05
1.19186e-05
1.18505e-05
1.17823e-05
1.17141e-05
1.16459e-05
1.15777e-05
1.15095e-05
1.14413e-05
1.13731e-05
1.1305e-05
1.1237e-05
1.1169e-05
1.11011e-05
1.10333e-05
1.09656e-05
1.0898e-05
1.08305e-05
1.07632e-05
1.0696e-05
1.06289e-05
1.0562e-05
1.04952e-05
1.04286e-05
1.03621e-05
1.02959e-05
1.02297e-05
1.01638e-05
1.0098e-05
1.00325e-05
9.96706e-06
9.90185e-06
9.83683e-06
9.772e-06
9.70737e-06
9.64292e-06
9.57868e-06
9.51463e-06
9.45078e-06
9.38713e-06
9.32367e-06
9.26042e-06
9.19737e-06
9.13452e-06
9.092e-06
9.06909e-06
9.04585e-06
9.02231e-06
8.99848e-06
8.97439e-06
8.95005e-06
8.92548e-06
8.90071e-06
8.87574e-06
8.8506e-06
8.82531e-06
8.79987e-06
8.77431e-06
8.74865e-06
8.72288e-06
8.69704e-06
8.67112e-06
8.64558e-06
8.62066e-06
8.59568e-06
8.57065e-06
8.54557e-06
8.52045e-06
8.49529e-06
8.47012e-06
8.44491e-06
8.41969e-06
8.39445e-06
8.3692e-06
8.34394e-06
8.31866e-06
8.29338e-06
8.26808e-06
8.24277e-06
8.21745e-06
8.19212e-06
8.16676e-06
8.14139e-06
8.116e-06
8.09058e-06
8.06514e-06
8.03966e-06
8.01415e-06
7.9886e-06
7.963e-06
7.93736e-06
7.91167e-06
7.88592e-06
7.86011e-06
7.83424e-06
7.8083e-06
7.78229e-06
7.7562e-06
7.73004e-06
7.7038e-06
7.67747e-06
7.65105e-06
7.62455e-06
7.59795e-06
7.57126e-06
7.54448e-06
7.51759e-06
7.49061e-06
7.46354e-06
7.43636e-06
7.40908e-06
7.3817e-06
7.35423e-06
7.32665e-06
7.29898e-06
7.27121e-06
7.24334e-06
7.21538e-06
7.18733e-06
7.15919e-06
7.13095e-06
7.10263e-06
7.07423e-06
7.04574e-06
7.01717e-06
6.98852e-06
6.95979e-06
6.93099e-06
6.90212e-06
6.87318e-06
6.84418e-06
6.81511e-06
6.78597e-06
6.75678e-06
6.72753e-06
6.69822e-06
6.66886e-06
6.63945e-06
6.60998e-06
6.58047e-06
6.55091e-06
6.5213e-06
6.49165e-06
6.46195e-06
6.43221e-06
6.40242e-06
6.3726e-06
6.34273e-06
6.31282e-06
6.28287e-06
6.25289e-06
6.22286e-06
6.19279e-06
6.16269e-06
6.13254e-06
6.10236e-06
6.07214e-06
6.04188e-06
6.01159e-06
5.98988e-06
6.0331e-06
6.07503e-06
6.11567e-06
6.15501e-06
6.19304e-06
6.22975e-06
6.26514e-06
6.2992e-06
6.33192e-06
6.36329e-06
6.3933e-06
6.42194e-06
6.44921e-06
6.4751e-06
6.49959e-06
6.52268e-06
6.54436e-06
6.57867e-06
6.6152e-06
6.65021e-06
6.68367e-06
6.71557e-06
6.7459e-06
6.77463e-06
6.80176e-06
6.82727e-06
6.85115e-06
6.87338e-06
6.89396e-06
6.91303e-06
6.93589e-06
6.95704e-06
6.97645e-06
6.99413e-06
7.01008e-06
7.02428e-06
7.03675e-06
7.04749e-06
7.05649e-06
7.06377e-06
7.06932e-06
7.07315e-06
7.07528e-06
7.0757e-06
7.07444e-06
7.07149e-06
7.06689e-06
7.06063e-06
7.05274e-06
7.04323e-06
7.03211e-06
7.01942e-06
7.00516e-06
6.98935e-06
6.97203e-06
6.9532e-06
6.9329e-06
6.91115e-06
6.88797e-06
6.86338e-06
6.83742e-06
6.8101e-06
6.78146e-06
6.75771e-06
6.73452e-06
6.71004e-06
6.68429e-06
6.65731e-06
6.62911e-06
6.59972e-06
6.56917e-06
6.53748e-06
6.50469e-06
6.47082e-06
6.4359e-06
6.39995e-06
6.363e-06
6.32509e-06
6.28622e-06
6.24644e-06
6.20577e-06
6.16423e-06
6.12185e-06
6.07867e-06
6.03469e-06
5.98996e-06
5.94449e-06
5.89831e-06
5.85145e-06
5.80393e-06
5.75577e-06
5.707e-06
5.65764e-06
5.60772e-06
5.55727e-06
5.50629e-06
5.45482e-06
5.40288e-06
5.35049e-06
5.29767e-06
5.24445e-06
5.19376e-06
5.1673e-06
5.14036e-06
5.11294e-06
5.08507e-06
5.05676e-06
5.02802e-06
4.99888e-06
4.96933e-06
4.9394e-06
4.90911e-06
4.87846e-06
4.84747e-06
4.81616e-06
4.80793e-06
4.80521e-06
4.8021e-06
4.79859e-06
4.79469e-06
4.79041e-06
4.78574e-06
4.7807e-06
4.77527e-06
4.76948e-06
4.76331e-06
4.75678e-06
4.74988e-06
4.74711e-06
4.74415e-06
4.74083e-06
4.73716e-06
4.73313e-06
4.72875e-06
4.72403e-06
4.71896e-06
4.71354e-06
4.70779e-06
4.70169e-06
4.69526e-06
4.6885e-06
4.6814e-06
4.67398e-06
4.66624e-06
4.65818e-06
4.6498e-06
4.64111e-06
4.63211e-06
4.62281e-06
4.61321e-06
4.6033e-06
4.59311e-06
4.58262e-06
4.57185e-06
4.5608e-06
4.54947e-06
4.53787e-06
4.526e-06
4.51387e-06
4.50148e-06
4.48883e-06
4.47593e-06
4.46278e-06
4.4494e-06
4.43577e-06
4.42191e-06
4.40783e-06
4.39352e-06
4.37899e-06
4.36425e-06
4.3493e-06
4.33414e-06
4.31879e-06
4.30323e-06
4.28749e-06
4.27156e-06
4.25545e-06
4.23916e-06
4.2227e-06
4.20608e-06
4.18929e-06
4.17234e-06
4.15524e-06
4.13799e-06
4.12059e-06
4.10306e-06
4.08539e-06
4.0676e-06
4.04967e-06
4.03163e-06
4.01346e-06
3.99519e-06
3.97681e-06
3.95832e-06
3.93974e-06
3.92106e-06
3.90229e-06
3.88344e-06
3.86451e-06
3.84549e-06
3.82641e-06
3.80726e-06
3.78804e-06
3.76876e-06
3.74942e-06
3.73004e-06
3.7106e-06
3.69112e-06
3.6716e-06
3.65205e-06
3.63246e-06
3.61284e-06
3.5932e-06
3.57353e-06
3.55385e-06
3.53416e-06
3.51445e-06
3.49474e-06
3.47502e-06
3.45531e-06
3.43559e-06
3.41589e-06
3.39619e-06
3.37651e-06
3.35684e-06
3.3372e-06
3.31757e-06
3.29798e-06
3.27841e-06
3.25887e-06
3.23937e-06
3.21991e-06
3.20048e-06
3.1811e-06
3.16177e-06
3.14249e-06
3.12325e-06
3.10407e-06
3.08495e-06
3.06589e-06
3.04689e-06
3.02796e-06
3.0138e-06
3.00699e-06
3.0001e-06
2.99313e-06
2.9861e-06
2.97899e-06
2.9718e-06
2.96455e-06
2.95722e-06
2.94982e-06
2.94236e-06
2.93483e-06
2.92723e-06
2.91956e-06
2.91197e-06
2.90433e-06
2.89663e-06
2.88886e-06
2.88103e-06
2.87315e-06
2.8652e-06
2.85719e-06
2.84913e-06
2.84101e-06
2.83283e-06
2.8246e-06
2.81632e-06
2.80798e-06
2.7996e-06
2.79116e-06
2.78268e-06
2.77415e-06
2.76557e-06
2.75695e-06
2.74828e-06
2.73957e-06
2.73082e-06
2.72203e-06
2.71319e-06
2.70432e-06
2.69542e-06
2.68648e-06
2.6775e-06
2.66849e-06
2.65944e-06
2.65037e-06
2.64126e-06
2.63213e-06
2.62296e-06
2.61377e-06
2.60455e-06
2.59531e-06
2.58604e-06
2.57675e-06
2.56744e-06
2.5581e-06
2.54875e-06
2.53937e-06
2.52997e-06
2.52056e-06
2.51113e-06
2.50168e-06
2.49222e-06
2.48275e-06
2.47326e-06
2.46375e-06
2.45424e-06
2.44471e-06
2.43517e-06
2.42562e-06
2.41606e-06
2.4065e-06
2.39692e-06
2.38734e-06
2.37775e-06
2.36816e-06
2.35856e-06
2.34896e-06
2.33935e-06
2.32975e-06
2.32013e-06
2.31052e-06
2.30091e-06
2.2913e-06
2.28168e-06
2.27207e-06
2.26246e-06
2.25286e-06
2.24326e-06
2.23366e-06
2.22407e-06
2.21448e-06
2.2049e-06
2.19533e-06
2.18577e-06
2.17621e-06
2.16667e-06
2.15713e-06
2.14761e-06
2.1381e-06
2.12861e-06
2.11913e-06
2.10966e-06
2.10021e-06
2.09078e-06
2.08137e-06
2.07197e-06
2.06259e-06
2.05324e-06
2.04391e-06
2.03459e-06
2.02531e-06
2.01604e-06
2.0068e-06
1.99759e-06
1.98841e-06
1.97925e-06
1.97012e-06
1.96103e-06
1.95196e-06
1.94292e-06
1.93392e-06
1.92495e-06
1.91602e-06
1.90712e-06
1.89826e-06
1.88943e-06
1.88399e-06
1.88906e-06
1.89429e-06
1.89921e-06
1.90384e-06
1.90816e-06
1.91218e-06
1.91591e-06
1.91933e-06
1.92245e-06
1.92527e-06
1.92779e-06
1.93001e-06
1.93193e-06
1.93355e-06
1.93487e-06
1.93589e-06
1.93662e-06
1.93705e-06
1.93719e-06
1.93704e-06
1.93659e-06
1.93585e-06
1.93483e-06
1.93351e-06
1.93192e-06
1.93003e-06
1.92787e-06
1.92542e-06
1.9227e-06
1.92095e-06
1.91932e-06
1.91742e-06
1.91526e-06
1.91284e-06
1.91015e-06
1.90721e-06
1.904e-06
1.90054e-06
1.89683e-06
1.89287e-06
1.88866e-06
1.8842e-06
1.87949e-06
1.87455e-06
1.86936e-06
1.86393e-06
1.85828e-06
1.85238e-06
1.84626e-06
1.83992e-06
1.83335e-06
1.82656e-06
1.81955e-06
1.81232e-06
1.80489e-06
1.79725e-06
1.7894e-06
1.78135e-06
1.77311e-06
1.76467e-06
1.75604e-06
1.74722e-06
1.73822e-06
1.72904e-06
1.71969e-06
1.71016e-06
1.70047e-06
1.69061e-06
1.68059e-06
1.67041e-06
1.66009e-06
1.64961e-06
1.64106e-06
1.63615e-06
1.6311e-06
1.62593e-06
1.62064e-06
1.61522e-06
1.61383e-06
1.61331e-06
1.61272e-06
1.61209e-06
1.61141e-06
1.61067e-06
1.60987e-06
1.60902e-06
1.60811e-06
1.60715e-06
1.60612e-06
1.60511e-06
1.60429e-06
1.60342e-06
1.6025e-06
1.60151e-06
1.60047e-06
1.59937e-06
1.5982e-06
1.59698e-06
1.5957e-06
1.59435e-06
1.59294e-06
1.59147e-06
1.58994e-06
1.58834e-06
1.58668e-06
1.58496e-06
1.58317e-06
1.58132e-06
1.5794e-06
1.57742e-06
1.57538e-06
1.57327e-06
1.57109e-06
1.56885e-06
1.56655e-06
1.56418e-06
1.56174e-06
1.55925e-06
1.55668e-06
1.55406e-06
1.55136e-06
1.54861e-06
1.54579e-06
1.54291e-06
1.53996e-06
1.53695e-06
1.53388e-06
1.53075e-06
1.52755e-06
1.52429e-06
1.52098e-06
1.5176e-06
1.51416e-06
1.51066e-06
1.50711e-06
1.50349e-06
1.49982e-06
1.49609e-06
1.4923e-06
1.48846e-06
1.48456e-06
1.48061e-06
1.47661e-06
1.47255e-06
1.46844e-06
1.46428e-06
1.46006e-06
1.4558e-06
1.45148e-06
1.44712e-06
1.44271e-06
1.43826e-06
1.43375e-06
1.4292e-06
1.42461e-06
1.41998e-06
1.4153e-06
1.41058e-06
1.40582e-06
1.40101e-06
1.39617e-06
1.3913e-06
1.38638e-06
1.38143e-06
1.37644e-06
1.37142e-06
1.36636e-06
1.36128e-06
1.35616e-06
1.35101e-06
1.34583e-06
1.34062e-06
1.33538e-06
1.33012e-06
1.32483e-06
1.31952e-06
1.31418e-06
1.30882e-06
1.30344e-06
1.29804e-06
1.29262e-06
1.28717e-06
1.28172e-06
1.27624e-06
1.27075e-06
1.26524e-06
1.25972e-06
1.25418e-06
1.24864e-06
1.24308e-06
1.23751e-06
1.23193e-06
1.22635e-06
1.22075e-06
1.21515e-06
1.20954e-06
1.20393e-06
1.19832e-06
1.1927e-06
1.18708e-06
1.18146e-06
1.17584e-06
1.17022e-06
1.1646e-06
1.15898e-06
1.15337e-06
1.14776e-06
1.14215e-06
1.13655e-06
1.13096e-06
1.12537e-06
1.1198e-06
1.11423e-06
1.10867e-06
1.10312e-06
1.09758e-06
1.09206e-06
1.08654e-06
1.08104e-06
1.07556e-06
1.07009e-06
1.06463e-06
1.05919e-06
1.05377e-06
1.04837e-06
1.04298e-06
1.03762e-06
1.03227e-06
1.02694e-06
1.02164e-06
1.01635e-06
1.0112e-06
1.00867e-06
1.00611e-06
1.00355e-06
1.00097e-06
9.98374e-07
9.95765e-07
9.93142e-07
9.90505e-07
9.87854e-07
9.85189e-07
9.82511e-07
9.7982e-07
9.77116e-07
9.744e-07
9.7167e-07
9.68929e-07
9.66175e-07
9.63409e-07
9.60632e-07
9.57843e-07
9.55042e-07
9.52231e-07
9.49409e-07
9.46577e-07
9.43734e-07
9.40881e-07
9.38018e-07
9.35146e-07
9.32264e-07
9.29374e-07
9.26474e-07
9.23566e-07
9.20649e-07
9.17725e-07
9.14792e-07
9.11852e-07
9.08905e-07
9.0595e-07
9.02989e-07
9.00021e-07
8.97047e-07
8.94067e-07
8.91081e-07
8.88089e-07
8.85093e-07
8.82091e-07
8.79085e-07
8.76074e-07
8.73059e-07
8.7004e-07
8.67018e-07
8.63992e-07
8.60963e-07
8.57931e-07
8.54897e-07
8.51861e-07
8.48822e-07
8.45782e-07
8.4274e-07
8.39697e-07
8.36653e-07
8.33608e-07
8.30563e-07
8.27517e-07
8.24472e-07
8.21427e-07
8.18383e-07
8.1534e-07
8.12298e-07
8.09257e-07
8.06218e-07
8.03181e-07
8.00147e-07
7.97114e-07
7.94085e-07
7.91058e-07
7.88035e-07
7.85015e-07
7.81999e-07
7.78987e-07
7.75979e-07
7.72975e-07
7.69976e-07
7.66983e-07
7.63994e-07
7.61011e-07
7.58034e-07
7.55062e-07
7.52097e-07
7.49138e-07
7.46185e-07
7.43239e-07
7.40301e-07
7.3737e-07
7.34446e-07
7.3153e-07
7.28621e-07
7.25721e-07
7.2283e-07
7.19946e-07
7.17072e-07
7.14206e-07
7.1135e-07
7.08503e-07
7.05665e-07
7.02837e-07
7.00019e-07
6.97212e-07
6.94414e-07
6.91627e-07
6.88851e-07
6.86085e-07
6.8333e-07
6.80587e-07
6.77854e-07
6.75134e-07
6.72425e-07
6.69727e-07
6.67042e-07
6.64369e-07
6.61708e-07
6.59059e-07
6.56423e-07
6.538e-07
6.51189e-07
6.48592e-07
6.46007e-07
6.43436e-07
6.40878e-07
6.38334e-07
6.35803e-07
6.33286e-07
6.30783e-07
6.28294e-07
6.25819e-07
6.23358e-07
6.20911e-07
6.18478e-07
6.1606e-07
6.13657e-07
6.11268e-07
6.08894e-07
6.06535e-07
6.04191e-07
6.01862e-07
5.99547e-07
5.97657e-07
5.96896e-07
5.96146e-07
5.95407e-07
5.94677e-07
5.93957e-07
5.93246e-07
5.92543e-07
5.91849e-07
5.91163e-07
5.90484e-07
5.89812e-07
5.89147e-07
5.88487e-07
5.87834e-07
5.87185e-07
5.86542e-07
5.85903e-07
5.85268e-07
5.84637e-07
5.84009e-07
5.83384e-07
5.82761e-07
5.82141e-07
5.81522e-07
5.80905e-07
5.80288e-07
5.79673e-07
5.79057e-07
5.78441e-07
5.77825e-07
5.77208e-07
5.7659e-07
5.7597e-07
5.75348e-07
5.74725e-07
5.74098e-07
5.73469e-07
5.72837e-07
5.72201e-07
5.71561e-07
5.70918e-07
5.7027e-07
5.69617e-07
5.68959e-07
5.68296e-07
5.67628e-07
5.66954e-07
5.66273e-07
5.65587e-07
5.64894e-07
5.64194e-07
5.63487e-07
5.62772e-07
5.62051e-07
5.61321e-07
5.60584e-07
5.59838e-07
5.59085e-07
5.58322e-07
5.57551e-07
5.56771e-07
5.55982e-07
5.55184e-07
5.54376e-07
5.53558e-07
5.52731e-07
5.51894e-07
5.51047e-07
5.5019e-07
5.49323e-07
5.48445e-07
5.47556e-07
5.46657e-07
5.45747e-07
5.44827e-07
5.43895e-07
5.42953e-07
5.41999e-07
5.41035e-07
5.40059e-07
5.39072e-07
5.38073e-07
5.37063e-07
5.36042e-07
5.35009e-07
5.33965e-07
5.32909e-07
5.31842e-07
5.30763e-07
5.29673e-07
5.28571e-07
5.27457e-07
5.26332e-07
5.25196e-07
5.24048e-07
5.22888e-07
5.21717e-07
5.20535e-07
5.19342e-07
5.18137e-07
5.1692e-07
5.15693e-07
5.14455e-07
5.13205e-07
5.11944e-07
5.10673e-07
5.09391e-07
5.08097e-07
5.06794e-07
5.05479e-07
5.04154e-07
5.02819e-07
5.01474e-07
5.00118e-07
4.98753e-07
4.97377e-07
4.95992e-07
4.94597e-07
4.93192e-07
4.91778e-07
4.90355e-07
4.88922e-07
4.87481e-07
4.86031e-07
4.84572e-07
4.83104e-07
4.81628e-07
4.80144e-07
4.78652e-07
4.77152e-07
4.75644e-07
4.74129e-07
4.72606e-07
4.71076e-07
4.69539e-07
4.67995e-07
4.66444e-07
4.64887e-07
4.63323e-07
4.61753e-07
4.60178e-07
4.58596e-07
4.57009e-07
4.55417e-07
4.53819e-07
4.52217e-07
4.50609e-07
4.48997e-07
4.47381e-07
4.4576e-07
4.44135e-07
4.42507e-07
4.40875e-07
4.39239e-07
4.376e-07
4.35958e-07
4.34313e-07
4.32666e-07
4.31016e-07
4.29364e-07
4.2771e-07
4.26055e-07
4.24397e-07
4.22738e-07
4.21078e-07
4.19417e-07
4.17755e-07
4.16093e-07
4.1443e-07
4.12767e-07
4.11104e-07
4.09441e-07
4.07778e-07
4.06116e-07
4.04455e-07
4.02794e-07
4.01135e-07
3.99477e-07
3.97821e-07
3.96166e-07
3.94514e-07
3.92863e-07
3.91215e-07
3.89569e-07
3.87926e-07
3.86285e-07
3.84648e-07
3.83013e-07
3.81383e-07
3.79755e-07
3.78131e-07
3.76512e-07
3.74896e-07
3.73284e-07
3.71677e-07
3.70074e-07
3.68476e-07
3.66883e-07
3.65294e-07
3.63711e-07
3.62133e-07
3.60561e-07
3.58994e-07
3.57433e-07
3.55878e-07
3.54328e-07
3.52785e-07
3.51248e-07
3.49718e-07
3.48194e-07
3.46677e-07
3.45167e-07
3.43663e-07
3.42167e-07
3.40677e-07
3.39195e-07
3.38203e-07
3.37255e-07
3.36306e-07
3.35354e-07
3.34401e-07
3.33447e-07
3.3249e-07
3.31532e-07
3.30572e-07
3.2961e-07
3.28647e-07
3.27682e-07
3.26716e-07
3.25748e-07
3.24779e-07
3.23809e-07
3.22837e-07
3.21864e-07
3.2089e-07
3.19915e-07
3.18939e-07
3.17961e-07
3.16983e-07
3.16003e-07
3.15023e-07
3.14042e-07
3.1306e-07
3.12077e-07
3.11094e-07
3.1011e-07
3.09125e-07
3.0814e-07
3.07155e-07
3.06169e-07
3.05183e-07
3.04196e-07
3.03209e-07
3.02222e-07
3.01236e-07
3.00249e-07
2.99262e-07
2.98275e-07
2.97288e-07
2.96301e-07
2.95315e-07
2.94329e-07
2.93344e-07
2.92359e-07
2.91374e-07
2.9039e-07
2.89407e-07
2.88424e-07
2.87442e-07
2.86461e-07
2.85481e-07
2.84502e-07
2.83523e-07
2.82546e-07
2.8157e-07
2.80595e-07
2.79621e-07
2.78649e-07
2.77678e-07
2.76708e-07
2.7574e-07
2.74774e-07
2.73809e-07
2.72845e-07
2.71883e-07
2.70924e-07
2.69965e-07
2.69009e-07
2.68055e-07
2.67103e-07
2.66152e-07
2.65204e-07
2.64258e-07
2.63314e-07
2.62373e-07
2.61433e-07
2.60496e-07
2.59562e-07
2.5863e-07
2.577e-07
2.56773e-07
2.55849e-07
2.54927e-07
2.54008e-07
2.53092e-07
2.52178e-07
2.51267e-07
2.50359e-07
2.49455e-07
2.48553e-07
2.47654e-07
2.46758e-07
2.45865e-07
2.44976e-07
2.44089e-07
2.43206e-07
2.42326e-07
2.4145e-07
2.40576e-07
2.39706e-07
2.3884e-07
2.37977e-07
2.37117e-07
2.36261e-07
2.35408e-07
2.3456e-07
2.33714e-07
2.32872e-07
2.32034e-07
2.312e-07
2.30369e-07
2.29542e-07
2.28719e-07
2.279e-07
2.27085e-07
2.26273e-07
2.25465e-07
2.24661e-07
2.23861e-07
2.23326e-07
2.22858e-07
2.22394e-07
2.21935e-07
2.21479e-07
2.21027e-07
2.20579e-07
2.20135e-07
2.19694e-07
2.19257e-07
2.18824e-07
2.18393e-07
2.17966e-07
2.17542e-07
2.17121e-07
2.16703e-07
2.16287e-07
2.15875e-07
2.15465e-07
2.15058e-07
2.14653e-07
2.1425e-07
2.1385e-07
2.13451e-07
2.13055e-07
2.12661e-07
2.12269e-07
2.11879e-07
2.1149e-07
2.11103e-07
2.10717e-07
2.10333e-07
2.0995e-07
2.09569e-07
2.09189e-07
2.0881e-07
2.08431e-07
2.08054e-07
2.07678e-07
2.07302e-07
2.06928e-07
2.06553e-07
2.0618e-07
2.05807e-07
2.05434e-07
2.05061e-07
2.04689e-07
2.04317e-07
2.03945e-07
2.03574e-07
2.03202e-07
2.0283e-07
2.02458e-07
2.02085e-07
2.01713e-07
2.0134e-07
2.00966e-07
2.00593e-07
2.00218e-07
1.99843e-07
1.99468e-07
1.99091e-07
1.98714e-07
1.98337e-07
1.97958e-07
1.97578e-07
1.97198e-07
1.96816e-07
1.96434e-07
1.9605e-07
1.95665e-07
1.95279e-07
1.94892e-07
1.94503e-07
1.94114e-07
1.93722e-07
1.9333e-07
1.92936e-07
1.92541e-07
1.92144e-07
1.91746e-07
1.91346e-07
1.90944e-07
1.90542e-07
1.90137e-07
1.89731e-07
1.89323e-07
1.88913e-07
1.88502e-07
1.88089e-07
1.87674e-07
1.87258e-07
1.8684e-07
1.8642e-07
1.85998e-07
1.85574e-07
1.85149e-07
1.84721e-07
1.84292e-07
1.83861e-07
1.83428e-07
1.82994e-07
1.82557e-07
1.82119e-07
1.81678e-07
1.81236e-07
1.80792e-07
1.80347e-07
1.79899e-07
1.79449e-07
1.78998e-07
1.78545e-07
1.7809e-07
1.77633e-07
1.77174e-07
1.76713e-07
1.76251e-07
1.75787e-07
1.75321e-07
1.74854e-07
1.74384e-07
1.73913e-07
1.7344e-07
1.72966e-07
1.7249e-07
1.72012e-07
1.71533e-07
1.71052e-07
1.70569e-07
1.70085e-07
1.696e-07
1.69113e-07
1.68624e-07
1.68134e-07
1.67642e-07
1.6715e-07
1.66655e-07
1.6616e-07
1.65663e-07
1.65165e-07
1.64665e-07
1.64165e-07
1.63663e-07
1.6316e-07
1.62656e-07
1.62151e-07
1.61644e-07
1.61137e-07
1.60629e-07
1.6012e-07
1.5961e-07
1.59099e-07
1.58587e-07
1.58074e-07
1.57561e-07
1.57047e-07
1.56532e-07
1.56017e-07
1.55501e-07
1.54984e-07
1.54467e-07
1.5395e-07
1.53432e-07
1.52914e-07
1.52395e-07
1.51876e-07
1.51356e-07
1.50837e-07
1.50317e-07
1.49797e-07
1.49277e-07
1.48757e-07
1.48237e-07
1.47716e-07
1.47196e-07
1.46676e-07
1.46156e-07
1.45637e-07
1.45117e-07
1.44598e-07
1.44079e-07
1.4356e-07
1.43042e-07
1.42524e-07
1.42007e-07
1.4149e-07
1.40974e-07
1.40458e-07
1.39943e-07
1.39429e-07
1.38915e-07
1.38402e-07
1.3789e-07
1.37379e-07
1.36868e-07
1.36359e-07
1.3585e-07
1.35342e-07
1.34836e-07
1.3433e-07
1.33826e-07
1.33322e-07
1.3282e-07
1.32319e-07
1.31819e-07
1.31321e-07
1.30824e-07
1.30328e-07
1.29834e-07
1.29341e-07
1.28849e-07
1.28359e-07
1.2787e-07
1.27383e-07
1.26898e-07
1.26414e-07
1.25932e-07
1.25451e-07
1.24972e-07
1.24495e-07
1.2402e-07
1.23546e-07
1.23075e-07
1.22605e-07
1.22137e-07
1.2167e-07
1.21206e-07
1.20744e-07
1.20283e-07
1.19825e-07
1.19369e-07
1.18914e-07
1.18462e-07
1.18012e-07
1.17564e-07
1.17118e-07
1.16674e-07
1.16233e-07
1.15793e-07
1.15356e-07
1.14921e-07
1.14488e-07
1.14058e-07
1.1363e-07
1.13204e-07
1.1278e-07
1.12359e-07
1.1194e-07
1.11523e-07
1.11135e-07
1.108e-07
1.10465e-07
1.10131e-07
1.09796e-07
1.09462e-07
1.09128e-07
1.08794e-07
1.0846e-07
1.08126e-07
1.07793e-07
1.0746e-07
1.07127e-07
1.06794e-07
1.06461e-07
1.06129e-07
1.05797e-07
1.05466e-07
1.05135e-07
1.04804e-07
1.04473e-07
1.04143e-07
1.03813e-07
1.03483e-07
1.03154e-07
1.02825e-07
1.02497e-07
1.02169e-07
1.01841e-07
1.01514e-07
1.01188e-07
1.00861e-07
1.00536e-07
1.0021e-07
