0.279724 0.117933
-0.655435 0.0625197
0.572032 0.0634094
0.0691165 -0.849576
-0.0355755 -0.835717
0.927198 0.0124052
-1.02461 0.0389885
-0.112482 -0.173573
-0.346224 0.212737
-0.218397 0.24484
0.162242 -0.285126
0.417187 0.128061
0.742476 0.0174168
-0.833154 0.0461763
-0.492615 0.107746
0.0118585 -1.06172
1.12516 0.00128449
-1.22887 0.0363046
-1.44518 0.0352445
1.33554 -0.00255042
0.346224 0.145557
-0.572032 0.0773536
0.655435 0.0346159
0.112482 -0.570257
-0.0118585 -0.948654
1.02461 0.00513912
-0.927198 0.0414381
-0.0691165 -0.495724
-0.279724 0.254999
-0.162242 0.122093
0.218397 -0.0507154
0.492615 0.0883411
0.833154 0.00888103
-0.742476 0.0528126
-0.417187 0.153364
0.0355755 -0.996475
1.22887 0.000574041
-1.12516 0.037293
-1.33554 0.0355535
1.44518 -0.00446809
