1 0.5 0 2.675 
1 0.5 7.8618e-17 2.675 
0.981215 0.490636 0.00023052 2.60559 
1 0.5 2.57464e-17 2.675 
1 0.5 0 2.675 
1 0.5 0 2.675 
1 0.5 0 2.675 
1 0.5 9.34728e-17 2.675 
1 0.5 3.00342e-17 2.675 
1 0.5 -5.3141e-17 2.675 
1 0.5 0 2.675 
1 0.5 0 2.675 
1 0.5 -5.22317e-17 2.675 
1 0.5 0 2.675 
1 0.5 0 2.675 
1 0.5 -1.83786e-17 2.675 
1 0.5 0 2.675 
1 0.5 1.17831e-16 2.675 
1.00001 0.500006 6.89988e-11 2.67504 
0.999894 0.499947 6.35412e-09 2.67461 
0.96132 0.480794 0.000707923 2.53208 
1 0.5 0 2.675 
1.01439 0.50718 0.000152748 2.72818 
1 0.5 0 2.675 
1 0.5 0 2.675 
1.05823 0.528761 0.00138848 2.89015 
1 0.5 0 2.675 
1 0.5 -5.29671e-17 2.675 
1 0.5 0 2.675 
1 0.5 0 2.675 
1 0.5 -5.42899e-17 2.675 
1 0.5 0 2.675 
1 0.5 0 2.675 
1 0.5 0 2.675 
1 0.5 0 2.675 
1 0.5 -7.75069e-17 2.675 
1.01046 0.505225 5.78787e-05 2.71364 
1.04162 0.520642 0.000823513 2.8288 
0.947319 0.473992 0.00128155 2.48034 
1 0.5 4.6703e-17 2.675 
1 0.5 0 2.675 
1 0.5 5.92836e-17 2.675 
1 0.5 -4.64048e-17 2.675 
1 0.5 -3.46905e-17 2.675 
1 0.5 0 2.675 
0.996575 0.498288 6.14616e-06 2.66234 
1 0.5 0 2.675 
1 0.5 -3.1522e-17 2.675 
1 0.5 -1.93081e-17 2.675 
1 0.5 -6.31681e-17 2.675 
1 0.5 1.66015e-17 2.675 
1 0.5 0 2.675 
1 0.5 3.89301e-17 2.675 
1 0.5 0 2.675 
1.00083 0.500415 3.28792e-07 2.67806 
0.993708 0.496855 2.31271e-05 2.65175 
1 0.5 0 2.675 
1 0.5 -3.95056e-17 2.675 
1 0.5 3.17967e-17 2.675 
1 0.5 0 2.675 
1 0.5 0 2.675 
0.995492 0.503088 0 2.6611 
1.00368 0.516346 -6.50193e-17 2.68385 
1 0.5 6.38166e-17 2.675 
1 0.5 0 2.675 
1 0.5 0 2.675 
1 0.5 0 2.675 
1 0.5 0 2.675 
1 0.5 5.23637e-17 2.675 
1 0.5 -4.21662e-17 2.675 
1 0.5 4.21196e-17 2.675 
1 0.5 5.7561e-17 2.675 
1 0.5 7.64834e-17 2.675 
1 0.5 7.6474e-17 2.675 
1 0.5 0 2.675 
1 0.5 0 2.675 
1 0.5 -6.68018e-17 2.675 
1 0.5 3.89314e-17 2.675 
1 0.5 -5.9787e-17 2.675 
1 0.5 4.19512e-17 2.675 
1 0.5 -4.29007e-17 2.675 
1 0.5 0 2.675 
1 0.5 0 2.675 
1 0.5 0 2.675 
1 0.5 -3.40254e-18 2.675 
1 0.5 -1.11213e-16 2.675 
1 0.5 1.852e-17 2.675 
1 0.5 0 2.675 
1 0.5 0 2.675 
1 0.5 0 2.675 
1 0.5 -3.97716e-17 2.675 
1 0.5 0 2.675 
1 0.5 8.46445e-17 2.675 
1 0.5 0 2.675 
1 0.5 0 2.675 
1 0.5 5.40837e-17 2.675 
1 0.5 -3.93797e-17 2.675 
1 0.5 -3.50584e-17 2.675 
1 0.5 -3.88378e-17 2.675 
1 0.5 1.00846e-17 2.675 
1 0.5 -9.61871e-17 2.675 
1.00371 0.516455 6.54523e-17 2.68391 
1 0.5 0 2.675 
0.99546 0.50311 0 2.661 
1 0.5 0 2.675 
1 0.5 6.25213e-17 2.675 
1 0.5 -6.25213e-17 2.675 
1 0.5 0 2.675 
1 0.5 -7.86182e-17 2.675 
1 0.5 3.93091e-17 2.675 
0.99162 0.495813 4.63818e-05 2.64404 
1 0.5 0 2.675 
1 0.5 -3.15417e-17 2.675 
1 0.5 5.1493e-17 2.675 
1 0.5 -2.57464e-17 2.675 
1 0.5 2.57464e-17 2.675 
1 0.5 -7.33064e-17 2.675 
1 0.5 -7.33063e-17 2.675 
1 0.5 7.33064e-17 2.675 
1 0.5 -7.32744e-17 2.675 
1 0.5 7.32741e-17 2.675 
1 0.5 -9.15927e-17 2.675 
1 0.5 0 2.675 
1 0.5 0 2.675 
1 0.5 0 2.675 
1 0.5 4.67362e-17 2.675 
1 0.5 -9.34728e-17 2.675 
1 0.5 4.67361e-17 2.675 
1 0.5 -6.00683e-18 2.675 
1 0.5 -3.00342e-17 2.675 
1 0.5 0 2.675 
1 0.5 0 2.675 
1 0.5 0 2.675 
1 0.5 -5.31408e-17 2.675 
1 0.5 0 2.675 
1 0.5 0 2.675 
1 0.5 0 2.675 
1 0.5 0 2.675 
1 0.5 7.81667e-17 2.675 
1 0.5 -3.90834e-17 2.675 
1 0.5 -5.22318e-17 2.675 
1 0.5 5.22317e-17 2.675 
1 0.5 5.22316e-17 2.675 
1 0.5 3.74988e-17 2.675 
1 0.5 0 2.675 
1 0.5 3.74988e-17 2.675 
1 0.5 2.59302e-17 2.675 
1 0.5 0 2.675 
1 0.5 5.18605e-17 2.675 
1 0.5 3.6757e-17 2.675 
1 0.5 0 2.675 
1 0.5 -1.83787e-17 2.675 
1 0.5 0 2.675 
1 0.5 0 2.675 
1 0.5 0 2.675 
1 0.5 1.17831e-16 2.675 
1 0.5 -1.17831e-16 2.675 
1 0.5 0 2.675 
1.00012 0.500058 6.89996e-09 2.67543 
1 0.5 0 2.675 
1 0.5 3.19471e-17 2.675 
0.999989 0.499995 6.354e-11 2.67496 
1 0.5 5.88291e-17 2.675 
1 0.5 -5.88392e-17 2.675 
0.948493 0.474558 0.00122822 2.48468 
1 0.5 0 2.675 
1 0.5 6.27417e-17 2.675 
1 0.5 0 2.675 
1 0.5 0 2.675 
1 0.5 7.78755e-17 2.675 
1.00494 0.502471 1.81693e-05 2.69326 
1 0.5 -3.93934e-17 2.675 
1 0.5 3.86922e-17 2.675 
1 0.5 0 2.675 
1 0.5 0 2.675 
1 0.5 2.3406e-17 2.675 
1 0.5 0 2.675 
1 0.5 0 2.675 
1 0.5 2.34564e-17 2.675 
1.04383 0.521765 0.000802263 2.83697 
1 0.5 -7.24065e-17 2.675 
1 0.5 5.3052e-17 2.675 
1 0.5 0 2.675 
1 0.5 -1.09596e-16 2.675 
1 0.5 5.47976e-17 2.675 
1 0.5 -5.29668e-17 2.675 
1 0.5 5.29668e-17 2.675 
1 0.5 -2.64834e-17 2.675 
1 0.5 0 2.675 
1 0.5 0 2.675 
1 0.5 2.71672e-17 2.675 
1 0.5 0 2.675 
1 0.5 0 2.675 
1 0.5 0 2.675 
1 0.5 -6.1076e-17 2.675 
1 0.5 0 2.675 
1 0.5 0 2.675 
1 0.5 0 2.675 
1 0.5 0 2.675 
1 0.5 -1.06715e-16 2.675 
1 0.5 0 2.675 
1 0.5 0 2.675 
1 0.5 -8.47203e-17 2.675 
1 0.5 3.86668e-17 2.675 
1 0.5 0 2.675 
1 0.5 0 2.675 
1 0.5 0 2.675 
1 0.5 5.72568e-17 2.675 
1 0.5 0 2.675 
1 0.5 -3.87536e-17 2.675 
1 0.5 0 2.675 
1 0.5 0 2.675 
1.02341 0.51167 0.000287294 2.76151 
1 0.5 0 2.675 
1 0.5 -1.96661e-17 2.675 
1.05218 0.525762 0.00126943 2.86782 
1 0.5 0 2.675 
1 0.5 2.44417e-17 2.675 
0.957967 0.479155 0.000831632 2.51969 
1 0.5 -4.84434e-17 2.675 
1 0.5 4.93468e-17 2.675 
1 0.5 0 2.675 
1 0.5 -9.34061e-17 2.675 
1 0.5 0 2.675 
1 0.5 0 2.675 
1 0.5 0 2.675 
1 0.5 0 2.675 
1 0.5 0 2.675 
1 0.5 0 2.675 
1 0.5 0 2.675 
1 0.5 4.64047e-17 2.675 
1 0.5 4.64048e-17 2.675 
1 0.5 -4.64048e-17 2.675 
1 0.5 0 2.675 
1 0.5 0 2.675 
1 0.5 6.93811e-17 2.675 
1 0.5 6.23007e-17 2.675 
1 0.5 0 2.675 
1 0.5 0 2.675 
0.999244 0.499622 2.99835e-07 2.67221 
1 0.5 -6.99579e-17 2.675 
1 0.5 7.0295e-17 2.675 
1 0.5 6.1474e-17 2.675 
1 0.5 -6.14743e-17 2.675 
1 0.5 3.07374e-17 2.675 
1 0.5 3.15216e-17 2.675 
1 0.5 3.1522e-17 2.675 
1 0.5 -6.3044e-17 2.675 
1 0.5 -7.72324e-17 2.675 
1 0.5 5.7924e-17 2.675 
1 0.5 -7.72321e-17 2.675 
1 0.5 -6.31681e-17 2.675 
1 0.5 6.31681e-17 2.675 
1 0.5 0 2.675 
1 0.5 -5.53383e-18 2.675 
1 0.5 0 2.675 
1 0.5 0 2.675 
1 0.5 0 2.675 
1 0.5 7.58955e-17 2.675 
1 0.5 1.89738e-17 2.675 
1 0.5 3.89302e-17 2.675 
1 0.5 -3.893e-17 2.675 
1 0.5 0 2.675 
1 0.5 0 2.675 
1 0.5 -1.76151e-17 2.675 
1 0.5 -7.04614e-17 2.675 
1.00376 0.501878 6.73955e-06 2.68888 
1 0.5 0 2.675 
1 0.5 -3.85434e-17 2.675 
0.981684 0.490863 0.000194386 2.60732 
1 0.5 -1.00333e-16 2.675 
1 0.5 7.36038e-17 2.675 
1 0.5 0 2.675 
1 0.5 -3.76276e-17 2.675 
1 0.5 4.05672e-17 2.675 
1 0.5 -4.4444e-17 2.675 
1 0.5 3.95057e-17 2.675 
1 0.5 -7.40733e-18 2.675 
1 0.5 0 2.675 
1 0.5 -3.17967e-17 2.675 
1 0.5 0 2.675 
1 0.5 0 2.675 
1 0.5 0 2.675 
1 0.5 5.0186e-17 2.675 
1 0.5 5.02397e-17 2.675 
1 0.5 2.51199e-17 2.675 
1 0.5 -5.02395e-17 2.675 
0.995492 0.503088 0 2.6611 
1 0.5 0 2.675 
1 0.5 5.71146e-17 2.675 
1.00368 0.516346 0 2.68385 
1 0.5 0 2.675 
1 0.5 0 2.675 
1 0.5 3.19081e-17 2.675 
1 0.5 -6.38161e-17 2.675 
1 0.5 0 2.675 
1 0.5 0 2.675 
1 0.5 2.9795e-17 2.675 
1 0.5 0 2.675 
1 0.5 -1.06229e-17 2.675 
1 0.5 3.88493e-17 2.675 
1 0.5 -7.76988e-17 2.675 
1 0.5 -4.07291e-17 2.675 
1 0.5 0 2.675 
1 0.5 4.07291e-17 2.675 
1 0.5 0 2.675 
1 0.5 0 2.675 
1 0.5 -5.23282e-17 2.675 
1 0.5 0 2.675 
1 0.5 -5.23637e-17 2.675 
1 0.5 -1.3091e-17 2.675 
1 0.5 0 2.675 
1 0.5 2.10831e-17 2.675 
1 0.5 0 2.675 
1 0.5 4.21197e-17 2.675 
1 0.5 -4.21197e-17 2.675 
1 0.5 8.42395e-17 2.675 
1 0.5 5.75615e-17 2.675 
1 0.5 -5.75615e-17 2.675 
1 0.5 5.75609e-17 2.675 
1 0.5 5.73626e-17 2.675 
1 0.5 -7.64834e-17 2.675 
1 0.5 0 2.675 
1 0.5 0 2.675 
1 0.5 0 2.675 
1 0.5 0 2.675 
1 0.5 0 2.675 
1 0.5 3.93229e-17 2.675 
1 0.5 -3.9323e-17 2.675 
1 0.5 8.36406e-17 2.675 
1 0.5 0 2.675 
1 0.5 0 2.675 
1 0.5 -8.9069e-19 2.675 
1 0.5 5.70042e-17 2.675 
1 0.5 -5.70042e-17 2.675 
1 0.5 -3.89312e-17 2.675 
1 0.5 -1.94657e-17 2.675 
1 0.5 1.94657e-17 2.675 
1 0.5 -5.9787e-17 2.675 
1 0.5 5.9787e-17 2.675 
1 0.5 -5.9787e-17 2.675 
1 0.5 8.39025e-17 2.675 
1 0.5 -4.19514e-17 2.675 
1 0.5 0 2.675 
1 0.5 -4.29009e-17 2.675 
1 0.5 2.14504e-17 2.675 
1 0.5 8.58019e-17 2.675 
1 0.5 0 2.675 
1 0.5 5.52073e-17 2.675 
1 0.5 -1.38019e-17 2.675 
1 0.5 -6.61147e-17 2.675 
1 0.5 0 2.675 
1 0.5 0 2.675 
1 0.5 0 2.675 
1 0.5 0 2.675 
1 0.5 1.4092e-17 2.675 
1 0.5 6.80503e-18 2.675 
1 0.5 0 2.675 
1 0.5 0 2.675 
1 0.5 5.56068e-17 2.675 
1 0.5 5.56064e-17 2.675 
1 0.5 -5.56064e-17 2.675 
1 0.5 -1.852e-17 2.675 
1 0.5 -3.70399e-17 2.675 
1 0.5 7.40795e-17 2.675 
1 0.5 6.73982e-17 2.675 
1 0.5 0 2.675 
1 0.5 0 2.675 
1 0.5 0 2.675 
1 0.5 -5.13959e-17 2.675 
1 0.5 5.13959e-17 2.675 
1 0.5 -1.25016e-17 2.675 
1 0.5 0 2.675 
1 0.5 0 2.675 
1 0.5 -4.77258e-17 2.675 
1 0.5 6.36344e-17 2.675 
1 0.5 -6.36346e-17 2.675 
1 0.5 0 2.675 
1 0.5 0 2.675 
1 0.5 0 2.675 
1 0.5 2.1161e-17 2.675 
1 0.5 4.23221e-17 2.675 
1 0.5 -4.23221e-17 2.675 
1 0.5 -8.43019e-17 2.675 
1 0.5 0 2.675 
1 0.5 0 2.675 
1 0.5 0 2.675 
1 0.5 0 2.675 
1 0.5 0 2.675 
1 0.5 4.05633e-17 2.675 
1 0.5 -5.40844e-17 2.675 
1 0.5 5.40837e-17 2.675 
1 0.5 -7.87597e-17 2.675 
1 0.5 3.93798e-17 2.675 
1 0.5 -4.92253e-17 2.675 
1 0.5 7.01167e-17 2.675 
1 0.5 -3.50583e-17 2.675 
1 0.5 0 2.675 
1 0.5 -1.94187e-17 2.675 
1 0.5 3.88374e-17 2.675 
1 0.5 0 2.675 
1 0.5 0 2.675 
1 0.5 0 2.675 
1 0.5 0 2.675 
1 0.5 -9.61871e-17 2.675 
1 0.5 9.61871e-17 2.675 
1 0.5 0 2.675 
1.00371 0.516455 6.54523e-17 2.68391 
1 0.5 -5.74459e-17 2.675 
1 0.5 0 2.675 
1 0.5 0 2.675 
1 0.5 0 2.675 
1 0.5 0 2.675 
0.99546 0.50311 0 2.661 
1 0.5 0 2.675 
1 0.5 0 2.675 
