0.254787 0.180441
-0.686712 0.0263965
0.540755 0.0609247
0.0528545 -0.924876
-0.044469 -0.995194
0.890669 0.00928476
-1.06114 0.00456706
-0.128744 -0.283876
-0.371161 0.171658
-0.239455 0.17024
0.141184 -0.201178
0.388902 0.157505
0.708472 0.0232046
-0.867158 0.0106686
-0.520901 0.0699256
0.0029645 -1.187
1.08628 0.00365751
-1.26776 0.00208079
-1.4863 0.00133663
1.29443 0.00124134
0.321286 0.200045
-0.603307 0.0420461
0.624159 0.0367694
0.0962195 -0.543138
-0.020752 -1.1322
0.988079 0.0058454
-0.963726 0.00689889
-0.0853785 -0.637092
-0.304661 0.206478
-0.1833 0.0181303
0.197339 0.0691213
0.46433 0.100199
0.79915 0.0145542
-0.776481 0.0166083
-0.445472 0.113932
0.0266815 -1.11072
1.18998 0.00215625
-1.16405 0.00301188
-1.37666 0.00156807
1.40407 0.000501292
0.288036 0.203387
-0.64501 0.0331439
0.582457 0.046939
0.074537 -0.73605
-0.0326105 -1.07049
0.939374 0.00736172
-1.01243 0.0055919
-0.107061 -0.449632
-0.337911 0.194102
-0.211377 0.111394
0.169262 -0.0438047
0.426615 0.126999
0.753811 0.0182878
-0.821819 0.0132983
-0.483187 0.0893827
0.0148225 -1.16204
1.13813 0.00281412
-1.21591 0.0024885
-1.43148 0.0014039
1.34925 0.000821613
0.354536 0.182105
-0.561607 0.0540402
0.66586 0.0291053
0.117902 -0.364521
-0.0088935 -1.16948
1.03678 0.00462044
-0.915021 0.00858722
-0.0636955 -0.830092
-0.271412 0.20029
-0.155222 -0.11613
0.225417 0.143473
0.502044 0.0783203
0.844488 0.0116383
-0.731141 0.0208922
-0.407759 0.14262
0.0385395 -1.03842
1.24183 0.00161132
-1.1122 0.00367516
-1.32184 0.0018076
1.45888 0.000248779
0.271412 0.199393
-0.66586 0.0294487
0.561607 0.0535088
0.0636955 -0.832689
-0.0385395 -1.03169
0.915021 0.00827158
-1.03678 0.00503109
-0.117902 -0.362288
-0.354536 0.183646
-0.225417 0.144184
0.155222 -0.116373
0.407759 0.141436
0.731141 0.0205417
-0.844488 0.0119286
-0.502044 0.0790833
0.0088935 -1.17402
1.1122 0.00320154
-1.24183 0.00227725
-1.45888 0.00136489
1.32184 0.00100007
0.337911 0.192333
-0.582457 0.0475182
0.64501 0.0326071
0.107061 -0.451103
-0.0148225 -1.15455
1.01243 0.00520943
-0.939374 0.00768128
-0.074537 -0.734388
-0.288036 0.206346
-0.169262 -0.0434162
0.211377 0.110801
0.483187 0.0885706
0.821819 0.0130092
-0.753811 0.0186112
-0.426615 0.127851
0.0326105 -1.07756
1.21591 0.00187906
-1.13813 0.00332002
-1.34925 0.00167171
1.43148 0.000361582
0.304661 0.204078
-0.624159 0.0371834
0.603307 0.0414617
0.0853785 -0.638932
-0.0266815 -1.10493
0.963726 0.00655388
-0.988079 0.00619572
-0.0962195 -0.541311
-0.321286 0.202129
-0.197339 0.0696116
0.1833 0.0178635
0.445472 0.113009
0.776481 0.0163107
-0.79915 0.0148502
-0.46433 0.100992
0.020752 -1.13869
1.16405 0.00246837
-1.18998 0.00273204
-1.40407 0.00147253
1.37666 0.000646249
0.371161 0.170393
-0.540755 0.0615405
0.686712 0.025922
0.128744 -0.28316
-0.0029645 -1.17654
1.06114 0.00412282
-0.890669 0.00956416
-0.0528545 -0.920926
-0.254787 0.187927
-0.141184 -0.197352
0.239455 0.167818
0.520901 0.0691627
0.867158 0.0104148
-0.708472 0.023507
-0.388902 0.157567
0.044469 -0.995488
1.26776 0.00138927
-1.08628 0.00408815
-1.29443 0.0019234
1.4863 0.000139569
