0.250631 0.182209
-0.691925 0.0252073
0.535543 0.0633384
0.050144 -0.953278
-0.0459515 -0.989422
0.884581 0.00948015
-1.06722 0.00413025
-0.131454 -0.26414
-0.375317 0.168813
-0.242965 0.177062
0.137674 -0.222952
0.384188 0.162412
0.702805 0.0237249
-0.872826 0.0101192
-0.525616 0.0670902
0.0014825 -1.19298
1.07979 0.00362529
-1.27424 0.00183338
-1.49315 0.00124514
1.28757 0.00133125
0.31713 0.204752
-0.60852 0.0401016
0.618946 0.0379088
0.093509 -0.569026
-0.0222345 -1.13714
0.981991 0.00590488
-0.969815 0.00630763
-0.0880885 -0.6168
-0.308817 0.207632
-0.18681 0.0341897
0.193829 0.0596467
0.459616 0.103936
0.793483 0.0147295
-0.782148 0.0157343
-0.450186 0.109977
0.025199 -1.1234
1.1835 0.00220987
-1.17054 0.00270669
-1.38351 0.00127769
1.39721 0.000647571
0.28388 0.206858
-0.650222 0.0316198
0.577244 0.0486401
0.0718265 -0.76408
-0.034093 -1.07119
0.933286 0.00750872
-1.01852 0.00505303
-0.109771 -0.42875
-0.342067 0.192804
-0.214887 0.122417
0.165752 -0.059187
0.421901 0.13151
0.748144 0.0186003
-0.827487 0.0126027
-0.487901 0.0859571
0.0133405 -1.17131
1.13165 0.00278715
-1.22239 0.00221013
-1.43833 0.00116594
1.34239 0.000984015
0.35038 0.187272
-0.56682 0.0514461
0.660648 0.0299456
0.115192 -0.386338
-0.010376 -1.17746
1.0307 0.00462871
-0.92111 0.007992
-0.066406 -0.813234
-0.275568 0.204928
-0.158732 -0.0949847
0.221907 0.138888
0.49733 0.0811264
0.838821 0.0118014
-0.736808 0.0198523
-0.412473 0.138595
0.0370575 -1.05314
1.23535 0.00173087
-1.11868 0.00333508
-1.32869 0.00153604
1.45203 0.000312365
0.267255 0.199317
-0.671073 0.0280136
0.556394 0.0555403
0.0609855 -0.86181
-0.040022 -1.03274
0.908933 0.0084643
-1.04287 0.0045688
-0.120613 -0.342788
-0.358692 0.181471
-0.228927 0.153528
0.151713 -0.135045
0.403045 0.146586
0.725474 0.0209735
-0.850156 0.0112932
-0.506758 0.0759163
0.0074115 -1.18513
1.10572 0.00317325
-1.24831 0.00200293
-1.46574 0.00117798
1.31498 0.00115763
0.333755 0.197469
-0.58767 0.0452804
0.639797 0.0335664
0.10435 -0.475282
-0.016305 -1.16106
1.00634 0.00523252
-0.945462 0.00710888
-0.0772475 -0.715234
-0.292192 0.209092
-0.172771 -0.0248964
0.207868 0.103784
0.478472 0.0918158
0.816152 0.0131777
-0.759478 0.0176448
-0.43133 0.123872
0.0311285 -1.0928
1.20942 0.00194212
-1.14461 0.00300271
-1.3561 0.00137863
1.42462 0.000478048
0.300505 0.208311
-0.629371 0.0354422
0.598094 0.0427995
0.082668 -0.666143
-0.0281635 -1.10833
0.957638 0.00668197
-0.994167 0.00562998
-0.0989295 -0.520346
-0.325442 0.201935
-0.200848 0.0832774
0.17979 0.00560808
0.440758 0.117093
0.770814 0.0165425
-0.804817 0.014066
-0.469044 0.0971784
0.0192695 -1.15145
1.15757 0.00246557
-1.19646 0.00242549
-1.41092 0.00118215
1.3698 0.000814444
0.367005 0.175348
-0.545968 0.0589157
0.681499 0.0265521
0.126033 -0.303683
-0.004447 -1.1858
1.05505 0.00410009
-0.896757 0.00900797
-0.0555645 -0.908132
-0.258943 0.194132
-0.144694 -0.17669
0.235946 0.16579
0.516186 0.071864
0.86149 0.0105899
-0.714139 0.0223537
-0.393616 0.153965
0.0429865 -1.01213
1.26128 0.00152501
-1.09276 0.00370377
-1.30128 0.00169614
1.47944 0.000117765
0.258943 0.193809
-0.681499 0.0266362
0.545968 0.0592034
0.0555645 -0.908248
-0.0429865 -1.00926
0.896757 0.00896691
-1.05505 0.00434417
-0.126033 -0.301842
-0.367005 0.175306
-0.235946 0.165966
0.144694 -0.177302
0.393616 0.154215
0.714139 0.0222925
-0.86149 0.0106941
-0.516186 0.0712354
0.004447 -1.18735
1.09276 0.0033818
-1.26128 0.00192756
-1.47944 0.00122099
1.30128 0.00123436
0.325442 0.201517
-0.598094 0.0425776
0.629371 0.0356037
0.0989295 -0.52145
-0.0192695 -1.15044
0.994167 0.00555391
-0.957638 0.00669347
-0.082668 -0.665888
-0.300505 0.209086
-0.17979 0.00585193
0.200848 0.0828985
0.469044 0.0977261
0.804817 0.0139215
-0.770814 0.0166535
-0.440758 0.116717
0.0281635 -1.10795
1.19646 0.00207265
-1.15757 0.00285335
-1.3698 0.00131805
1.41092 0.000572241
0.292192 0.208359
-0.639797 0.0333997
0.58767 0.0457045
0.0772475 -0.715475
-0.0311285 -1.0907
0.945462 0.00707989
-1.00634 0.00533946
-0.10435 -0.474138
-0.333755 0.197688
-0.207868 0.103918
0.172771 -0.0254792
0.43133 0.124299
0.759478 0.0175245
-0.816152 0.0133143
-0.478472 0.0914999
0.016305 -1.16238
1.14461 0.00263644
-1.20942 0.00231511
-1.42462 0.00117269
1.3561 0.000887126
0.358692 0.181465
-0.556394 0.0549967
0.671073 0.0281348
0.120613 -0.344253
-0.0074115 -1.18327
1.04287 0.00435028
-0.908933 0.00848256
-0.0609855 -0.862214
-0.267255 0.200541
-0.151713 -0.134202
0.228927 0.15348
0.506758 0.0762866
0.850156 0.0111903
-0.725474 0.0210536
-0.403045 0.146275
0.040022 -1.0342
1.24831 0.00162859
-1.10572 0.00351673
-1.31498 0.00160466
1.46574 0.000216417
0.275568 0.203921
-0.660648 0.0298284
0.56682 0.0518008
0.066406 -0.81366
-0.0370575 -1.05277
0.92111 0.00797107
-1.0307 0.00479747
-0.115192 -0.384893
-0.35038 0.187344
-0.221907 0.13914
0.158732 -0.0954475
0.412473 0.138971
0.736808 0.0197508
-0.838821 0.0119312
-0.49733 0.0806089
0.010376 -1.17963
1.11868 0.00298761
-1.23535 0.00210251
-1.45203 0.00118339
1.32869 0.0010594
0.342067 0.192588
-0.577244 0.0483591
0.650222 0.0316859
0.109771 -0.4303
-0.0133405 -1.17008
1.01852 0.0049165
-0.933286 0.00753233
-0.0718265 -0.764497
-0.28388 0.207868
-0.165752 -0.0587194
0.214887 0.122211
0.487901 0.0865158
0.827487 0.0124702
-0.748144 0.0187246
-0.421901 0.131246
0.034093 -1.07239
1.22239 0.00183315
-1.13165 0.00317898
-1.34239 0.00146876
1.43833 0.000385453
0.308817 0.207143
-0.618946 0.0376697
0.60852 0.040334
0.0880885 -0.617366
-0.025199 -1.12203
0.969815 0.00629075
-0.981991 0.00595533
-0.093509 -0.568097
-0.31713 0.205239
-0.193829 0.059913
0.18681 0.0337294
0.450186 0.110333
0.782148 0.0156019
-0.793483 0.0148781
-0.459616 0.103556
0.0222345 -1.13858
1.17054 0.00232295
-1.1835 0.00256406
-1.39721 0.00121582
1.38351 0.000720255
0.375317 0.169008
-0.535543 0.0627352
0.691925 0.0252533
0.131454 -0.26442
-0.0014825 -1.18749
1.06722 0.00385258
-0.884581 0.00954147
-0.050144 -0.952348
-0.250631 0.185825
-0.137674 -0.220334
0.242965 0.176316
0.525616 0.0674009
0.872826 0.0100311
-0.702805 0.0237606
-0.384188 0.161643
0.0459515 -0.987708
1.27424 0.00142002
-1.07979 0.00392035
-1.28757 0.00176746
1.49315 4.14461e-05
