1.00298 0.583881 0.0179843 2.6806 
0.982262 0.624499 -0.00394751 2.63765 
1.00961 0.523926 -0.0773373 2.69043 
0.989796 0.610712 0.00169061 2.65297 
0.999375 0.584113 -0.000181556 2.67124 
1.0043 0.583683 0.000479532 2.68468 
0.999227 0.58302 -0.0055896 2.67065 
1.00558 0.579415 0.0138731 2.68661 
0.981084 0.612591 -0.0277144 2.62749 
0.989344 0.6114 -0.000362775 2.65191 
0.993738 0.607993 0.00283115 2.66427 
0.993231 0.58997 -0.0211583 2.65454 
0.997157 0.598671 0.0151058 2.67002 
0.986285 0.597776 -0.0504626 2.6413 
0.997105 0.600898 0.0222291 2.67142 
0.998674 0.521878 -0.0874381 2.65295 
0.999855 0.592835 -8.15106e-05 2.67562 
1.00394 0.584696 6.67597e-05 2.68405 
1.0078 0.576286 0.00109584 2.69212 
1.00313 0.549432 -0.00505534 2.67821 
0.887163 0.65126 -0.0961698 2.37216 
0.978949 0.635044 0.0340139 2.63475 
0.891009 0.700871 0.0870217 2.4142 
0.997554 0.564892 -0.00152461 2.66537 
1.00487 0.582589 0.000268484 2.68594 
0.976911 0.620596 0.148871 2.63249 
0.991589 0.604355 -0.00135165 2.65505 
1.00256 0.582612 0.0417146 2.67942 
0.999034 0.594218 -0.000638712 2.67369 
0.998319 0.595417 -0.000527228 2.672 
0.977275 0.620577 -0.012978 2.61922 
1.00192 0.590816 0.00105008 2.68094 
0.963108 0.657201 -0.0330938 2.6002 
0.998524 0.585367 -0.0101001 2.66812 
1.00299 0.58633 0.00369389 2.68185 
1.00461 0.584003 0.00684469 2.68595 
1.02635 0.545938 0.0276594 2.73864 
1.02982 0.554465 0.10017 2.76116 
0.958705 0.554777 -0.128379 2.54425 
0.981481 0.618975 0.0305427 2.63176 
1.01072 0.573224 0.0318345 2.70087 
0.896993 0.683748 -0.0693411 2.42153 
0.949371 0.663996 0.00497348 2.56034 
1.00887 0.574152 0.00763235 2.69455 
0.997112 0.562746 -0.0368709 2.66006 
1.01067 0.52938 -0.0165628 2.69478 
0.997536 0.557613 -0.000969711 2.66347 
1.00243 0.545359 -0.00914155 2.67361 
0.998379 0.589862 -0.00317523 2.66937 
1.00577 0.580802 0.000433992 2.6879 
0.968018 0.645646 0.0322201 2.60647 
0.984898 0.603128 -0.0183667 2.63315 
1.00435 0.583251 0.00437388 2.68462 
0.926186 0.692713 0.101993 2.51774 
1.01341 0.565312 0.00410353 2.70482 
0.860405 0.706742 -0.0073521 2.32559 
0.999438 0.583588 -0.00285406 2.67083 
1.00473 0.58324 0.00209318 2.68585 
0.995509 0.590099 0.100886 2.66612 
0.997096 0.563941 -0.00266559 2.66329 
1.00507 0.582302 0.00146269 2.68645 
0.999702 0.588752 -0.000753574 2.67351 
1.00415 0.584138 5.49123e-05 2.68443 
1.00733 0.577684 0.00183534 2.69135 
0.999258 0.569523 -0.00503075 2.67023 
0.999119 0.582739 -0.00102897 2.67043 
1.00433 0.583766 0.000858457 2.68482 
0.996242 0.566749 -0.000180725 2.66177 
1.00453 0.583411 4.50871e-05 2.6853 
0.997731 0.575498 -0.000782518 2.66679 
1.00473 0.582863 0.000357254 2.68565 
0.944785 0.629515 -0.0926929 2.53377 
0.99946 0.586123 -0.000818292 2.67186 
1.00426 0.584028 0.000195453 2.68475 
0.925197 0.691241 0.0326443 2.50652 
1.01519 0.557992 0.0532655 2.70852 
1.00703 0.578721 0.0152534 2.69111 
1.02078 0.546313 0.0219545 2.7198 
0.962991 0.639789 -0.0607195 2.59049 
1.00413 0.584213 0.000620137 2.68441 
0.999404 0.586031 -0.00137042 2.6716 
1.00079 0.578419 -0.00996861 2.67611 
0.984862 0.621221 0.0822895 2.64801 
0.999637 0.582841 -0.00491825 2.67227 
0.997989 0.585534 -0.0194736 2.66819 
1.0068 0.579442 0.00518733 2.69059 
0.995982 0.586111 -0.0121833 2.66004 
0.952332 0.661752 0.0602894 2.5701 
0.998865 0.580471 -0.00125242 2.67029 
1.0051 0.582261 0.00370474 2.68654 
1.00374 0.585102 0.0003481 2.68365 
0.999674 0.591801 -0.000790019 2.67456 
0.999251 0.583998 -0.00119109 2.671 
1.00461 0.583363 0.00106699 2.68553 
0.986631 0.607969 0.0716473 2.64424 
0.957883 0.65027 -0.0441027 2.57973 
0.935172 0.663026 -0.0631975 2.52051 
0.996578 0.597419 -0.0051616 2.66758 
1.00278 0.590903 0.0529017 2.68574 
0.936173 0.668286 -0.0070248 2.52213 
1.0044 0.583638 4.25741e-05 2.68499 
1.00433 0.583812 0.000108265 2.68484 
0.995827 0.567891 -0.000106914 2.66081 
0.997182 0.573952 -0.00198582 2.66518 
0.998212 0.594049 0.0176825 2.67077 
1.00209 0.591967 0.0164892 2.6824 
1.00248 0.58613 0.00992304 2.68011 
0.988566 0.613879 0.0124361 2.65127 
0.982435 0.61851 0.0073129 2.6343 
0.979607 0.631379 0.00854822 2.63375 
1.0129 0.523926 -0.0437049 2.70002 
1.00253 0.520013 -0.0553742 2.66305 
0.998118 0.568572 -0.0526045 2.66712 
0.989278 0.610856 0.00944237 2.6515 
0.987881 0.613895 0.00415794 2.64879 
0.984968 0.613078 -0.00191004 2.63883 
0.999295 0.584068 -0.000914891 2.67104 
0.999373 0.584084 -0.000749465 2.67137 
0.998666 0.579689 -0.00111423 2.66914 
1.00428 0.583771 0.000206664 2.68467 
1.00433 0.583776 0.000346207 2.68482 
1.00438 0.583567 0.000346605 2.68486 
0.998577 0.583007 -0.0106085 2.66843 
0.999948 0.583678 -0.00755578 2.67359 
0.999628 0.577963 -0.00743936 2.6717 
1.00538 0.580898 0.00723284 2.6867 
1.00614 0.581508 0.00938783 2.68963 
1.00685 0.577073 0.00929704 2.68944 
0.975599 0.618307 -0.0426769 2.61506 
0.980218 0.61098 -0.038063 2.62556 
0.987419 0.603275 -0.0457035 2.64536 
0.987302 0.612782 -0.00690524 2.64636 
0.988677 0.60929 -0.00551219 2.64862 
0.990533 0.60848 -0.0067851 2.65425 
0.998659 0.598887 0.00253822 2.67497 
0.994992 0.603171 0.00538646 2.66545 
0.994081 0.606085 0.00850656 2.66435 
0.984674 0.607189 -0.0223235 2.63588 
0.989173 0.59681 -0.0283636 2.64525 
0.989877 0.594081 -0.0319786 2.64768 
0.999617 0.594522 0.00504066 2.67552 
0.999645 0.593236 0.00694947 2.67486 
1.00151 0.5906 0.0084371 2.67949 
0.970588 0.633011 -0.0552198 2.61045 
0.976188 0.610704 -0.0655177 2.61639 
0.976162 0.603332 -0.0685542 2.6138 
1.00407 0.587499 0.0225375 2.68653 
0.999994 0.58982 0.0260297 2.6744 
0.999849 0.59975 0.0343926 2.68038 
0.993057 0.571552 -0.0557344 2.65175 
0.995983 0.566309 -0.0696004 2.66139 
0.985223 0.568908 -0.0820594 2.62778 
0.999513 0.5936 -9.12526e-05 2.67492 
0.999725 0.593167 -0.000278226 2.67538 
0.999678 0.591558 -0.000359261 2.67442 
1.00412 0.584208 1.63991e-05 2.68438 
1.00405 0.584413 0.000219746 2.68427 
1.00407 0.5842 0.00024979 2.6842 
1.00964 0.571942 0.00207299 2.69584 
1.00886 0.574251 0.00327922 2.69452 
1.00845 0.576187 0.00431745 2.69424 
0.999653 0.554909 -0.00258733 2.66916 
0.999488 0.552617 -0.00464442 2.66733 
1.00074 0.568924 -0.00621032 2.67492 
0.92266 0.603007 -0.129034 2.45629 
0.922129 0.636096 -0.109695 2.47219 
0.92868 0.643023 -0.0996099 2.49242 
0.992793 0.60858 0.0459905 2.6632 
0.985428 0.616046 0.0488085 2.64385 
0.984157 0.627447 0.0532915 2.64781 
0.875785 0.708636 0.0496879 2.37275 
0.901758 0.709893 0.0635549 2.45294 
0.920389 0.685721 0.0511572 2.4877 
0.996718 0.566275 -0.000740246 2.66311 
0.996551 0.565786 -0.00126526 2.66227 
0.997982 0.575595 -0.00149973 2.66769 
1.00517 0.581879 0.000427141 2.68655 
1.00506 0.582263 0.000621763 2.6864 
1.00498 0.582596 0.000870451 2.68632 
0.935423 0.66654 0.122816 2.52865 
0.959241 0.653697 0.13141 2.59656 
0.9636 0.633025 0.117581 2.59244 
0.989999 0.610332 -0.000357885 2.65341 
0.990958 0.608342 -0.00318197 2.65538 
0.990965 0.605235 -0.00416475 2.65368 
1.00588 0.577488 0.0255444 2.68679 
1.00666 0.581944 0.0375781 2.69253 
1.00856 0.569998 0.0401113 2.69215 
0.998385 0.593219 -0.00253451 2.67111 
0.999111 0.592687 -0.00118555 2.67321 
0.99928 0.591525 -0.00169161 2.67316 
0.99596 0.59893 -0.000863105 2.66625 
0.99732 0.596964 -0.00140062 2.6696 
0.997414 0.595263 -0.00211858 2.66905 
0.968715 0.636375 -0.000186644 2.60188 
0.970404 0.635959 -0.0136654 2.60736 
0.967613 0.628743 -0.0234499 2.59441 
1.00341 0.586413 0.000418294 2.68331 
1.00243 0.587965 0.00240582 2.68096 
1.00255 0.587579 0.00295471 2.68112 
0.966779 0.655531 -0.00171358 2.60928 
0.958726 0.652754 -0.0179277 2.5825 
0.95607 0.671721 -0.0204366 2.58787 
0.999378 0.584465 -0.0055598 2.67045 
0.998451 0.584377 -0.00680079 2.66723 
0.998163 0.590809 -0.00592111 2.66922 
1.0035 0.585281 0.00106848 2.68295 
1.00346 0.585951 0.00178344 2.68319 
1.00369 0.585032 0.00228386 2.68344 
1.00415 0.585577 0.0129201 2.6854 
1.00389 0.583887 0.00791945 2.68346 
1.00319 0.587002 0.00715702 2.68296 
1.0314 0.544645 0.0573903 2.75691 
1.02418 0.538381 0.0419378 2.72801 
1.01907 0.56019 0.0449411 2.72235 
1.01412 0.586364 0.133245 2.73152 
1.01262 0.565467 0.106358 2.70973 
1.00888 0.578636 0.102445 2.70397 
0.987846 0.522253 -0.103708 2.6213 
0.974681 0.533432 -0.107687 2.58355 
0.974584 0.577856 -0.106216 2.60149 
0.991297 0.605264 0.0254318 2.65495 
0.988696 0.615287 0.0332449 2.65321 
0.991238 0.606574 0.0409849 2.65634 
1.00693 0.579682 0.020459 2.69142 
1.00937 0.572446 0.0217349 2.69552 
1.01084 0.572493 0.0198384 2.70043 
0.928326 0.667456 -0.0714556 2.50419 
0.906592 0.677572 -0.0637691 2.44353 
0.910989 0.69148 -0.0419676 2.46548 
0.963654 0.647063 0.0210764 2.59321 
0.954547 0.662824 0.0218354 2.57582 
0.945355 0.664864 0.0315582 2.54848 
1.01141 0.568826 0.00547422 2.70006 
1.01063 0.57166 0.00675313 2.69904 
1.01116 0.568359 0.0123626 2.69903 
1.00428 0.524007 -0.0276526 2.67036 
1.00302 0.557221 -0.0318912 2.6781 
1.00117 0.554975 -0.023142 2.67046 
1.00584 0.538535 -0.00707399 2.68283 
1.00444 0.533369 -0.0128995 2.67531 
1.00462 0.556642 -0.0148621 2.68321 
0.99656 0.560166 -0.000785119 2.66132 
0.996702 0.559102 -0.0016229 2.6612 
0.998024 0.570343 -0.00222931 2.66752 
1.00082 0.567523 -0.0093588 2.6741 
1.00324 0.563667 -0.00918579 2.6812 
1.00291 0.560873 -0.0153526 2.67852 
0.999065 0.584013 -0.00332452 2.66914 
0.999054 0.588289 -0.00335935 2.67089 
0.999265 0.587668 -0.00170935 2.67122 
1.00659 0.578985 0.000623183 2.68962 
1.00629 0.57997 0.00117758 2.68918 
1.00623 0.580471 0.00159327 2.68926 
0.972522 0.641654 0.0588727 2.61977 
0.961578 0.64908 0.0432036 2.58884 
0.954359 0.661999 0.0489868 2.57543 
0.992861 0.590996 -0.0185317 2.65267 
0.99039 0.59835 -0.0149201 2.64834 
0.990356 0.600921 -0.0131692 2.64935 
1.00348 0.585681 0.00433224 2.68313 
1.00404 0.584779 0.00439561 2.68446 
1.00404 0.584173 0.00253356 2.68411 
0.939602 0.680063 0.0638928 2.54437 
0.936597 0.664443 0.0841507 2.52494 
0.956472 0.657196 0.100844 2.58464 
1.01905 0.555105 0.0113803 2.71835 
1.01566 0.558691 0.0112979 2.70888 
1.01421 0.566263 0.013513 2.70814 
0.868571 0.690796 -0.0489069 2.33976 
0.884776 0.705803 -0.0307496 2.39873 
0.897803 0.694123 -0.0278415 2.42646 
0.999271 0.582662 -0.00168346 2.67089 
0.999374 0.58357 -0.00174868 2.6706 
0.999451 0.586092 -0.00203692 2.67143 
1.00468 0.583341 0.00374065 2.68575 
1.00454 0.583335 0.00235713 2.68527 
1.00427 0.583958 0.00234491 2.68473 
0.987062 0.604749 0.135589 2.65329 
0.987997 0.607136 0.125034 2.6556 
0.978484 0.621631 0.113533 2.63262 
0.998053 0.575609 -0.00183199 2.66771 
0.998348 0.573217 -0.00118824 2.66876 
0.998237 0.57255 -0.00300728 2.66801 
1.00551 0.581503 0.000788242 2.68746 
1.00545 0.581636 0.00108967 2.68733 
1.00564 0.581183 0.00191465 2.6877 
0.999821 0.591659 -0.000517426 2.67495 
0.999847 0.590372 -0.000268153 2.67445 
0.999718 0.590457 -0.000828553 2.67407 
1.00421 0.584024 0.000121513 2.68457 
1.00416 0.584123 0.000101226 2.68446 
1.00413 0.58414 0.00023754 2.68438 
1.00747 0.577252 0.00469887 2.6916 
1.00715 0.578781 0.00249252 2.69136 
1.00655 0.579482 0.00285556 2.68977 
0.997566 0.556359 -0.00210155 2.66287 
0.999001 0.56945 -0.0039021 2.67005 
0.998173 0.569894 -0.00342575 2.66747 
0.999311 0.584704 -0.00103809 2.67105 
0.999363 0.584683 -0.00149147 2.67121 
0.999492 0.586049 -0.00122829 2.67154 
1.00457 0.583284 0.00128132 2.68534 
1.00437 0.583775 0.00136249 2.68497 
1.00423 0.583921 0.00146363 2.6846 
0.996217 0.567604 -0.000326304 2.66195 
0.996167 0.567171 -0.000577502 2.66154 
0.997205 0.573871 -0.000782025 2.66546 
1.00466 0.583169 7.05798e-05 2.68557 
1.00457 0.583279 0.000142392 2.68534 
1.00453 0.583536 0.000186222 2.68536 
0.996168 0.566521 -0.00036102 2.66139 
0.997392 0.57392 -0.00135521 2.6659 
0.997206 0.573909 -0.000976744 2.66526 
1.00473 0.58283 0.000937239 2.68562 
1.00469 0.58323 0.000493321 2.6857 
1.00455 0.583308 0.0004432 2.68528 
0.949908 0.580836 -0.118611 2.52868 
0.952803 0.611157 -0.107999 2.54996 
0.966522 0.59644 -0.0951033 2.58395 
0.999467 0.586704 -4.39987e-05 2.6721 
0.999419 0.586532 -0.000882093 2.67181 
0.999606 0.589639 -0.000748717 2.67343 
1.00426 0.584033 0.000467554 2.68475 
1.00423 0.583996 0.00038262 2.68463 
1.00419 0.584216 0.000375594 2.68461 
0.894549 0.713192 0.0194258 2.43311 
0.908024 0.69622 0.0146147 2.45816 
0.914903 0.700087 -0.0022644 2.48266 
1.02214 0.540945 0.0749839 2.7248 
1.0168 0.564178 0.072966 2.71906 
1.00974 0.566817 0.0776694 2.69716 
1.00839 0.575036 0.00918389 2.69345 
1.00889 0.574101 0.0142981 2.69467 
1.00999 0.572056 0.0139459 2.69721 
1.01605 0.557798 0.0331941 2.71028 
1.01743 0.561774 0.0253191 2.71682 
1.0145 0.561825 0.0198368 2.70682 
0.951436 0.637246 -0.0790083 2.55515 
0.960337 0.626004 -0.0727198 2.57607 
0.969251 0.61494 -0.0855186 2.59928 
1.00422 0.583996 0.000842701 2.6846 
1.00416 0.584277 0.0007785 2.68454 
1.00407 0.584227 0.00139084 2.68424 
0.999551 0.589557 -0.0012989 2.67317 
0.99957 0.588186 -0.000967052 2.67268 
0.99947 0.58809 -0.00171853 2.67229 
0.999473 0.58536 -0.0152529 2.67298 
1.00015 0.577986 -0.0148653 2.67374 
1.00199 0.576422 -0.0163299 2.67968 
0.996562 0.60614 0.0927808 2.67826 
0.985226 0.614025 0.0876169 2.64533 
0.981784 0.633096 0.102287 2.64882 
1.00009 0.578065 -0.00611742 2.67385 
0.999246 0.578268 -0.0047302 2.67109 
0.999323 0.577941 -0.00432642 2.67172 
0.996859 0.582946 -0.0327705 2.6654 
0.999851 0.580402 -0.0234397 2.67373 
1.00136 0.575486 -0.0242377 2.67713 
1.00549 0.582277 0.00463015 2.68784 
1.00608 0.579683 0.00436128 2.68832 
1.00616 0.580461 0.00316987 2.68904 
0.996825 0.591775 -0.00648246 2.66529 
0.995401 0.594197 -0.00993095 2.66204 
0.99346 0.596949 -0.00895561 2.65719 
0.974397 0.627829 0.0730791 2.61741 
0.967895 0.651956 0.0832166 2.61447 
0.966228 0.642188 0.0917328 2.60335 
0.999379 0.582838 -0.00298281 2.67141 
0.999106 0.58046 -0.00288486 2.67109 
0.998967 0.57799 -0.00230594 2.67056 
1.00499 0.582239 0.00190049 2.68613 
1.0053 0.582207 0.00318407 2.68716 
1.00553 0.580743 0.00270165 2.68708 
1.00404 0.584444 0.000483551 2.68425 
1.00388 0.584514 0.000663618 2.68377 
1.0039 0.584849 0.00111084 2.68401 
0.99954 0.593939 -0.000464789 2.67521 
0.999486 0.591884 -0.00102267 2.67399 
0.999558 0.59144 -0.00105851 2.67404 
0.99887 0.581304 -0.00143261 2.66999 
0.998759 0.581227 -0.000917827 2.66957 
0.998418 0.57959 -0.00162516 2.66869 
1.00439 0.583714 0.000784434 2.68499 
1.00447 0.583358 0.00073251 2.68505 
1.00448 0.583544 0.000511954 2.68521 
0.995406 0.594511 0.0573596 2.66365 
0.993829 0.603936 0.0713455 2.66549 
0.995865 0.593158 0.0782015 2.66621 
0.94487 0.662991 -0.035109 2.54679 
0.948309 0.658989 -0.0460889 2.55562 
0.94448 0.65112 -0.056926 2.54 
0.936582 0.66216 -0.0305397 2.52007 
0.931089 0.671198 -0.038725 2.51154 
0.92174 0.678538 -0.0356235 2.48774 
0.994833 0.601251 -0.00261626 2.66391 
0.99488 0.599253 -0.00434242 2.66303 
0.993365 0.602007 -0.00670689 2.65969 
1.01195 0.574732 0.0511787 2.70687 
1.00627 0.576827 0.0562433 2.6893 
1.00628 0.588079 0.0717326 2.69736 
0.931711 0.680011 0.0249282 2.51719 
0.927326 0.680796 -0.00127359 2.50428 
0.921583 0.686462 -0.00532706 2.49154 
1.00444 0.583503 8.30163e-05 2.68504 
1.00445 0.583605 0.000114187 2.68513 
1.00446 0.583583 0.000162695 2.68516 
1.00439 0.583692 4.13749e-05 2.68498 
1.00438 0.583694 8.5102e-05 2.68496 
1.00441 0.58368 0.000179709 2.68505 
0.995649 0.568767 -0.000177001 2.6605 
0.995845 0.56856 -0.000448284 2.66104 
0.996824 0.573873 -0.000583824 2.66439 
0.998597 0.581358 -0.00143401 2.669 
0.997869 0.577488 -0.000725795 2.66715 
0.997966 0.577473 -0.00189792 2.66746 
