1.00481 0.58032 0.0157772 2.68463 
0.988387 0.617518 0.00777164 2.6541 
1.00294 0.537427 -0.0650746 2.67861 
0.991245 0.607917 0.00421514 2.65647 
0.998225 0.574411 -0.00118528 2.66637 
1.00701 0.578558 0.000420474 2.69077 
0.996574 0.570853 -0.00846077 2.65987 
1.00881 0.572105 0.0115294 2.69324 
0.979245 0.604804 -0.0370247 2.62016 
0.990187 0.609605 -0.000912965 2.65404 
1.00005 0.601395 0.00640752 2.68143 
0.986442 0.592527 -0.0240268 2.63645 
1.00281 0.590327 0.0124781 2.68385 
0.972114 0.608826 -0.0538886 2.60688 
1.00505 0.592074 0.0266098 2.69304 
0.98303 0.537153 -0.080783 2.61217 
0.999445 0.591203 -0.000250739 2.67411 
1.00676 0.579393 5.90777e-05 2.6904 
1.01101 0.56928 0.0023614 2.69894 
1.00153 0.552124 -0.00758184 2.67789 
0.896144 0.612255 -0.0925807 2.37833 
0.993922 0.614739 0.0415981 2.67223 
0.909319 0.67689 0.0723482 2.453 
0.996241 0.562255 -0.00143032 2.66213 
1.00766 0.577211 0.000545515 2.69219 
0.983081 0.616606 0.124907 2.64827 
0.991805 0.606929 -0.000889235 2.65775 
1.00974 0.566378 0.0354784 2.694 
0.99835 0.592778 -0.00218063 2.6714 
0.995902 0.597232 -0.00191949 2.66561 
0.975405 0.617996 -0.00780705 2.61318 
1.00588 0.583605 0.00113947 2.68993 
0.969358 0.658618 -0.0156366 2.62351 
0.997802 0.582815 -0.00773713 2.66521 
1.00618 0.580486 0.00290109 2.68911 
1.00664 0.581746 0.0102997 2.69148 
1.03006 0.549521 0.0396712 2.75405 
1.03249 0.567608 0.106675 2.78051 
0.953169 0.549714 -0.108712 2.52554 
0.994008 0.60059 0.0333174 2.66177 
1.01242 0.570604 0.0248419 2.70495 
0.914891 0.665163 -0.0474123 2.4645 
0.960714 0.64513 0.025672 2.58523 
1.01327 0.563481 0.0101584 2.70343 
0.992744 0.531755 -0.0329919 2.64044 
1.00633 0.536414 -0.015269 2.68886 
0.995899 0.55736 -0.00179174 2.66166 
0.999602 0.546212 -0.0143748 2.66809 
0.998007 0.58114 -0.00251975 2.66492 
1.00879 0.574795 0.000979218 2.69459 
0.977867 0.638356 0.0518578 2.63638 
0.98651 0.593297 -0.0183568 2.63373 
1.0068 0.579114 0.00342788 2.69039 
0.959583 0.6657 0.0953364 2.60538 
1.01748 0.55763 0.00885834 2.71441 
0.876531 0.672085 -0.0122916 2.35031 
0.998372 0.577192 -0.00291215 2.66639 
1.00732 0.578521 0.00315982 2.6918 
0.997488 0.594549 0.107484 2.67921 
0.995737 0.5614 -0.00254124 2.65996 
1.00811 0.57644 0.00171889 2.69324 
0.999187 0.587553 -0.00160758 2.67223 
1.00685 0.579139 0.00019941 2.69058 
1.00998 0.572215 0.00385438 2.69712 
0.995456 0.555271 -0.00419513 2.65899 
0.998376 0.577155 -0.0014122 2.66638 
1.00712 0.578514 0.00119017 2.69112 
0.995294 0.563386 -0.000455184 2.65958 
1.00727 0.57841 7.76089e-05 2.69154 
0.995182 0.562789 -0.000846255 2.65886 
1.00738 0.577778 0.000725192 2.69156 
0.944952 0.581813 -0.0943544 2.51467 
0.998819 0.583752 -0.000781864 2.67009 
1.00693 0.579231 0.000398208 2.69089 
0.925117 0.686507 0.0304179 2.50964 
1.02148 0.542258 0.0618403 2.72255 
1.01131 0.569368 0.0122667 2.70011 
1.02076 0.544619 0.0237584 2.71909 
0.956459 0.628118 -0.0757728 2.56843 
1.00685 0.579142 0.00125322 2.69056 
0.998769 0.583185 -0.00335314 2.66949 
0.999505 0.572813 -0.0158089 2.6714 
1.00041 0.611973 0.0932855 2.69669 
0.998138 0.570229 -0.00600928 2.66608 
0.993798 0.574246 -0.0284296 2.65325 
1.00884 0.576109 0.00442863 2.6955 
0.993982 0.584758 -0.0102123 2.65333 
0.979306 0.625801 0.0718326 2.63456 
0.997236 0.570414 -0.00168118 2.66318 
1.00794 0.576202 0.00273143 2.69256 
1.00655 0.580152 0.000728676 2.69016 
0.999626 0.592119 -0.00137571 2.67525 
0.997908 0.574142 -0.00228895 2.66575 
1.0072 0.578582 0.000921956 2.6914 
1.00006 0.58524 0.0665429 2.67494 
0.951409 0.647129 -0.0406204 2.56108 
0.934244 0.656039 -0.0375722 2.51475 
0.993793 0.602267 -0.00608421 2.66163 
1.01331 0.578675 0.0578261 2.71483 
0.941321 0.666591 0.015859 2.54153 
1.0071 0.57857 0.000144754 2.69109 
1.00706 0.578755 0.000141169 2.69106 
0.994754 0.563786 -0.000149062 2.65799 
0.996958 0.570349 -0.00255595 2.6636 
