1 0 7.25308e-17 2.675 
1 0 0 2.675 
1 -6.95727e-17 0 2.675 
1 0 3.23688e-17 2.675 
1 2.73791e-17 -8.76133e-17 2.675 
1 -2.18942e-17 -8.75767e-17 2.675 
1 3.96293e-17 0 2.675 
1 2.05615e-17 0 2.675 
1 0 3.02455e-17 2.675 
1 0 0 2.675 
1 0 0 2.675 
1 4.66772e-17 0 2.675 
1 0 -3.15785e-17 2.675 
1 0 -4.38432e-17 2.675 
1 -1.00349e-16 -6.27179e-17 2.675 
1 0 -2.37347e-17 2.675 
1 0 0 2.675 
1 3.32312e-17 0 2.675 
1 7.51198e-17 0 2.675 
1 -7.00632e-17 -7.21777e-17 2.675 
1 3.85031e-17 0 2.675 
1 -1.11495e-17 0 2.675 
1 1.26281e-16 0 2.675 
1 0 0 2.675 
1 5.81142e-17 0 2.675 
1 0 0 2.675 
1 0 0 2.675 
1 0 6.36698e-17 2.675 
1 7.58181e-17 0 2.675 
1 0 0 2.675 
1 -1.66179e-17 -6.64716e-17 2.675 
1 6.1521e-17 0 2.675 
1 0 1.47779e-16 2.675 
1 -4.64964e-17 4.64964e-17 2.675 
1 -1.74937e-17 -6.99749e-17 2.675 
1 0 0 2.675 
1 8.4188e-17 0 2.675 
1 0 -6.00233e-17 2.675 
1 0 -1.20912e-16 2.675 
1 6.55056e-17 0 2.675 
1 -1.27448e-16 -7.28273e-17 2.675 
1 -4.78302e-17 0 2.675 
1 -9.01356e-17 -6.00904e-17 2.675 
1 0 -8.57957e-17 2.675 
1 5.86817e-17 -7.82423e-17 2.675 
1 6.46268e-17 0 2.675 
1 0 7.38864e-17 2.675 
1 0 7.87708e-17 2.675 
1 4.64216e-17 -4.64216e-17 2.675 
1 7.55449e-17 7.55449e-17 2.675 
1 5.64795e-17 -1.12959e-16 2.675 
1 0 2.26761e-17 2.675 
1 0 9.25506e-17 2.675 
1 -6.55212e-17 8.73615e-17 2.675 
1 2.22867e-17 0 2.675 
1 2.66708e-17 0 2.675 
1 4.73862e-17 0 2.675 
1 -7.36017e-17 0 2.675 
1 -9.6527e-18 -7.72216e-17 2.675 
1 3.17083e-17 0 2.675 
1 -6.34449e-17 0 2.675 
0.970154 0.0354921 0 2.56532 
0.799241 -0.199923 0 1.93721 
1 -9.90023e-17 -1.5454e-16 2.675 
1 0 0 2.675 
1 -4.93897e-17 0 2.675 
1 0 5.10173e-17 2.675 
1 0 6.24761e-17 2.675 
1 0 0 2.675 
1 0 0 2.675 
1 -5.07822e-17 1.01564e-16 2.675 
1 -1.29711e-17 6.91793e-17 2.675 
1 0 1.12753e-16 2.675 
1 4.5096e-17 4.5096e-17 2.675 
1 -2.47963e-17 9.91853e-17 2.675 
1 -7.59197e-17 0 2.675 
1 1.06431e-16 7.09539e-17 2.675 
1 -4.74948e-17 -4.74948e-17 2.675 
1 0 0 2.675 
1 -5.04964e-17 0 2.675 
1 2.59557e-17 0 2.675 
1 -6.91698e-17 -2.16156e-17 2.675 
1 -1.18308e-16 0 2.675 
1 0 1.73416e-17 2.675 
1 0 -4.67095e-17 2.675 
1 -6.84401e-17 6.84401e-17 2.675 
1 -2.44237e-17 0 2.675 
1 8.07492e-17 4.03746e-17 2.675 
1 -6.18274e-17 -1.54568e-17 2.675 
1 5.99737e-17 0 2.675 
1 -4.00065e-17 0 2.675 
1 -6.32713e-17 0 2.675 
1 0 0 2.675 
1 1.01083e-16 -1.01083e-16 2.675 
1 1.14212e-16 5.71058e-17 2.675 
1 3.40306e-17 0 2.675 
1 0 -4.71788e-17 2.675 
1 -1.87808e-17 -8.43487e-17 2.675 
1 0 0 2.675 
1 -4.85954e-17 4.85954e-17 2.675 
1 0 0 2.675 
0.79747 -0.201687 8.46843e-17 1.9307 
1 -5.641e-17 5.641e-17 2.675 
0.969907 0.0357857 0 2.56441 
