1.00524 0.579141 0.0158083 2.6854 
0.988819 0.616232 0.00784516 2.65471 
1.00312 0.535898 -0.0648455 2.67821 
0.991642 0.606872 0.00426075 2.65713 
0.998289 0.573224 -0.00119659 2.66583 
1.00766 0.577287 0.000444694 2.69221 
0.996756 0.569582 -0.00841675 2.65968 
1.00927 0.570834 0.0115763 2.69407 
0.979645 0.603532 -0.0368201 2.62064 
0.990526 0.608579 -0.000843273 2.65453 
1.00047 0.600326 0.00640832 2.68218 
0.986766 0.591286 -0.0238368 2.63673 
1.00325 0.589232 0.0124993 2.68466 
0.972549 0.607282 -0.0535572 2.60722 
1.00545 0.590852 0.0265856 2.69366 
0.98337 0.53562 -0.0805007 2.61228 
0.999502 0.5904 -0.000248774 2.67382 
1.00738 0.578167 5.85646e-05 2.69178 
1.01147 0.567963 0.0023692 2.69973 
1.0017 0.550539 -0.0075667 2.67741 
0.897094 0.610698 -0.0923633 2.38008 
0.994354 0.613314 0.0415236 2.67275 
0.91033 0.675313 0.0722216 2.45488 
0.996376 0.560697 -0.00143722 2.66154 
1.00823 0.575932 0.000553286 2.69333 
0.983568 0.615129 0.124638 2.64887 
0.992131 0.605972 -0.000860817 2.65824 
1.01013 0.56508 0.035462 2.69459 
0.998476 0.591951 -0.00217747 2.67132 
0.996072 0.596382 -0.00190301 2.66566 
0.975904 0.616677 -0.0076753 2.61395 
1.00639 0.582481 0.00115301 2.69097 
0.969899 0.657023 -0.0154605 2.62412 
0.997975 0.58186 -0.00770084 2.66521 
1.0067 0.579319 0.00294082 2.69019 
1.0071 0.580562 0.0103437 2.69235 
1.03033 0.548187 0.0396009 2.75426 
1.03272 0.566233 0.106459 2.78048 
0.953666 0.548185 -0.108407 2.52608 
0.994437 0.599352 0.033299 2.66244 
1.01281 0.569315 0.024836 2.70554 
0.915781 0.663565 -0.0471867 2.46601 
0.961368 0.643586 0.0256431 2.58627 
1.0137 0.562158 0.0101835 2.70413 
0.992978 0.530209 -0.0328178 2.64021 
1.00646 0.53483 -0.0151827 2.68824 
0.996046 0.555762 -0.00178384 2.66107 
0.999791 0.544632 -0.0143681 2.66769 
0.998151 0.580187 -0.00247744 2.66482 
1.0093 0.573497 0.000990769 2.69555 
0.978383 0.636849 0.0517588 2.63705 
0.986832 0.592286 -0.0182455 2.63417 
1.00731 0.577913 0.00346084 2.69142 
0.960186 0.664194 0.0950772 2.60617 
1.01785 0.556297 0.00885002 2.71495 
0.877714 0.670503 -0.012202 2.3526 
0.99849 0.57612 -0.00294139 2.66612 
1.00786 0.577288 0.00320825 2.69288 
0.997908 0.593125 0.107194 2.67969 
0.995878 0.559844 -0.00255896 2.65939 
1.00865 0.575156 0.00174915 2.6943 
0.999213 0.5867 -0.00163769 2.67179 
1.00751 0.577897 0.000216475 2.69206 
1.01047 0.570908 0.00388145 2.69802 
0.995627 0.553681 -0.00418199 2.65849 
0.998464 0.576089 -0.00140724 2.66601 
1.0077 0.577271 0.00121987 2.69234 
0.995384 0.561825 -0.000466521 2.65882 
1.00788 0.57713 8.76907e-05 2.69287 
0.995288 0.56123 -0.000845291 2.65817 
1.00798 0.576495 0.000743348 2.69282 
0.945569 0.580276 -0.0939663 2.51552 
0.998861 0.5828 -0.000769812 2.66964 
1.00758 0.577987 0.00041861 2.69234 
0.925979 0.68492 0.030374 2.51107 
1.02179 0.540927 0.0617145 2.72287 
1.01174 0.568083 0.0122792 2.70083 
1.02111 0.543298 0.0237359 2.71958 
0.957021 0.626574 -0.0754713 2.56912 
1.00745 0.577905 0.00129086 2.69185 
0.998836 0.582224 -0.00338599 2.66913 
0.999691 0.57152 -0.0157298 2.67121 
1.00081 0.610526 0.0930571 2.69707 
0.998286 0.568921 -0.00601878 2.66575 
0.994032 0.572949 -0.0283568 2.65321 
1.00932 0.574847 0.00446294 2.69641 
0.994208 0.583811 -0.0101339 2.65351 
0.979824 0.624308 0.071628 2.63525 
0.997365 0.569092 -0.00162822 2.66276 
1.00847 0.574931 0.0027608 2.69359 
1.00713 0.578966 0.000738962 2.69142 
0.999698 0.591313 -0.00136719 2.67501 
0.997994 0.572962 -0.00234386 2.66528 
1.0078 0.577323 0.00094907 2.69269 
1.00048 0.583864 0.0664054 2.67551 
0.952064 0.645545 -0.0403427 2.56203 
0.935033 0.65448 -0.0373968 2.51607 
0.994015 0.601375 -0.00604363 2.66183 
1.01365 0.577333 0.0577148 2.71521 
0.942095 0.665003 0.0159138 2.5428 
1.00777 0.577284 0.000140126 2.69257 
1.00773 0.577486 0.00015326 2.69257 
0.9948 0.56222 -0.00013562 2.65707 
0.99701 0.569012 -0.00264934 2.66289 
