1723
0.487893
0.459309
0.37664
0.370361
0.0897455
0.148322
0.14281
0.148778
0.128154
0.0936027
0.0803514
0.0602805
0.0752066
0.0884095
0.0842048
0.0660973
0.0427708
0.044844
0.0407138
0.0360567
0.0422623
0.0427416
0.0377956
0.0342653
0.0363134
0.0336727
0.027707
0.0289579
0.0268755
0.0218041
0.0208926
0.0198445
0.0167741
0.0168316
0.0153333
0.0136618
0.0143143
0.0136201
0.0120602
0.0125066
0.012642
0.0118647
0.0116738
0.0118454
0.0117432
0.0114344
0.0118606
0.0122049
0.0124378
0.012507
0.0123514
0.0119183
0.0111777
0.0101304
0.00881067
0.00778562
0.00826833
0.00819941
0.00908924
0.00970085
0.00976
0.00932384
0.00893477
0.00878028
0.00890518
0.00929375
0.00933114
0.0104153
0.0113291
0.0120286
0.0124771
0.0126493
0.012536
0.0121442
0.0114945
0.0106181
0.00955253
0.00856677
0.0074513
0.00619885
0.00545675
0.00554842
0.00559706
0.00560222
0.00556375
0.00548185
0.00535727
0.00528057
0.00585823
0.00633256
0.00655312
0.00652757
0.00627468
0.00582258
0.00637731
0.00690317
0.00731918
0.00761646
0.00779073
0.00784221
0.00777532
0.00759824
0.00732241
0.00696185
0.00653246
0.00605122
0.0055354
0.00500181
0.00456536
0.00413349
0.00371062
0.0033037
0.00291779
0.00287412
0.00290646
0.00293266
0.00295324
0.00296866
0.00297923
0.00298515
0.00298652
0.00298334
0.00297554
0.00296299
0.00294554
0.00292305
0.00289536
0.00286237
0.00282403
0.00278035
0.0027314
0.00267734
0.0026184
0.00255488
0.00249862
0.00256179
0.00261639
0.00266102
0.00269454
0.00279363
0.00291075
0.00300404
0.00312741
0.00336729
0.0035586
0.00369965
0.00379052
0.00383293
0.00383012
0.00378654
0.00370761
0.00359938
0.0034682
0.00332044
0.00316215
0.00299888
0.00283542
0.00267575
0.00252289
0.00239282
0.00241243
0.00242618
0.0024344
0.00243739
0.00243545
0.00242885
0.00241784
0.00240264
0.00238346
0.00236049
0.00233392
0.00230392
0.00227068
0.00223439
0.00219526
0.00215348
0.00210931
0.00206298
0.00201476
0.00196491
0.00191373
0.00186148
0.00180846
0.00175493
0.00170117
0.00164743
0.00159394
0.00154094
0.00148861
0.00143713
0.00138666
0.00133733
0.00128926
0.00124254
0.00119725
0.00115346
0.00111122
0.00111118
0.00113321
0.00115259
0.00116411
0.00116858
0.00116696
0.00116023
0.00114942
0.00113555
0.00113965
0.00114992
0.00115893
0.00116732
0.00117561
0.00118424
0.00119355
0.00120374
0.00121492
0.00124046
0.00127611
0.00131177
0.00134701
0.00138133
0.0014142
0.00144504
0.00147328
0.00149838
0.00151979
0.00153706
0.00154975
0.00155753
0.00156014
0.00155743
0.0015493
0.00153579
0.001517
0.00149312
0.00146443
0.00143125
0.00139399
0.00135308
0.001309
0.00126223
0.00121327
0.00116261
0.00111074
0.0010581
0.00100513
0.000952198
0.000899992
0.00088584
0.000886826
0.000887247
0.000886967
0.000887898
0.000888057
0.00088744
0.000886075
0.000883994
0.00088123
0.000877814
0.000873781
0.000869162
0.000863992
0.000858302
0.000852125
0.00084549
0.00083843
0.000830973
0.000823147
0.000814981
0.000806501
0.000797735
0.000788707
0.000779443
0.000769967
0.000760302
0.000750473
0.000746709
0.000752998
0.000759109
0.000765029
0.000770743
0.000776237
0.000781497
0.000786507
0.000791249
0.000795706
0.000799858
0.000803687
0.000807172
0.000810295
0.000813037
0.000815381
0.000817311
0.000818813
0.000819877
0.000820495
0.000820661
0.000820375
0.000819638
0.000818457
0.00081684
0.0008148
0.000812353
0.000809516
0.000806311
0.000802759
0.000798887
0.000794717
0.000790277
0.000785592
0.000780689
0.000775591
0.000770323
0.000764907
0.000759364
0.000753713
0.000747971
0.000742154
0.000736273
0.00073034
0.000724363
0.00071835
0.000712306
0.000706236
0.000700141
0.000694023
0.000687884
0.000681723
0.000675541
0.000669337
0.000663111
0.000656862
0.000650591
0.000644299
0.000637985
0.000631653
0.000625303
0.000618938
0.000612562
0.000606177
0.000599788
0.000593398
0.000587013
0.000580636
0.000574272
0.000567927
0.000561603
0.000555306
0.00054904
0.000542809
0.000536615
0.000530462
0.000524353
0.000518289
0.000512274
0.000506307
0.000500392
0.000494527
0.000488715
0.000482955
0.000477248
0.000471594
0.000465993
0.000460444
0.00045495
0.000449508
0.00044412
0.000438787
0.000433508
0.000428286
0.000423295
0.000422161
0.000420676
0.000418842
0.000416664
0.000414146
0.000411296
0.000408121
0.000404629
0.000400832
0.000396738
0.000392361
0.000387713
0.000382807
0.000377658
0.000372279
0.000366685
0.000360892
0.000354915
0.000348768
0.000342468
0.000340559
0.000339216
0.000337853
0.000336469
0.000335066
0.000333642
0.000332198
0.000330734
0.000329249
0.000327745
0.00032622
0.000324675
0.000323109
0.000321522
0.000319914
0.000318285
0.000316635
0.000314963
0.000313269
0.000311553
0.000309815
0.000308055
0.000306272
0.000304467
0.000302639
0.000300789
0.000298916
0.000297022
0.000295106
0.000293169
0.000291211
0.000289233
0.000287235
0.000285219
0.000283185
0.000281135
0.000279069
0.000276988
0.000274894
0.000272788
0.000270672
0.000268546
0.000266412
0.000264272
0.000262127
0.000259979
0.000257829
0.000255678
0.000253529
0.000251383
0.00024924
0.000247103
0.000244974
0.000242852
0.000240741
0.00023864
0.000236552
0.000235387
0.000234252
0.000233102
0.000231936
0.000230756
0.000229559
0.000228346
0.000227118
0.000225875
0.000224615
0.000223341
0.000222051
0.000220747
0.000219429
0.000218097
0.000216752
0.000215394
0.000214024
0.000212642
0.000211249
0.000209845
0.000208431
0.000207008
0.000205576
0.000204136
0.000202688
0.000201234
0.000199773
0.000198307
0.000196836
0.000195361
0.000193883
0.000192401
0.000190917
0.000189432
0.000187946
0.000186459
0.000184973
0.000183488
0.000182005
0.000180524
0.000179046
0.000177572
0.000176102
0.000174637
0.000173177
0.000171723
0.000170276
0.000168836
0.000167404
0.000165979
0.000164564
0.000163157
0.00016176
0.000160372
0.000158995
0.000157629
0.000156274
0.00015493
0.000153598
0.000152633
0.000151894
0.000151166
0.000150448
0.000149739
0.000149039
0.000148348
0.000147665
0.000146989
0.000146321
0.000145659
0.000145003
0.000144353
0.000143708
0.000143068
0.000142433
0.000141802
0.000141175
0.000140551
0.000139931
0.000139313
0.000138698
0.000138084
0.000137473
0.000136863
0.000136255
0.000135647
0.00013504
0.000134434
0.000133828
0.000133223
0.000132617
0.000132011
0.000131404
0.000130797
0.000130189
0.00012958
0.00012897
0.000128359
0.000127747
0.000127133
0.000126518
0.000125901
0.000125283
0.000124663
0.000124041
0.000123417
0.000122792
0.000122164
0.000121535
0.000120904
0.000120271
0.000119635
0.000118998
0.00011836
0.000117719
0.000117076
0.000116432
0.000115785
0.000115137
0.000114488
0.000113836
0.000113183
0.000112529
0.000111873
0.000111215
0.000110557
0.000109897
0.000109236
0.000108574
0.000107912
0.000107248
0.000106584
0.000105919
0.000105254
0.000104588
0.000103923
0.000103257
0.000102591
0.000101926
0.000101261
0.000100596
9.99323e-05
9.92691e-05
9.86068e-05
9.79456e-05
9.72857e-05
9.6627e-05
9.59699e-05
9.53144e-05
9.46606e-05
9.40088e-05
9.33591e-05
9.27116e-05
9.20664e-05
9.14237e-05
9.07837e-05
9.01464e-05
8.9512e-05
8.88806e-05
8.82523e-05
8.76274e-05
8.70058e-05
8.63877e-05
8.57733e-05
8.51626e-05
8.45557e-05
8.39528e-05
8.3354e-05
8.27593e-05
8.21688e-05
8.15827e-05
8.1001e-05
8.04238e-05
7.98512e-05
7.92832e-05
7.87199e-05
7.81615e-05
7.76078e-05
7.70591e-05
7.65153e-05
7.59765e-05
7.54427e-05
7.4914e-05
7.43904e-05
7.38719e-05
7.33586e-05
7.28504e-05
7.23474e-05
7.18497e-05
7.13571e-05
7.08697e-05
7.03876e-05
6.99106e-05
6.94388e-05
6.89721e-05
6.85107e-05
6.80543e-05
6.7603e-05
6.71569e-05
6.67157e-05
6.62796e-05
6.58484e-05
6.54221e-05
6.50008e-05
6.45842e-05
6.41724e-05
6.37654e-05
6.3363e-05
6.29653e-05
6.25721e-05
6.21834e-05
6.17991e-05
6.14192e-05
6.10435e-05
6.06721e-05
6.03049e-05
5.99418e-05
5.95826e-05
5.92274e-05
5.88761e-05
5.85286e-05
5.81848e-05
5.78446e-05
5.7508e-05
5.71749e-05
5.68452e-05
5.65188e-05
5.61957e-05
5.58757e-05
5.55588e-05
5.5245e-05
5.49341e-05
5.46261e-05
5.43208e-05
5.40183e-05
5.37184e-05
5.34211e-05
5.31262e-05
5.28338e-05
5.25437e-05
5.22559e-05
5.19703e-05
5.16869e-05
5.14055e-05
5.1126e-05
5.08486e-05
5.0573e-05
5.02992e-05
5.00271e-05
4.97568e-05
4.94881e-05
4.92209e-05
4.89553e-05
4.87227e-05
4.84989e-05
4.82759e-05
4.80536e-05
4.7832e-05
4.7611e-05
4.73904e-05
4.71703e-05
4.69506e-05
4.67311e-05
4.65119e-05
4.62929e-05
4.6074e-05
4.58552e-05
4.56364e-05
4.54175e-05
4.51986e-05
4.49796e-05
4.47605e-05
4.45411e-05
4.43216e-05
4.41018e-05
4.38818e-05
4.36615e-05
4.34409e-05
4.32199e-05
4.29986e-05
4.2777e-05
4.2555e-05
4.23327e-05
4.211e-05
4.18869e-05
4.16635e-05
4.14397e-05
4.12155e-05
4.0991e-05
4.07662e-05
4.0541e-05
4.03155e-05
4.00898e-05
3.98637e-05
3.96374e-05
3.94108e-05
3.9184e-05
3.89571e-05
3.873e-05
3.85027e-05
3.82753e-05
3.80479e-05
3.78203e-05
3.75928e-05
3.73653e-05
3.71379e-05
3.69105e-05
3.66832e-05
3.64561e-05
3.62292e-05
3.60026e-05
3.57762e-05
3.55501e-05
3.53243e-05
3.50989e-05
3.4874e-05
3.46495e-05
3.44255e-05
3.42021e-05
3.39792e-05
3.3757e-05
3.35354e-05
3.33145e-05
3.30944e-05
3.2875e-05
3.26564e-05
3.24387e-05
3.22218e-05
3.20059e-05
3.17909e-05
3.1577e-05
3.1364e-05
3.11521e-05
3.09413e-05
3.07316e-05
3.0523e-05
3.03157e-05
3.01095e-05
2.99046e-05
2.9701e-05
2.94986e-05
2.92976e-05
2.90979e-05
2.88996e-05
2.87026e-05
2.85071e-05
2.8313e-05
2.81203e-05
2.79291e-05
2.77394e-05
2.75512e-05
2.73645e-05
2.71793e-05
2.69956e-05
2.68135e-05
2.66329e-05
2.6454e-05
2.62765e-05
2.61007e-05
2.59264e-05
2.57538e-05
2.55827e-05
2.54132e-05
2.52453e-05
2.5079e-05
2.49143e-05
2.47512e-05
2.45897e-05
2.44297e-05
2.42713e-05
2.41146e-05
2.39593e-05
2.38057e-05
2.36535e-05
2.35029e-05
2.33539e-05
2.32064e-05
2.30603e-05
2.29158e-05
2.27727e-05
2.26312e-05
2.2491e-05
2.23523e-05
2.2215e-05
2.20792e-05
2.19447e-05
2.18115e-05
2.16798e-05
2.15493e-05
2.14202e-05
2.12924e-05
2.11658e-05
2.10406e-05
2.09165e-05
2.07936e-05
2.0672e-05
2.05515e-05
2.04322e-05
2.0314e-05
2.01969e-05
2.00809e-05
1.99659e-05
1.9852e-05
1.97392e-05
1.96273e-05
1.95164e-05
1.94064e-05
1.92974e-05
1.91893e-05
1.90821e-05
1.89757e-05
1.88702e-05
1.87656e-05
1.86617e-05
1.85586e-05
1.84563e-05
1.83547e-05
1.82538e-05
1.81537e-05
1.80542e-05
1.79554e-05
1.78573e-05
1.77597e-05
1.76628e-05
1.75665e-05
1.74707e-05
1.73756e-05
1.72809e-05
1.71868e-05
1.70932e-05
1.7e-05
1.69074e-05
1.68152e-05
1.67235e-05
1.66322e-05
1.65414e-05
1.64509e-05
1.63609e-05
1.62712e-05
1.61819e-05
1.6093e-05
1.60044e-05
1.59162e-05
1.58283e-05
1.57408e-05
1.56536e-05
1.55667e-05
1.548e-05
1.53937e-05
1.53077e-05
1.5222e-05
1.51365e-05
1.50513e-05
1.49664e-05
1.48818e-05
1.47974e-05
1.47133e-05
1.46294e-05
1.45458e-05
1.44624e-05
1.43793e-05
1.42964e-05
1.42138e-05
1.41314e-05
1.40493e-05
1.39674e-05
1.38857e-05
1.38043e-05
1.37232e-05
1.36422e-05
1.35616e-05
1.34811e-05
1.3401e-05
1.3321e-05
1.32414e-05
1.31619e-05
1.30828e-05
1.30039e-05
1.29253e-05
1.28469e-05
1.27688e-05
1.2691e-05
1.26135e-05
1.25362e-05
1.24592e-05
1.23825e-05
1.23062e-05
1.22301e-05
1.21543e-05
1.20788e-05
1.20036e-05
1.19288e-05
1.18542e-05
1.178e-05
1.17061e-05
1.16326e-05
1.15594e-05
1.14865e-05
1.1414e-05
1.13418e-05
1.127e-05
1.11985e-05
1.11274e-05
1.10566e-05
1.09863e-05
1.09163e-05
1.08467e-05
1.07774e-05
1.07086e-05
1.06401e-05
1.05721e-05
1.05044e-05
1.04371e-05
1.03702e-05
1.03038e-05
1.02377e-05
1.01721e-05
1.01068e-05
1.0042e-05
9.9776e-06
9.91361e-06
9.85005e-06
9.7869e-06
9.72419e-06
9.6619e-06
9.60003e-06
9.5386e-06
9.47759e-06
9.41702e-06
9.35687e-06
9.29716e-06
9.23787e-06
9.17902e-06
9.1206e-06
9.06261e-06
9.00505e-06
8.94793e-06
8.89123e-06
8.83496e-06
8.77912e-06
8.72371e-06
8.66872e-06
8.61416e-06
8.56002e-06
8.5063e-06
8.453e-06
8.40011e-06
8.34764e-06
8.29559e-06
8.24394e-06
8.1927e-06
8.14187e-06
8.09144e-06
8.04141e-06
7.99178e-06
7.94254e-06
7.8937e-06
7.84524e-06
7.79716e-06
7.74946e-06
7.70215e-06
7.6552e-06
7.60863e-06
7.56242e-06
7.51658e-06
7.47109e-06
7.42596e-06
7.38118e-06
7.33675e-06
7.29266e-06
7.24891e-06
7.2055e-06
7.16241e-06
7.11965e-06
7.07722e-06
7.0351e-06
6.9933e-06
6.95181e-06
6.91062e-06
6.86974e-06
6.82915e-06
6.78885e-06
6.74885e-06
6.70913e-06
6.66969e-06
6.63052e-06
6.59163e-06
6.55301e-06
6.51465e-06
6.47655e-06
6.43871e-06
6.40112e-06
6.36378e-06
6.32668e-06
6.28983e-06
6.25321e-06
6.21682e-06
6.18066e-06
6.14473e-06
6.10902e-06
6.07353e-06
6.03826e-06
6.0032e-06
5.96834e-06
5.9337e-06
5.89925e-06
5.86501e-06
5.83096e-06
5.7971e-06
5.76343e-06
5.72996e-06
5.69666e-06
5.66355e-06
5.63062e-06
5.59787e-06
5.56529e-06
5.53288e-06
5.50064e-06
5.46857e-06
5.43667e-06
5.40493e-06
5.37335e-06
5.34193e-06
5.31067e-06
5.27957e-06
5.24862e-06
5.21782e-06
5.18718e-06
5.15668e-06
5.12633e-06
5.09613e-06
5.06608e-06
5.03617e-06
5.0064e-06
4.97678e-06
4.94729e-06
4.91795e-06
4.88875e-06
4.85968e-06
4.83076e-06
4.80197e-06
4.77331e-06
4.74479e-06
4.71641e-06
4.68816e-06
4.66005e-06
4.63207e-06
4.60422e-06
4.57651e-06
4.54893e-06
4.52148e-06
4.49416e-06
4.46698e-06
4.43993e-06
4.41301e-06
4.38622e-06
4.35956e-06
4.33303e-06
4.30664e-06
4.28037e-06
4.25424e-06
4.22824e-06
4.20237e-06
4.17664e-06
4.15103e-06
4.12556e-06
4.10022e-06
4.07501e-06
4.04993e-06
4.02499e-06
4.00018e-06
3.9755e-06
3.95095e-06
3.92654e-06
3.90226e-06
3.87811e-06
3.8541e-06
3.83022e-06
3.80647e-06
3.78286e-06
3.75938e-06
3.73604e-06
3.71283e-06
3.68976e-06
3.66681e-06
3.64401e-06
3.62134e-06
3.5988e-06
3.5764e-06
3.55413e-06
3.532e-06
3.51e-06
3.48814e-06
3.46641e-06
3.44481e-06
3.42335e-06
3.40203e-06
3.38084e-06
3.35978e-06
3.33886e-06
3.31807e-06
3.29741e-06
3.27689e-06
3.2565e-06
3.23624e-06
3.21611e-06
3.19612e-06
3.17626e-06
3.15653e-06
3.13693e-06
3.11746e-06
3.09812e-06
3.07891e-06
3.05983e-06
3.04088e-06
3.02206e-06
3.00336e-06
2.9848e-06
2.96635e-06
2.94804e-06
2.92985e-06
2.91178e-06
2.89384e-06
2.87602e-06
2.85832e-06
2.84075e-06
2.82329e-06
2.80596e-06
2.78875e-06
2.77165e-06
2.75468e-06
2.73782e-06
2.72107e-06
2.70445e-06
2.68793e-06
2.67154e-06
2.65525e-06
2.63908e-06
2.62302e-06
2.60707e-06
2.59122e-06
2.57549e-06
2.55987e-06
2.54435e-06
2.52894e-06
2.51363e-06
2.49843e-06
2.48333e-06
2.46833e-06
2.45343e-06
2.43863e-06
2.42394e-06
2.40934e-06
2.39484e-06
2.38043e-06
2.36613e-06
2.35191e-06
2.33779e-06
2.32376e-06
2.30983e-06
2.29598e-06
2.28223e-06
2.26856e-06
2.25499e-06
2.2415e-06
2.22809e-06
2.21478e-06
2.20154e-06
2.18839e-06
2.17533e-06
2.16234e-06
2.14944e-06
2.13661e-06
2.12387e-06
2.11121e-06
2.09862e-06
2.08611e-06
2.07368e-06
2.06132e-06
2.04903e-06
2.03683e-06
2.02469e-06
2.01263e-06
2.00063e-06
1.98871e-06
1.97686e-06
1.96508e-06
1.95337e-06
1.94173e-06
1.93015e-06
1.91864e-06
1.9072e-06
1.89582e-06
1.88451e-06
1.87327e-06
1.86209e-06
1.85097e-06
1.83991e-06
1.82892e-06
1.81799e-06
1.80712e-06
1.79631e-06
1.78556e-06
1.77487e-06
1.76424e-06
1.75367e-06
1.74316e-06
1.73271e-06
1.72232e-06
1.71198e-06
1.7017e-06
1.69147e-06
1.68131e-06
1.6712e-06
1.66114e-06
1.65114e-06
1.64119e-06
1.6313e-06
1.62147e-06
1.61168e-06
1.60195e-06
1.59228e-06
1.58266e-06
1.57309e-06
1.56357e-06
1.55411e-06
1.54469e-06
1.53533e-06
1.52602e-06
1.51677e-06
1.50756e-06
1.49841e-06
1.4893e-06
1.48025e-06
1.47125e-06
1.46229e-06
1.45339e-06
1.44454e-06
1.43573e-06
1.42698e-06
1.41828e-06
1.40962e-06
1.40102e-06
1.39246e-06
1.38395e-06
1.37549e-06
1.36708e-06
1.35872e-06
1.3504e-06
1.34214e-06
1.33392e-06
1.32575e-06
1.31762e-06
1.30955e-06
1.30152e-06
1.29354e-06
1.2856e-06
1.27771e-06
1.26987e-06
1.26208e-06
1.25433e-06
1.24663e-06
1.23897e-06
1.23136e-06
1.2238e-06
1.21628e-06
1.2088e-06
1.20138e-06
1.19399e-06
1.18666e-06
1.17936e-06
1.17212e-06
1.16491e-06
1.15775e-06
1.15064e-06
1.14357e-06
1.13654e-06
1.12956e-06
1.12262e-06
1.11572e-06
1.10887e-06
1.10206e-06
1.09529e-06
1.08857e-06
1.08189e-06
1.07525e-06
1.06865e-06
1.06209e-06
1.05558e-06
1.0491e-06
1.04267e-06
1.03628e-06
1.02993e-06
1.02362e-06
1.01735e-06
1.01113e-06
1.00494e-06
9.98788e-07
9.92678e-07
9.86608e-07
9.80576e-07
9.74584e-07
9.6863e-07
9.62715e-07
9.56838e-07
9.50998e-07
9.45196e-07
9.39432e-07
9.33705e-07
9.28014e-07
9.22361e-07
9.16744e-07
9.11163e-07
9.05618e-07
9.00109e-07
8.94635e-07
8.89196e-07
8.83793e-07
8.78424e-07
8.73089e-07
8.67789e-07
8.62523e-07
8.5729e-07
8.52091e-07
8.46925e-07
8.41792e-07
8.36692e-07
8.31625e-07
8.26589e-07
8.21586e-07
8.16614e-07
8.11674e-07
8.06765e-07
8.01887e-07
7.9704e-07
7.92223e-07
7.87437e-07
7.8268e-07
7.77954e-07
7.73257e-07
7.68589e-07
7.6395e-07
7.5934e-07
7.54759e-07
7.50207e-07
7.45682e-07
7.41185e-07
7.36717e-07
7.32275e-07
7.27861e-07
7.23474e-07
7.19114e-07
7.1478e-07
7.10473e-07
7.06192e-07
7.01937e-07
6.97708e-07
6.93505e-07
6.89327e-07
6.85174e-07
6.81046e-07
6.76943e-07
6.72864e-07
6.6881e-07
6.6478e-07
6.60775e-07
6.56793e-07
6.52835e-07
6.489e-07
6.44989e-07
6.41101e-07
6.37236e-07
6.33394e-07
6.29574e-07
6.25777e-07
6.22002e-07
6.1825e-07
6.1452e-07
6.10811e-07
6.07124e-07
6.03459e-07
5.99816e-07
5.96193e-07
5.92592e-07
5.89012e-07
5.85453e-07
5.81914e-07
5.78396e-07
5.74899e-07
5.71422e-07
5.67965e-07
5.64529e-07
5.61112e-07
5.57716e-07
5.54339e-07
5.50981e-07
5.47644e-07
5.44325e-07
5.41026e-07
5.37746e-07
5.34486e-07
5.31244e-07
5.28021e-07
5.24817e-07
5.21632e-07
5.18465e-07
5.15316e-07
5.12186e-07
5.09075e-07
5.05981e-07
5.02906e-07
4.99848e-07
4.96809e-07
4.93787e-07
4.90783e-07
4.87797e-07
4.84828e-07
4.81877e-07
4.78943e-07
4.76027e-07
4.73127e-07
4.70245e-07
4.6738e-07
4.64532e-07
4.617e-07
4.58886e-07
4.56088e-07
4.53307e-07
4.50542e-07
4.47794e-07
4.45062e-07
4.42347e-07
4.39648e-07
4.36965e-07
4.34298e-07
4.31647e-07
4.29012e-07
4.26393e-07
4.2379e-07
4.21202e-07
4.1863e-07
4.16074e-07
4.13533e-07
4.11008e-07
4.08498e-07
4.06003e-07
4.03523e-07
4.01059e-07
3.98609e-07
3.96175e-07
3.93755e-07
3.91351e-07
3.88961e-07
3.86585e-07
3.84224e-07
3.81878e-07
3.79546e-07
3.77229e-07
3.74926e-07
3.72637e-07
3.70362e-07
3.68101e-07
3.65854e-07
3.63621e-07
3.61402e-07
3.59197e-07
3.57006e-07
3.54828e-07
3.52663e-07
3.50512e-07
3.48374e-07
3.4625e-07
3.44139e-07
3.42041e-07
3.39956e-07
3.37884e-07
3.35825e-07
3.33779e-07
3.31746e-07
3.29725e-07
3.27717e-07
3.25722e-07
3.23738e-07
3.21768e-07
3.19809e-07
3.17863e-07
3.15929e-07
3.14007e-07
3.12097e-07
3.10199e-07
3.08313e-07
3.06439e-07
3.04576e-07
3.02725e-07
3.00885e-07
2.99057e-07
2.9724e-07
2.95435e-07
2.93641e-07
2.91858e-07
2.90086e-07
2.88325e-07
2.86575e-07
2.84836e-07
2.83107e-07
2.8139e-07
2.79683e-07
2.77986e-07
2.763e-07
2.74625e-07
2.7296e-07
2.71305e-07
2.6966e-07
2.68026e-07
2.66402e-07
2.64787e-07
2.63183e-07
2.61588e-07
2.60003e-07
2.58428e-07
2.56863e-07
2.55307e-07
2.53761e-07
2.52224e-07
2.50697e-07
2.49179e-07
2.4767e-07
2.4617e-07
2.4468e-07
2.43199e-07
2.41726e-07
2.40263e-07
2.38808e-07
2.37363e-07
2.35926e-07
2.34498e-07
2.33078e-07
2.31667e-07
2.30265e-07
2.28871e-07
2.27485e-07
2.26108e-07
2.24739e-07
2.23379e-07
2.22026e-07
2.20682e-07
2.19346e-07
2.18018e-07
2.16697e-07
2.15385e-07
2.14081e-07
2.12784e-07
2.11495e-07
2.10214e-07
2.08941e-07
2.07675e-07
2.06417e-07
2.05166e-07
2.03923e-07
2.02687e-07
2.01459e-07
2.00238e-07
1.99024e-07
1.97818e-07
1.96618e-07
1.95426e-07
1.94241e-07
1.93063e-07
1.91892e-07
1.90728e-07
1.89571e-07
1.88421e-07
1.87278e-07
1.86141e-07
1.85012e-07
1.83889e-07
1.82773e-07
1.81663e-07
1.8056e-07
1.79464e-07
1.78374e-07
1.7729e-07
1.76214e-07
1.75143e-07
1.74079e-07
1.73021e-07
1.7197e-07
1.70925e-07
1.69886e-07
1.68853e-07
1.67827e-07
1.66807e-07
1.65792e-07
1.64784e-07
1.63782e-07
1.62786e-07
1.61796e-07
1.60812e-07
1.59833e-07
1.58861e-07
1.57894e-07
1.56934e-07
1.55979e-07
1.55029e-07
1.54086e-07
1.53148e-07
1.52216e-07
1.51289e-07
1.50368e-07
1.49453e-07
1.48543e-07
1.47639e-07
1.4674e-07
1.45846e-07
1.44958e-07
1.44076e-07
1.43198e-07
1.42326e-07
1.41459e-07
1.40598e-07
1.39742e-07
1.38891e-07
1.38045e-07
1.37204e-07
1.36369e-07
1.35538e-07
1.34713e-07
1.33892e-07
1.33077e-07
1.32266e-07
1.31461e-07
1.3066e-07
1.29865e-07
1.29074e-07
1.28288e-07
1.27507e-07
1.2673e-07
1.25958e-07
1.25192e-07
1.24429e-07
1.23672e-07
1.22919e-07
1.22171e-07
1.21427e-07
1.20688e-07
1.19953e-07
1.19223e-07
1.18497e-07
1.17776e-07
1.17059e-07
1.16347e-07
1.15639e-07
1.14936e-07
1.14236e-07
1.13541e-07
1.12851e-07
1.12164e-07
1.11482e-07
1.10804e-07
1.1013e-07
1.0946e-07
1.08795e-07
1.08133e-07
1.07476e-07
1.06822e-07
1.06173e-07
1.05528e-07
1.04886e-07
1.04249e-07
1.03615e-07
1.02985e-07
1.0236e-07
1.01738e-07
1.0112e-07
1.00505e-07
