0.998985 0.593172 0.0172566 2.67271 
0.979598 0.625029 -0.0151047 2.62842 
1.02132 0.545859 -0.0844536 2.72556 
0.987013 0.613609 3.41245e-05 2.6454 
0.999989 0.591318 -0.000280385 2.67482 
1.00017 0.591308 0.000460452 2.67539 
1.00049 0.590827 -0.00490961 2.67624 
1.00094 0.59001 0.0152392 2.6773 
0.98271 0.621092 -0.0227719 2.63626 
0.987177 0.613286 -0.000544083 2.64574 
0.9875 0.612829 0.000644791 2.64652 
0.9985 0.593741 -0.0183998 2.67151 
0.989882 0.608644 0.014224 2.65188 
0.998978 0.590608 -0.0484675 2.67236 
0.987586 0.612297 0.0178726 2.64665 
1.0174 0.548182 -0.0876652 2.71379 
0.999946 0.591518 -1.66664e-05 2.67477 
0.999624 0.592321 7.53358e-05 2.67417 
1.0036 0.585218 0.000507396 2.68325 
1.00667 0.57722 -0.00222692 2.69022 
0.888401 0.715036 -0.107274 2.41382 
0.962901 0.647013 0.0225325 2.5888 
0.871019 0.732677 0.0933389 2.37416 
1.00077 0.588022 -0.000263506 2.67654 
1.00069 0.590392 0.000117884 2.67657 
0.959451 0.632045 0.161995 2.58122 
0.994041 0.601395 -0.00112061 2.66109 
0.992307 0.603156 0.0447897 2.65744 
0.999297 0.592731 -0.000218351 2.67333 
0.999109 0.59295 -0.000214549 2.67283 
0.980273 0.624536 -0.0186149 2.63037 
0.996091 0.598545 0.000832736 2.66616 
0.965079 0.642913 -0.0447746 2.59386 
0.999518 0.592455 -0.0127144 2.67402 
0.998527 0.593995 0.00376354 2.67153 
1.00042 0.590715 0.0051687 2.67588 
1.02183 0.551051 0.0232564 2.7256 
1.01918 0.549778 0.098537 2.72061 
0.979035 0.604343 -0.152321 2.62674 
0.967863 0.641748 0.0227718 2.60129 
1.00615 0.579075 0.037237 2.68888 
0.884712 0.725732 -0.0949272 2.40982 
0.940503 0.678748 -0.0172916 2.53953 
1.00416 0.58416 0.00647269 2.68452 
1.00358 0.583207 -0.041718 2.68303 
1.01798 0.55619 -0.0164033 2.71678 
1.00232 0.585064 -0.000441784 2.68023 
1.00735 0.575658 -0.00318794 2.69142 
0.998573 0.594216 -0.00402296 2.67183 
1.00149 0.588959 0.000175579 2.6784 
0.959531 0.651664 0.0196451 2.58103 
0.985197 0.615572 -0.0198611 2.64088 
1.00036 0.590936 0.00426342 2.67579 
0.887416 0.724557 0.0987026 2.41688 
1.00941 0.574779 0.00233451 2.69663 
0.847948 0.752249 -0.010801 2.31935 
1.00033 0.591052 -0.00352658 2.67583 
1.00058 0.590562 0.00140197 2.67631 
0.985294 0.607099 0.0971781 2.64052 
1.00095 0.587828 -0.000308338 2.67689 
1.00072 0.590311 0.00117742 2.67664 
0.999993 0.591365 -0.000278696 2.67486 
0.999989 0.59163 5.99446e-06 2.67498 
1.00322 0.585924 0.000732135 2.68238 
1.00297 0.586415 -0.00554184 2.68202 
1.00032 0.590741 -0.00124937 2.67566 
1.00017 0.591312 0.000659197 2.67541 
1.00009 0.589199 -8.52861e-05 2.67504 
1.00036 0.590983 2.49368e-05 2.67582 
1.00042 0.590743 -0.000950608 2.67607 
1.00061 0.590535 0.000126824 2.67638 
0.951302 0.65749 -0.0987421 2.56361 
0.99998 0.591301 -0.000542731 2.67478 
1.00011 0.591415 6.66101e-05 2.67527 
0.916118 0.704389 0.0308927 2.48274 
1.00789 0.575371 0.049706 2.69312 
1.00133 0.589304 0.0167161 2.67821 
1.01887 0.55477 0.0211185 2.71759 
0.970691 0.637098 -0.0537252 2.60872 
0.999981 0.59167 0.000391616 2.67497 
0.999978 0.591308 -0.000655064 2.67478 
1.00297 0.585968 -0.00803648 2.6818 
0.96512 0.639546 0.0722416 2.59341 
1.00067 0.590474 -0.00437935 2.67663 
1.00023 0.591499 -0.0170124 2.67592 
1.00297 0.586308 0.00556472 2.68177 
0.998488 0.593852 -0.0139012 2.67144 
0.927589 0.693008 0.0477733 2.51041 
1.0005 0.590237 -0.00140093 2.67599 
1.00079 0.590328 0.00394778 2.67689 
0.999504 0.592464 0.000172291 2.67386 
0.999816 0.592152 -0.000418561 2.67471 
1.00005 0.591265 -0.000638275 2.67499 
1.00052 0.590658 0.000999888 2.67618 
0.969305 0.635391 0.0700225 2.60403 
0.967425 0.641658 -0.0485039 2.60084 
0.940873 0.671644 -0.084109 2.53897 
0.997741 0.595498 -0.0045041 2.66983 
0.989666 0.60615 0.0488144 2.65076 
0.932615 0.683011 -0.0261057 2.518 
1.00026 0.591154 1.07852e-05 2.67558 
1.00014 0.591353 3.6099e-05 2.67533 
0.99979 0.589688 -3.2728e-05 2.67431 
0.999853 0.590316 -0.000125882 2.67442 
0.992764 0.604157 0.0193893 2.65874 
0.995195 0.600087 0.0177925 2.66429 
0.998225 0.594821 0.00899545 2.67105 
0.979842 0.62472 0.00890914 2.62895 
0.97785 0.629173 0.00395873 2.62525 
0.970732 0.638646 -0.00332049 2.60832 
1.02317 0.545516 -0.0424223 2.72921 
1.01942 0.54723 -0.0498072 2.71754 
1.0072 0.574226 -0.0550869 2.69053 
0.985741 0.615868 0.00511086 2.64265 
0.985325 0.616062 0.00290754 2.64139 
0.984361 0.618161 -0.00397731 2.63955 
1 0.591315 -0.000403317 2.67487 
1 0.591333 -0.000362413 2.67489 
1.00003 0.59143 -0.000323617 2.67508 
1.00014 0.591361 0.000165393 2.67532 
1.00016 0.591327 0.000241955 2.67537 
1.00026 0.591165 0.000325426 2.6756 
1.0004 0.590838 -0.00976246 2.67598 
1.00082 0.59022 -0.00823585 2.67703 
1.00161 0.588225 -0.00635573 2.67851 
1.00104 0.58992 0.00734438 2.6775 
1.0012 0.589272 0.00860223 2.67765 
1.00279 0.586508 0.00988135 2.68132 
0.977879 0.626594 -0.0364993 2.62447 
0.980988 0.623102 -0.0357469 2.63235 
0.989833 0.607465 -0.042343 2.65191 
0.985525 0.6162 -0.00644069 2.64215 
0.986596 0.614783 -0.00521284 2.64477 
0.989272 0.610622 -0.00620657 2.651 
0.991528 0.606266 0.00160651 2.65575 
0.990014 0.608567 0.00188942 2.65217 
0.987425 0.61279 0.00596252 2.64627 
0.990704 0.60788 -0.025721 2.65439 
0.993332 0.602507 -0.0261738 2.65981 
0.998895 0.591998 -0.0302181 2.67216 
0.993868 0.602188 0.00492028 2.66101 
0.993665 0.602367 0.00681165 2.66046 
0.996029 0.59823 0.00871587 2.66581 
0.983657 0.616224 -0.059116 2.63791 
0.988267 0.608001 -0.0600495 2.64804 
0.993935 0.597209 -0.0686322 2.66077 
0.995432 0.598781 0.0222693 2.66438 
0.993467 0.602609 0.0240085 2.66023 
0.988446 0.610067 0.0306707 2.64841 
1.00513 0.578902 -0.0595108 2.68657 
1.00611 0.575168 -0.0672451 2.68811 
1.00153 0.580854 -0.0899574 2.67797 
0.99972 0.591923 -7.49112e-05 2.67426 
0.999807 0.591816 -5.86904e-05 2.67448 
0.999876 0.59214 -0.000185977 2.6749 
0.999938 0.591727 1.73551e-05 2.67487 
0.999897 0.591799 5.52739e-05 2.67477 
0.999866 0.591885 0.000267357 2.67472 
1.00572 0.581401 0.00100392 2.68811 
1.00504 0.582651 0.00140775 2.68656 
1.00401 0.584404 0.00351457 2.68413 
1.00392 0.582199 -0.00095333 2.68385 
1.00437 0.581349 -0.00147795 2.68467 
1.00455 0.58249 -0.00527494 2.6849 
0.936908 0.660481 -0.15066 2.52841 
0.92886 0.675061 -0.141251 2.51191 
0.930114 0.681223 -0.105441 2.51449 
0.977447 0.625647 0.0458676 2.62276 
0.972993 0.633309 0.0440221 2.61308 
0.96388 0.646789 0.0469215 2.5927 
0.855051 0.747169 0.0478701 2.33632 
0.869724 0.742693 0.0534054 2.37573 
0.903439 0.713825 0.0515281 2.45227 
1.00038 0.588751 -0.000148944 2.67565 
1.0005 0.588709 -0.000231297 2.67584 
1.00069 0.590063 -0.000887828 2.6765 
1.00099 0.589839 0.000159015 2.67726 
1.0009 0.590021 0.000234002 2.67705 
1.00073 0.590333 0.000652342 2.67668 
0.914318 0.688064 0.144091 2.47577 
0.929266 0.67549 0.145897 2.51336 
0.948934 0.656332 0.128703 2.55891 
0.989073 0.609881 -0.00106765 2.64987 
0.990581 0.607762 -0.00144846 2.65354 
0.992975 0.604037 -0.00542304 2.65918 
0.999122 0.592551 0.0268806 2.673 
0.998552 0.592509 0.0319591 2.67123 
1.00066 0.588627 0.0456573 2.67651 
0.99884 0.594099 -0.0017543 2.67262 
0.999006 0.593831 -0.00134866 2.67301 
0.99941 0.592952 -0.00106257 2.67384 
0.997514 0.595771 -0.000584633 2.66922 
0.998067 0.594836 -0.000585401 2.6705 
0.99847 0.594725 -0.00182262 2.67176 
0.967728 0.642507 -0.0105705 2.60123 
0.970948 0.637676 -0.0162423 2.60852 
0.974252 0.633674 -0.0299524 2.61697 
0.998608 0.59411 0.000386259 2.67186 
0.998081 0.594887 0.00071045 2.67057 
0.997393 0.596168 0.00315204 2.66906 
0.957619 0.655556 -0.0100239 2.57742 
0.956841 0.657126 -0.0204992 2.57615 
0.951857 0.663009 -0.0374207 2.56499 
1.00026 0.591152 -0.00677298 2.67566 
0.99981 0.591597 -0.00765388 2.67443 
0.998583 0.593498 -0.00674291 2.67146 
0.99912 0.593105 0.000956294 2.67296 
0.999071 0.593195 0.00147294 2.67285 
0.999502 0.592447 0.00218944 2.67384 
1.00035 0.59066 0.0101122 2.67567 
1.00023 0.59113 0.00829268 2.67552 
0.999149 0.592918 0.00575746 2.67296 
1.02503 0.543144 0.0529584 2.73339 
1.02207 0.545572 0.0466526 2.72434 
1.01385 0.563849 0.0413904 2.70625 
0.998041 0.581496 0.137678 2.67222 
1.00149 0.573303 0.12643 2.67741 
0.99967 0.583462 0.102177 2.67438 
1.00982 0.558786 -0.121808 2.69805 
1.00181 0.569957 -0.126643 2.678 
0.988375 0.599747 -0.111215 2.64774 
0.98188 0.62127 0.0213106 2.63359 
0.979318 0.624248 0.0248024 2.62719 
0.97881 0.625486 0.0412227 2.62689 
1.00223 0.587025 0.0229259 2.67997 
1.00383 0.58434 0.02507 2.68381 
1.00767 0.57708 0.0234762 2.69241 
0.925506 0.688478 -0.0931744 2.50404 
0.915648 0.69883 -0.0910646 2.48121 
0.89918 0.717617 -0.0610017 2.44292 
0.952362 0.662215 0.0086899 2.56519 
0.947236 0.668422 0.0046564 2.5532 
0.929103 0.690858 0.0106103 2.51251 
1.00667 0.579641 0.00492765 2.69025 
1.00615 0.580445 0.00616549 2.68899 
1.00627 0.580339 0.0102125 2.68937 
1.0135 0.563336 -0.0323331 2.70447 
1.01118 0.568871 -0.0331514 2.69984 
1.00704 0.577974 -0.0256849 2.69103 
1.0112 0.568852 -0.00555717 2.70084 
1.01173 0.566779 -0.00806393 2.70125 
1.01067 0.570486 -0.0163848 2.69866 
1.00131 0.5869 -0.000284132 2.67795 
1.00154 0.586556 -0.00042511 2.67832 
1.00198 0.586933 -0.0016311 2.67891 
1.00478 0.582196 -0.00659544 2.68553 
1.00571 0.580194 -0.00678997 2.68744 
1.00739 0.576741 -0.0106896 2.69113 
0.999618 0.591649 -0.0042183 2.67379 
0.999438 0.591963 -0.00379176 2.67338 
0.999424 0.592642 -0.00232295 2.67372 
1.00229 0.587544 0.00028033 2.68024 
1.00206 0.587977 0.000411959 2.67971 
1.00176 0.588457 0.00121423 2.67899 
0.956709 0.65481 0.0455014 2.57506 
0.95524 0.657398 0.0387888 2.57182 
0.943754 0.672912 0.0290355 2.54582 
0.994678 0.600153 -0.0205148 2.66269 
0.992919 0.603574 -0.0202742 2.65894 
0.99101 0.606151 -0.0141574 2.65409 
0.999311 0.592809 0.00472237 2.67343 
0.999609 0.592227 0.00427145 2.67408 
0.99994 0.591691 0.0024581 2.67485 
0.910654 0.706431 0.0591133 2.46898 
0.908886 0.706706 0.0727538 2.46481 
0.926856 0.684476 0.10547 2.50668 
1.01506 0.564289 0.00783243 2.70974 
1.01291 0.567592 0.00758368 2.70437 
1.00949 0.573935 0.0107401 2.69649 
0.85981 0.742247 -0.0596343 2.34712 
0.865167 0.744265 -0.0498138 2.36388 
0.885025 0.730689 -0.0339112 2.40952 
1.00045 0.59064 -0.00202298 2.67601 
1.00033 0.591014 -0.00227039 2.67582 
0.999888 0.591245 -0.00205184 2.67444 
1.0006 0.590474 0.00272325 2.67634 
1.00053 0.590635 0.00226596 2.67618 
1.00018 0.591275 0.00169941 2.67541 
0.975992 0.615188 0.130651 2.61911 
0.977211 0.617029 0.1207 2.62292 
0.966783 0.633093 0.109083 2.59795 
1.00076 0.590117 -0.00107619 2.67677 
1.00093 0.589491 -0.00101256 2.67693 
1.00134 0.588526 -0.00137763 2.67773 
1.00114 0.589573 0.000746325 2.67759 
1.00109 0.589683 0.00097497 2.67748 
1.0012 0.589501 0.00156899 2.67774 
0.999964 0.591864 -0.00014061 2.67503 
0.999983 0.591892 -0.000216844 2.67511 
0.999938 0.59174 -0.000301625 2.67488 
1.00005 0.591531 3.58343e-05 2.67511 
1.00002 0.59157 4.07372e-05 2.67505 
0.999988 0.591637 0.000103436 2.67498 
1.00354 0.585324 0.00345752 2.6831 
1.00326 0.585774 0.00266141 2.68243 
1.00236 0.587433 0.00199914 2.68039 
1.00313 0.584453 -0.00215223 2.68131 
1.00301 0.585247 -0.00292743 2.68135 
1.00203 0.588059 -0.00315503 2.67982 
1.00008 0.591185 -0.000867356 2.67507 
1.00009 0.59117 -0.000992021 2.6751 
0.999967 0.591146 -0.00137466 2.67465 
1.00036 0.590989 0.00100019 2.67584 
1.00027 0.591127 0.000980977 2.67562 
1.00008 0.591479 0.0010953 2.67519 
0.999915 0.589485 -4.32697e-05 2.6746 
0.999975 0.5895 -5.73721e-05 2.67467 
1.00021 0.590513 -0.000209065 2.67518 
1.00048 0.590774 2.87658e-05 2.67611 
1.00043 0.590845 6.00924e-05 2.67599 
1.00035 0.590995 0.000147758 2.67581 
1.00047 0.589743 -0.000349328 2.67553 
1.00043 0.590426 -0.000497576 2.67581 
1.00021 0.591153 -0.000457167 2.6756 
1.00063 0.590507 0.000639528 2.67646 
1.00059 0.590581 0.000465894 2.67634 
1.00043 0.590878 0.000267453 2.67599 
0.960779 0.638619 -0.134007 2.58578 
0.961528 0.638983 -0.122211 2.58663 
0.976756 0.621272 -0.100973 2.6219 
0.999978 0.591321 -0.000326804 2.67478 
0.999971 0.591329 -0.000372668 2.67477 
0.999906 0.591592 -0.000458947 2.6747 
1.00013 0.591394 0.000301332 2.67531 
1.00011 0.591426 0.000248146 2.67527 
1.00006 0.591522 0.000233211 2.67514 
0.88385 0.732779 0.0151098 2.40715 
0.89302 0.725122 0.0140657 2.42835 
0.905017 0.714853 -0.00540561 2.45635 
1.01381 0.560969 0.071587 2.7062 
1.01066 0.567309 0.0685898 2.69896 
1.00122 0.584611 0.0745006 2.67768 
1.00355 0.585206 0.0106904 2.68313 
1.00347 0.585384 0.0126624 2.68298 
1.00481 0.583083 0.0167097 2.68618 
1.01295 0.566514 0.0355315 2.70449 
1.01371 0.564948 0.0307069 2.706 
1.01148 0.570281 0.0192183 2.70122 
0.960074 0.648798 -0.0743423 2.58364 
0.965274 0.643231 -0.0724527 2.59651 
0.977936 0.623451 -0.0799896 2.62527 
1.00007 0.591514 0.000535044 2.67517 
1.00003 0.591567 0.00055316 2.67508 
0.999944 0.591718 0.000878067 2.67488 
0.999883 0.591674 -0.000524262 2.67467 
0.99989 0.591547 -0.000611504 2.67462 
0.999846 0.591545 -0.000965598 2.67447 
1.00165 0.588074 -0.0134235 2.6786 
1.0024 0.586827 -0.012412 2.68039 
1.00465 0.58295 -0.0124363 2.68566 
0.977944 0.622093 0.0878439 2.62497 
0.972593 0.630078 0.0865526 2.61256 
0.958518 0.649135 0.0906069 2.58011 
1.0017 0.588145 -0.00549925 2.67879 
1.0014 0.588593 -0.00489851 2.67804 
1.00127 0.589027 -0.00344906 2.67786 
1.00185 0.588123 -0.0278921 2.67964 
1.00157 0.588289 -0.0245908 2.67872 
1.0035 0.584871 -0.0190568 2.68303 
1.00139 0.58906 0.00492255 2.67813 
1.00182 0.58844 0.00486439 2.67919 
1.00212 0.587771 0.00334912 2.67981 
0.998001 0.594562 -0.00734234 2.67016 
0.997696 0.594988 -0.00889573 2.66942 
0.995384 0.599167 -0.0119537 2.66429 
0.95118 0.661284 0.0669898 2.56307 
0.945124 0.668964 0.0677826 2.54924 
0.938511 0.676471 0.083353 2.53499 
1.00058 0.590228 -0.00274795 2.67622 
1.00067 0.589933 -0.0023717 2.67637 
1.00094 0.589821 -0.00199486 2.67724 
1.00077 0.590265 0.00202211 2.67678 
1.00084 0.590088 0.00239554 2.67691 
1.00134 0.589244 0.00299667 2.67807 
0.999821 0.59192 0.000366922 2.67459 
0.999769 0.592043 0.000448891 2.67449 
0.999662 0.5922 0.000900695 2.67423 
0.999576 0.592436 -0.000361267 2.67408 
0.999622 0.592571 -0.000431764 2.67431 
0.99972 0.59211 -0.000835446 2.67438 
1.00023 0.591107 -0.000902533 2.67556 
1.00015 0.591223 -0.000761359 2.67536 
1.0001 0.591304 -0.000459772 2.6753 
1.00027 0.591126 0.000725445 2.67563 
1.00033 0.591034 0.000720428 2.67577 
1.00037 0.590946 0.000458894 2.67585 
0.982834 0.61672 0.0572976 2.63531 
0.980548 0.619441 0.0627273 2.62987 
0.980186 0.618886 0.0817603 2.62974 
0.950494 0.665238 -0.0450429 2.56253 
0.954034 0.660044 -0.0503727 2.57048 
0.955637 0.656493 -0.0675657 2.57415 
0.935417 0.680783 -0.0500472 2.52607 
0.933978 0.682829 -0.0572167 2.52341 
0.921764 0.695853 -0.0613839 2.49524 
0.996005 0.598689 -0.00282615 2.66596 
0.996225 0.598734 -0.00383842 2.66672 
0.995477 0.599259 -0.00708268 2.66459 
1.00048 0.588236 0.0516585 2.67596 
0.997495 0.593552 0.0545339 2.66934 
0.990777 0.603504 0.0678188 2.65393 
0.922007 0.69613 0.00429252 2.49422 
0.923528 0.694918 -0.00626851 2.49807 
0.91944 0.69951 -0.0274801 2.48916 
1.00029 0.591095 2.4118e-05 2.67566 
1.00028 0.591113 2.09534e-05 2.67565 
1.00029 0.591104 8.55936e-05 2.67566 
1.00023 0.591196 2.07945e-05 2.67552 
1.00022 0.591221 4.01288e-05 2.6755 
1.00023 0.59122 0.000153681 2.67552 
0.999713 0.589863 -3.56256e-05 2.67414 
0.999797 0.58985 -4.04273e-05 2.67427 
1.00009 0.590672 -0.000158497 2.67486 
0.999982 0.591565 -0.000199598 2.67501 
0.999995 0.591546 -0.000185603 2.67506 
1.00004 0.591138 -0.000207036 2.67498 
0.996055 0.598522 0.0193206 2.66623 
0.99793 0.595382 0.0163866 2.67051 
0.998672 0.59395 0.011932 2.67204 
0.977712 0.628918 -0.00263278 2.62463 
0.977241 0.629016 -0.0104313 2.62323 
0.975539 0.631216 -0.0112583 2.61913 
1.02436 0.54275 -0.0606679 2.73266 
1.01761 0.547442 -0.0695569 2.71266 
1.01184 0.562309 -0.0655173 2.70016 
0.986437 0.614575 0.00148366 2.64411 
0.986443 0.614371 0.000463071 2.644 
0.986146 0.615077 -0.00106389 2.64346 
0.999993 0.591332 -0.000321446 2.67485 
0.999996 0.591346 -0.000302769 2.67487 
1 0.59138 -0.000304068 2.67492 
1.00015 0.591342 0.00029485 2.67535 
1.00018 0.591295 0.000387333 2.67541 
1.00022 0.591229 0.000399744 2.67552 
1.00053 0.590653 -0.00696742 2.67629 
1.00076 0.590384 -0.00575955 2.6769 
1.00098 0.589338 -0.0056131 2.67702 
1.00112 0.589696 0.010377 2.67765 
1.00126 0.589201 0.0125654 2.67784 
1.00201 0.587869 0.0125246 2.67957 
0.980401 0.623054 -0.0284647 2.63014 
0.982714 0.620142 -0.028102 2.63583 
0.984608 0.616169 -0.0328802 2.63971 
0.986628 0.614157 -0.00249977 2.64448 
0.98729 0.613342 -0.00197864 2.64615 
0.987732 0.6125 -0.00281371 2.64708 
0.989095 0.610381 0.00144099 2.65025 
0.987857 0.612158 0.000993946 2.64728 
0.987444 0.612872 0.00234593 2.64636 
0.995479 0.599401 -0.0233471 2.66497 
0.997695 0.595378 -0.021593 2.66988 
0.998672 0.592345 -0.0232997 2.6714 
0.992338 0.604866 0.00903785 2.65761 
0.99188 0.605011 0.0116258 2.65621 
0.993517 0.602346 0.0119575 2.66 
0.992636 0.601653 -0.0555779 2.65832 
0.99636 0.595091 -0.0540971 2.66662 
0.996821 0.593576 -0.0579229 2.66751 
0.991336 0.605754 0.0220261 2.65506 
0.989093 0.609843 0.0212327 2.65015 
0.987926 0.611717 0.0238626 2.64754 
1.00948 0.569344 -0.0705327 2.6963 
1.01267 0.561946 -0.0821221 2.70403 
1.00968 0.566128 -0.0911736 2.6971 
0.999858 0.59171 -3.11905e-05 2.67459 
0.999909 0.591648 -5.30625e-05 2.67472 
0.999904 0.591734 -9.28634e-05 2.67476 
0.999829 0.591909 3.35745e-05 2.67461 
0.999743 0.592068 0.000128673 2.67442 
0.999762 0.592064 0.000217179 2.67448 
1.00451 0.583579 0.00069791 2.68532 
1.00401 0.584509 0.00100665 2.68419 
1.00387 0.584679 0.00183789 2.68383 
1.0051 0.580066 -0.00139468 2.68659 
1.00562 0.578958 -0.00219913 2.68749 
1.00566 0.579616 -0.00396132 2.6872 
0.912822 0.689188 -0.135508 2.47192 
0.908014 0.70147 -0.121041 2.46431 
0.913946 0.697456 -0.110903 2.47749 
0.96927 0.638483 0.0368257 2.60415 
0.96503 0.645358 0.0313153 2.59478 
0.963081 0.648694 0.0340878 2.59087 
0.862957 0.740797 0.0712073 2.35534 
0.877186 0.735354 0.0752601 2.39308 
0.890576 0.72472 0.0671976 2.42329 
1.00057 0.588425 -0.000201348 2.67608 
1.00069 0.588344 -0.000305438 2.67629 
1.00084 0.588789 -0.000615836 2.67637 
1.00082 0.590153 0.000124543 2.67686 
1.00075 0.590291 0.000193358 2.67672 
1.00073 0.590329 0.000348692 2.67667 
0.938259 0.660383 0.15692 2.53229 
0.951401 0.646649 0.154714 2.56422 
0.954433 0.645759 0.144987 2.5716 
0.991542 0.605741 -0.00126371 2.65547 
0.993194 0.603347 -0.00145805 2.65948 
0.993548 0.602459 -0.00289625 2.66011 
0.996751 0.595549 0.0355726 2.66717 
0.995452 0.59768 0.0427833 2.66446 
0.996301 0.59643 0.0461399 2.66668 
0.999055 0.593401 -0.000785895 2.67292 
0.999216 0.593019 -0.000569426 2.67323 
0.999284 0.592979 -0.00064621 2.67343 
0.998499 0.594089 -0.000312676 2.67149 
0.998819 0.593505 -0.000376427 2.6722 
0.998776 0.593615 -0.00080497 2.67212 
0.974674 0.632103 -0.0169021 2.61698 
0.977528 0.627762 -0.0196969 2.62352 
0.977437 0.627699 -0.023603 2.62328 
0.997609 0.595881 0.000610338 2.6696 
0.996789 0.597097 0.00101932 2.6676 
0.996693 0.597393 0.00200875 2.66747 
0.959663 0.65332 -0.0299723 2.58281 
0.960663 0.65017 -0.040287 2.58434 
0.959141 0.651538 -0.0425633 2.58056 
1.00005 0.591532 -0.0093378 2.67519 
0.999363 0.592308 -0.0104252 2.67338 
0.998847 0.593086 -0.0092306 2.67212 
0.998842 0.593565 0.00203733 2.67231 
0.998851 0.593641 0.00283839 2.67239 
0.999126 0.593087 0.0029389 2.67297 
1.00045 0.590656 0.0072027 2.67597 
1.00028 0.591049 0.00593228 2.67563 
0.999818 0.591793 0.00560492 2.67452 
1.02418 0.545908 0.0360378 2.73119 
1.02096 0.549411 0.0320369 2.72204 
1.01773 0.556122 0.0343962 2.71481 
1.01073 0.562879 0.118161 2.70146 
1.0122 0.557156 0.108001 2.70203 
1.00913 0.565302 0.103597 2.69579 
0.997216 0.577836 -0.139559 2.669 
0.987339 0.592586 -0.141419 2.6452 
0.984011 0.602805 -0.130545 2.638 
0.976246 0.629929 0.0245519 2.62079 
0.972171 0.636415 0.0280642 2.61192 
0.972075 0.635961 0.0335765 2.61148 
1.00413 0.583277 0.0281853 2.68428 
1.00593 0.580383 0.0314738 2.6887 
1.00738 0.577102 0.0304509 2.69166 
0.908822 0.705394 -0.0963 2.46588 
0.8945 0.717885 -0.0910175 2.43195 
0.891463 0.722514 -0.0772361 2.42502 
0.946045 0.670268 -0.000585674 2.55071 
0.940604 0.67835 -0.00771096 2.5394 
0.933676 0.687037 -0.00612061 2.52396 
1.00537 0.582009 0.00602944 2.6873 
1.00488 0.582955 0.00685237 2.6862 
1.00512 0.582414 0.00807538 2.68672 
1.00893 0.572698 -0.0384608 2.69471 
1.00645 0.578913 -0.0377909 2.68998 
1.00588 0.579713 -0.0333514 2.68838 
1.01423 0.563159 -0.00979612 2.7079 
1.01464 0.560802 -0.0133089 2.7078 
1.01394 0.563963 -0.0163681 2.70636 
1.00174 0.586098 -0.000347931 2.67891 
1.00203 0.585661 -0.000526639 2.67942 
1.00223 0.585802 -0.00107613 2.67945 
1.00617 0.578785 -0.00536718 2.68819 
1.00725 0.576592 -0.00524244 2.6908 
1.00778 0.575568 -0.00683064 2.69189 
0.999122 0.592609 -0.00418749 2.67271 
0.998964 0.59349 -0.00371686 2.6727 
0.999097 0.593295 -0.00305461 2.67302 
1.00185 0.588333 0.000223848 2.67921 
1.00166 0.588676 0.00032157 2.67879 
1.00163 0.588713 0.000614856 2.67871 
0.957482 0.655112 0.0317464 2.57716 
0.956645 0.656397 0.0245852 2.57515 
0.952851 0.661789 0.0234053 2.56671 
0.990197 0.607466 -0.0219308 2.65236 
0.988354 0.611097 -0.0199443 2.64848 
0.98853 0.610005 -0.0172258 2.64834 
0.999862 0.591892 0.00460619 2.67472 
1.00008 0.591421 0.00405159 2.67515 
1.0001 0.591439 0.00323187 2.67523 
0.900032 0.715097 0.0755371 2.44466 
0.898899 0.714624 0.0920196 2.44253 
0.909191 0.703148 0.105826 2.46633 
1.01195 0.570058 0.00427527 2.70251 
1.0103 0.572756 0.00448006 2.69848 
1.00958 0.573892 0.0064204 2.69672 
0.853282 0.748095 -0.0340459 2.33171 
0.857767 0.749755 -0.0266186 2.34596 
0.868033 0.743074 -0.0259212 2.36966 
1.00042 0.590833 -0.00270274 2.676 
1.00027 0.591166 -0.00299362 2.67569 
1.00005 0.591265 -0.00270273 2.675 
1.00061 0.590493 0.00196952 2.67637 
1.00053 0.59065 0.00164194 2.6762 
1.00038 0.590913 0.00161717 2.67587 
0.981628 0.610785 0.112266 2.63243 
0.982053 0.611596 0.104608 2.63345 
0.977368 0.618808 0.104281 2.62262 
1.00101 0.588803 -0.000799951 2.67676 
1.00109 0.588103 -0.000667148 2.67683 
1.00126 0.587962 -0.000803924 2.67728 
1.00093 0.589958 0.00103586 2.67714 
1.00087 0.590098 0.00119487 2.677 
1.00093 0.589951 0.00137328 2.67712 
0.999983 0.591709 -0.000264061 2.67501 
0.999979 0.5915 -0.000272363 2.67488 
0.999976 0.591511 -0.00028687 2.67488 
1.00001 0.591599 2.11683e-05 2.67502 
0.999993 0.59162 1.99109e-05 2.67498 
0.999991 0.591629 3.94158e-05 2.67498 
1.00343 0.585522 0.00200369 2.68284 
1.00311 0.586057 0.00135306 2.6821 
1.00278 0.586688 0.0014683 2.68135 
1.00316 0.585232 -0.00375625 2.68186 
1.0029 0.58649 -0.00453377 2.68181 
1.00244 0.587344 -0.00420608 2.68078 
1.00018 0.591144 -0.00108216 2.67541 
1.00022 0.591068 -0.00125973 2.67549 
1.00016 0.591262 -0.00138459 2.67536 
1.00025 0.59118 0.000819098 2.67558 
1.00018 0.591284 0.000789128 2.67542 
1.00014 0.591369 0.000859338 2.67533 
0.999991 0.589361 -5.90528e-05 2.67479 
1.00005 0.589361 -8.18656e-05 2.67485 
1.0002 0.58964 -0.000146881 2.67493 
1.00041 0.590896 2.12146e-05 2.67595 
1.00038 0.590945 4.94415e-05 2.67587 
1.00036 0.590987 8.28474e-05 2.67583 
1.00047 0.590628 -0.000639117 2.6761 
1.0004 0.590827 -0.000744469 2.67602 
1.00029 0.591 -0.000657083 2.6758 
1.00063 0.59049 0.000364972 2.67645 
1.00057 0.590596 0.0002234 2.67631 
1.00051 0.590726 0.000222338 2.67618 
0.955013 0.649977 -0.116168 2.57233 
0.956622 0.648915 -0.106065 2.57554 
0.964856 0.638707 -0.102668 2.59479 
0.999978 0.591309 -0.000408682 2.67478 
0.999968 0.591325 -0.000481689 2.67475 
0.999942 0.591383 -0.000509909 2.6747 
1.00012 0.591406 0.00016904 2.67529 
1.00011 0.591432 0.000126992 2.67526 
1.00009 0.591465 0.000146508 2.67521 
0.90095 0.717632 0.0241549 2.44654 
0.9086 0.710831 0.0225364 2.46444 
0.909355 0.71083 0.0142612 2.46655 
1.0106 0.568941 0.0594782 2.69906 
1.00794 0.574245 0.0570627 2.69303 
1.00543 0.578793 0.0614174 2.68748 
1.00263 0.58679 0.0137588 2.68102 
1.00228 0.58741 0.0158905 2.68023 
1.00295 0.586375 0.0170313 2.68189 
1.01624 0.560576 0.0294621 2.71207 
1.01632 0.559806 0.0238352 2.71177 
1.01481 0.56385 0.0202273 2.70884 
0.965413 0.64306 -0.0636033 2.59626 
0.969557 0.637378 -0.0619819 2.60578 
0.973147 0.63191 -0.067316 2.61421 
1.00001 0.591603 0.00046488 2.67504 
0.999979 0.591652 0.000469797 2.67495 
0.999963 0.591698 0.000583114 2.67493 
0.999926 0.591422 -0.000600704 2.67467 
0.999943 0.591354 -0.000687881 2.67469 
0.999929 0.591381 -0.000792024 2.67466 
1.00255 0.586664 -0.0109452 2.68078 
1.00311 0.585789 -0.00959585 2.68215 
1.00376 0.584477 -0.00982024 2.68358 
0.971182 0.633431 0.0810915 2.60972 
0.965847 0.640974 0.0777619 2.59715 
0.961876 0.646559 0.0807019 2.58832 
1.00112 0.589064 -0.00488719 2.67736 
1.00088 0.589513 -0.00440377 2.6768 
1.001 0.589322 -0.00395176 2.6771 
1.00085 0.589455 -0.021584 2.67691 
1.00071 0.589439 -0.0190743 2.67637 
1.00154 0.588086 -0.0182159 2.67835 
1.00211 0.587791 0.00524032 2.67977 
1.00257 0.587057 0.00505415 2.6809 
1.00254 0.586995 0.00441696 2.68074 
0.998098 0.594242 -0.0101295 2.67032 
0.997833 0.594839 -0.0122792 2.66982 
0.996871 0.596461 -0.0133083 2.66762 
0.939397 0.676837 0.0606317 2.5363 
0.932713 0.685385 0.0596849 2.52139 
0.931577 0.686616 0.0668819 2.51931 
1.00056 0.590049 -0.00198243 2.67606 
1.00061 0.590106 -0.00165691 2.67628 
1.00068 0.590115 -0.00169101 2.67656 
1.00082 0.590155 0.0028256 2.67686 
1.00088 0.590007 0.00346497 2.67698 
1.00109 0.589668 0.00354592 2.67747 
0.99968 0.592153 0.000338554 2.67426 
0.999604 0.592328 0.000361943 2.67411 
0.999562 0.592372 0.000557844 2.674 
0.999713 0.592478 -0.000404231 2.67456 
0.999746 0.59226 -0.000479378 2.67454 
0.999768 0.592143 -0.000587498 2.67455 
1.00011 0.59121 -0.000749092 2.6752 
1.00008 0.591248 -0.000651275 2.6751 
1.00008 0.591293 -0.000554176 2.67516 
1.00038 0.590936 0.000871369 2.67586 
1.00046 0.590803 0.000839944 2.67604 
1.00044 0.590831 0.000670937 2.67599 
0.977154 0.624549 0.064113 2.62209 
0.973961 0.629433 0.0705554 2.61533 
0.974199 0.62877 0.0762394 2.61611 
0.959376 0.652805 -0.0485417 2.5825 
0.962467 0.647509 -0.0523707 2.58905 
0.961572 0.648829 -0.0580874 2.58739 
0.937122 0.677837 -0.0672993 2.53032 
0.936572 0.677109 -0.0751919 2.52861 
0.931757 0.683111 -0.0741973 2.51783 
0.9969 0.597598 -0.0039012 2.66827 
0.997145 0.596507 -0.00475177 2.66845 
0.996828 0.596965 -0.00564478 2.66768 
0.995016 0.598106 0.0516819 2.66372 
0.991664 0.603748 0.0527402 2.65609 
0.990217 0.605975 0.0577152 2.65296 
0.92729 0.691692 -0.0137836 2.50747 
0.929232 0.689912 -0.0213607 2.51234 
0.927325 0.69153 -0.0263653 2.50766 
1.00027 0.591133 1.71889e-05 2.67561 
1.00026 0.591146 1.37093e-05 2.6756 
1.00027 0.591142 3.10655e-05 2.67562 
1.00019 0.591264 3.39939e-05 2.67543 
1.00017 0.591306 4.97772e-05 2.6754 
1.00018 0.591293 9.29287e-05 2.67542 
0.999765 0.589747 -1.01469e-05 2.67424 
0.999823 0.589776 -4.15462e-05 2.67432 
0.999981 0.589963 -8.93285e-05 2.67444 
0.999968 0.591293 -0.000196401 2.67482 
0.999967 0.590815 -0.000161836 2.67461 
0.999978 0.590698 -0.000179433 2.67466 
0.989568 0.609762 0.0165914 2.65158 
0.992309 0.605155 0.0173246 2.6578 
0.994046 0.60153 0.0138104 2.66128 
0.995674 0.59867 0.0124361 2.66493 
0.996468 0.597399 0.013451 2.6668 
0.997681 0.595111 0.0114848 2.66944 
0.996623 0.59766 0.00989961 2.66744 
0.997565 0.595728 0.00849376 2.6694 
0.99811 0.595067 0.00644166 2.67079 
0.984453 0.617849 0.015167 2.63977 
0.98191 0.622391 0.0136899 2.63427 
0.980523 0.62351 0.016108 2.6305 
0.977353 0.629669 0.0129427 2.62402 
0.975179 0.631946 0.00582833 2.61835 
0.973546 0.633678 -0.0038307 2.61419 
0.974769 0.631827 0.0159883 2.61706 
0.971099 0.63804 0.0072136 2.60912 
0.967923 0.644696 0.00930304 2.60334 
1.02101 0.550488 -0.0292821 2.72408 
1.01882 0.550216 -0.0351715 2.71651 
1.01583 0.559254 -0.0377222 2.71051 
1.01329 0.563037 -0.044647 2.70406 
1.01544 0.558734 -0.0505378 2.70944 
1.01191 0.564789 -0.0576194 2.70106 
1.01003 0.570579 -0.0440139 2.69741 
1.00681 0.575942 -0.048496 2.6899 
1.0036 0.583274 -0.0460504 2.68333 
0.984965 0.616617 0.0121287 2.64063 
0.983905 0.618241 0.00826494 2.63814 
0.98178 0.621757 0.00682863 2.63338 
0.981877 0.621595 0.00238007 2.63358 
0.984468 0.618107 0.000761085 2.63986 
0.984851 0.617082 -0.00116168 2.64047 
0.980224 0.624071 -0.00224122 2.62975 
0.982255 0.621272 -0.00512251 2.63461 
0.981834 0.620796 -0.011551 2.63301 
1.00002 0.591288 -0.000534365 2.67492 
1.00002 0.591305 -0.000469841 2.67494 
1.00005 0.591318 -0.000477897 2.67505 
1.00005 0.591354 -0.000412512 2.67508 
1.00002 0.591367 -0.000363166 2.67497 
1.00002 0.591397 -0.000326616 2.675 
1.00006 0.591363 -0.000404253 2.67517 
1.00006 0.591388 -0.000350965 2.67518 
1.00007 0.591329 -0.000333756 2.67523 
1.00013 0.591375 6.46717e-05 2.67528 
1.00015 0.591348 0.000123761 2.67533 
1.00017 0.591311 0.000141268 2.67539 
1.00019 0.591276 0.000201828 2.67544 
1.00019 0.591282 0.000256061 2.67545 
1.00022 0.591229 0.000325463 2.6755 
1.00022 0.591236 0.000212097 2.6755 
1.00025 0.591175 0.00025728 2.67557 
1.00028 0.591112 0.000251559 2.67564 
0.999994 0.591413 -0.0135243 2.67502 
1.0007 0.59044 -0.011543 2.67678 
1.00124 0.588714 -0.0116149 2.67758 
1.0016 0.588161 -0.00969192 2.67844 
1.00117 0.588863 -0.00817917 2.67741 
1.00136 0.588708 -0.00665681 2.67794 
1.00209 0.58725 -0.00952149 2.67958 
1.0022 0.587403 -0.0075581 2.68002 
1.00257 0.586615 -0.00712326 2.68083 
1.00086 0.590193 0.00526561 2.67703 
1.00103 0.589678 0.0061108 2.67732 
1.00142 0.589093 0.00593613 2.67826 
1.00173 0.588329 0.00683114 2.67886 
1.00182 0.588356 0.00840051 2.67917 
1.00215 0.587702 0.010216 2.6799 
1.00221 0.587701 0.0065003 2.68007 
1.00265 0.586836 0.00774427 2.68105 
1.00314 0.585801 0.0072763 2.68206 
0.975854 0.629011 -0.0484281 2.61996 
0.978899 0.623308 -0.0458514 2.62611 
0.983474 0.61669 -0.0526912 2.63724 
0.985936 0.61193 -0.0488381 2.64218 
0.983464 0.616993 -0.0409448 2.63683 
0.98614 0.61392 -0.0392031 2.64361 
0.99129 0.604378 -0.0511721 2.65528 
0.992509 0.601874 -0.0472173 2.6576 
0.99703 0.5955 -0.0469412 2.66869 
0.984785 0.617017 -0.0148843 2.64035 
0.985683 0.615132 -0.0119747 2.64207 
0.987638 0.612311 -0.0138592 2.64677 
0.9881 0.611307 -0.0111426 2.64763 
0.987394 0.613221 -0.00671838 2.64643 
0.988136 0.612288 -0.0052985 2.64828 
0.989999 0.608645 -0.0120613 2.65225 
0.990071 0.608355 -0.00959404 2.65228 
0.991824 0.606133 -0.0101507 2.65671 
0.994008 0.602015 0.00127219 2.66136 
0.992676 0.604085 0.00203379 2.65821 
0.992566 0.604271 0.00410434 2.65797 
0.991114 0.606975 0.00527824 2.65483 
0.989669 0.609122 0.00400644 2.65138 
0.988266 0.611634 0.00387178 2.6483 
0.990623 0.607398 0.00781251 2.65349 
0.988899 0.610767 0.00820738 2.64988 
0.987854 0.612239 0.0113168 2.64739 
0.984731 0.617835 -0.0226973 2.64081 
0.987062 0.612775 -0.0267608 2.64544 
0.987262 0.611986 -0.0307287 2.64575 
0.991043 0.604722 -0.032722 2.65383 
0.99462 0.599842 -0.0295209 2.6626 
0.997461 0.59468 -0.0274805 2.66887 
0.992121 0.603504 -0.0373348 2.65685 
0.996555 0.595889 -0.0355575 2.66688 
0.998109 0.591975 -0.0392112 2.66988 
0.994951 0.600177 0.0017226 2.66337 
0.994878 0.600343 0.00320232 2.66323 
0.995763 0.5989 0.00329644 2.66529 
0.99579 0.598817 0.00479961 2.66534 
0.994897 0.600473 0.0068725 2.66339 
0.994935 0.600386 0.00884422 2.66348 
0.996638 0.597352 0.00469676 2.66727 
0.996842 0.597081 0.00607598 2.66779 
0.997541 0.595658 0.00567318 2.66926 
0.973911 0.631092 -0.0556827 2.61532 
0.977973 0.62446 -0.0607472 2.62463 
0.977265 0.625549 -0.0652435 2.62335 
0.982366 0.616323 -0.0688568 2.63445 
0.988985 0.607212 -0.0652248 2.65034 
0.993387 0.599952 -0.0639661 2.66031 
0.982239 0.617293 -0.0747084 2.63503 
0.988319 0.606089 -0.0750913 2.64805 
0.987948 0.601391 -0.0801736 2.64432 
0.999267 0.592599 0.0196529 2.67334 
0.997625 0.595392 0.0227289 2.66962 
0.997719 0.595212 0.0254931 2.66988 
0.995386 0.599277 0.028939 2.66469 
0.992564 0.603604 0.0276072 2.65795 
0.989788 0.608615 0.0271485 2.65183 
0.995018 0.599524 0.0326227 2.66373 
0.991477 0.605346 0.0339176 2.65558 
0.990517 0.608587 0.0391293 2.65462 
1.00239 0.586458 -0.049012 2.6813 
1.00272 0.584601 -0.0556274 2.68167 
1.00125 0.587395 -0.0590336 2.67861 
1.00103 0.585402 -0.067114 2.67713 
1.00342 0.578838 -0.0723918 2.68165 
1.00512 0.575343 -0.0832616 2.68613 
0.99928 0.589214 -0.0703201 2.67382 
0.998307 0.587204 -0.0802329 2.67008 
0.995537 0.593414 -0.0843041 2.66497 
0.999498 0.592311 -6.6483e-05 2.67375 
0.99962 0.592125 -9.35478e-05 2.67404 
0.999614 0.592213 -0.00020034 2.67407 
0.999734 0.592118 -0.000185693 2.67442 
0.999809 0.591906 -0.000128242 2.67454 
0.99987 0.591901 -0.00012438 2.67474 
0.999734 0.592359 -0.000267565 2.67456 
0.999822 0.592264 -0.000242817 2.67479 
0.99982 0.592153 -0.000300285 2.67472 
0.99998 0.591645 3.21756e-06 2.67496 
0.999968 0.591671 2.87356e-05 2.67493 
0.999974 0.591662 4.53699e-05 2.67495 
0.99995 0.5917 9.19832e-05 2.67489 
0.999906 0.591784 9.74155e-05 2.67479 
0.999844 0.591897 0.000203223 2.67465 
0.999965 0.591689 0.000118197 2.67493 
0.999926 0.591757 0.000224382 2.67484 
0.999951 0.591703 0.000267441 2.67489 
1.00731 0.578419 0.00174793 2.6917 
1.0064 0.580161 0.00212609 2.68965 
1.00607 0.580653 0.0036091 2.68884 
1.00532 0.582091 0.00370308 2.68717 
1.00482 0.582953 0.00249318 2.686 
1.00427 0.584035 0.00266478 2.68478 
1.00499 0.582617 0.00486129 2.68636 
1.00436 0.583847 0.00470439 2.68498 
1.00399 0.5846 0.00555861 2.68418 
1.00304 0.583824 -0.000718967 2.68184 
1.0034 0.583159 -0.00108141 2.6825 
1.00356 0.583515 -0.00212282 2.68244 
1.00391 0.583061 -0.00293991 2.68311 
1.00451 0.581785 -0.00282991 2.68458 
1.00488 0.581217 -0.00395517 2.68529 
1.00371 0.584065 -0.00397415 2.68302 
1.00384 0.583975 -0.00501648 2.6834 
1.00348 0.585414 -0.00593106 2.68314 
0.958806 0.632576 -0.158391 2.58031 
0.950173 0.646731 -0.151278 2.56085 
0.950543 0.649948 -0.139536 2.56167 
0.943379 0.662737 -0.129972 2.54616 
0.931477 0.674888 -0.129132 2.51752 
0.925727 0.685752 -0.115388 2.50539 
0.945225 0.661206 -0.118901 2.54933 
0.939984 0.670524 -0.107836 2.53792 
0.942962 0.668007 -0.0987583 2.54452 
0.985391 0.61362 0.0478804 2.64124 
0.981529 0.619689 0.0493188 2.63244 
0.981014 0.620539 0.0524868 2.63149 
0.976083 0.628935 0.0535614 2.62079 
0.970855 0.635964 0.0481197 2.60815 
0.965967 0.643376 0.0428442 2.59693 
0.975033 0.629075 0.0572958 2.6177 
0.969168 0.638255 0.0554139 2.60448 
0.96792 0.642744 0.0597064 2.60378 
0.850904 0.750109 0.0241281 2.32596 
0.864675 0.747219 0.0298392 2.36378 
0.880124 0.735152 0.0275485 2.39852 
0.887792 0.728273 0.0373552 2.41588 
0.884446 0.73133 0.047179 2.40907 
0.892805 0.722986 0.0559405 2.42764 
0.898514 0.718938 0.0350268 2.44056 
0.905873 0.71225 0.041855 2.45792 
0.914538 0.704286 0.0385013 2.47812 
1.00025 0.589032 -0.000129186 2.67534 
1.00034 0.588992 -0.000192547 2.67549 
1.00052 0.58942 -0.000371033 2.67568 
1.00061 0.58957 -0.000501395 2.6759 
1.00067 0.589134 -0.000464549 2.676 
1.00077 0.589276 -0.000648137 2.67625 
1.00056 0.590298 -0.000690183 2.67621 
1.00058 0.590423 -0.000855147 2.67634 
1.0005 0.5906 -0.00101522 2.67622 
1.00121 0.589442 0.000240255 2.67775 
1.00109 0.589675 0.000302662 2.6775 
1.00105 0.589749 0.000573175 2.67741 
1.00093 0.589961 0.000633401 2.67713 
1.00086 0.590082 0.000438919 2.67696 
1.00078 0.590252 0.000491829 2.67678 
1.00088 0.59007 0.000854111 2.67702 
1.00077 0.590262 0.000856656 2.67677 
1.0007 0.590394 0.00102289 2.67663 
0.890609 0.713868 0.11939 2.42013 
0.90766 0.702249 0.127185 2.46396 
0.914363 0.697272 0.118776 2.47933 
0.926296 0.682647 0.124476 2.50606 
0.934241 0.672076 0.136592 2.52481 
0.945306 0.657756 0.137838 2.54982 
0.931582 0.679023 0.116291 2.51873 
0.941209 0.666097 0.120031 2.54021 
0.945508 0.661673 0.1114 2.54951 
0.987558 0.612609 -0.000387216 2.64657 
0.988257 0.611575 -0.00110292 2.64823 
0.988358 0.611278 -0.00212521 2.64838 
0.989667 0.60923 -0.00344013 2.65143 
0.990929 0.607171 -0.00295467 2.65433 
0.992437 0.604577 -0.00377836 2.65772 
0.989836 0.609398 -0.00487696 2.65209 
0.991613 0.60637 -0.00634496 2.6561 
0.9919 0.604873 -0.0079003 2.65617 
1.00039 0.590573 0.0202458 2.6759 
1.00028 0.590367 0.0242454 2.67548 
1.0015 0.588586 0.0254644 2.67855 
1.0014 0.587807 0.030301 2.67787 
1.00009 0.590373 0.0340387 2.67513 
0.999152 0.592016 0.0425378 2.67336 
1.00317 0.585364 0.0318516 2.68238 
1.00287 0.585292 0.040356 2.68168 
1.00493 0.580753 0.0427351 2.68602 
0.998613 0.593979 -0.00306106 2.67181 
0.998821 0.593601 -0.00242302 2.67227 
0.999032 0.593179 -0.00243953 2.67273 
0.999192 0.59294 -0.00190066 2.67312 
0.999143 0.593449 -0.00142252 2.67324 
0.999307 0.593265 -0.00103328 2.67367 
0.999368 0.592592 -0.00188043 2.6735 
0.999458 0.592454 -0.00142069 2.67371 
0.999599 0.592208 -0.00136361 2.67404 
0.996064 0.598425 -0.000465757 2.666 
0.99669 0.597143 -0.000811732 2.6673 
0.996584 0.597374 -0.00177304 2.66709 
0.997353 0.596203 -0.00181368 2.66894 
0.998028 0.594978 -0.00127326 2.67045 
0.998456 0.594374 -0.00123818 2.67151 
0.997333 0.596658 -0.00273972 2.66914 
0.998008 0.595518 -0.00252278 2.6707 
0.998019 0.594801 -0.00329188 2.67033 
0.96168 0.651062 0.00292749 2.58739 
0.963194 0.649401 -0.00653285 2.59121 
0.960993 0.651815 -0.0111318 2.58572 
0.964573 0.647122 -0.020589 2.59431 
0.970667 0.638733 -0.0223011 2.60847 
0.974195 0.632948 -0.0250856 2.61619 
0.963198 0.647499 -0.0275874 2.59026 
0.96918 0.640259 -0.0316491 2.60489 
0.968851 0.636914 -0.0392796 2.60189 
0.999231 0.593008 0.00019141 2.67327 
0.998915 0.593467 0.000436715 2.6725 
0.998911 0.593531 0.000825331 2.67252 
0.998507 0.594206 0.00143837 2.67158 
0.998025 0.595022 0.00136592 2.67047 
0.997413 0.596094 0.00222474 2.66908 
0.998543 0.594165 0.0020066 2.67168 
0.998038 0.594987 0.00307545 2.67049 
0.998193 0.594892 0.00386094 2.67095 
0.960361 0.652755 0.00766533 2.58428 
0.957113 0.656753 -0.00119671 2.57656 
0.954277 0.660539 -0.000699676 2.57013 
0.952195 0.663559 -0.0113212 2.56562 
0.953677 0.661029 -0.0211751 2.56871 
0.954247 0.657871 -0.0347741 2.56891 
0.948531 0.666926 -0.0111935 2.5563 
0.947542 0.668227 -0.026319 2.55453 
0.944415 0.677055 -0.0289182 2.55102 
1.00031 0.591105 -0.00486977 2.67578 
1.00001 0.591285 -0.00559128 2.67489 
0.999689 0.591682 -0.00513005 2.67405 
0.999341 0.592137 -0.00574054 2.67317 
0.999379 0.592187 -0.00692869 2.67333 
0.998921 0.592868 -0.00766575 2.67222 
0.999074 0.592676 -0.00509499 2.67259 
0.998682 0.59344 -0.00555604 2.67175 
0.998462 0.594485 -0.0048268 2.67163 
0.99938 0.592674 0.00030534 2.67357 
0.999315 0.592793 0.000649795 2.67343 
0.999453 0.59259 0.000771726 2.67376 
0.999416 0.592614 0.00113717 2.67366 
0.999284 0.592886 0.00157733 2.67338 
0.999299 0.592855 0.00214377 2.67341 
0.99957 0.592378 0.00121345 2.67403 
0.999601 0.59232 0.00159561 2.6741 
0.999741 0.592039 0.00160525 2.67439 
0.999609 0.592057 0.0141031 2.67407 
0.999856 0.591928 0.0108435 2.67477 
0.999089 0.592746 0.00983301 2.6727 
0.99921 0.593059 0.0085044 2.67327 
0.999598 0.592159 0.00780707 2.67402 
0.999577 0.592335 0.00626098 2.67404 
0.998644 0.593719 0.00766375 2.67178 
0.998823 0.593654 0.00619715 2.67232 
0.998386 0.594145 0.00545143 2.67116 
1.02353 0.544922 0.0734011 2.73053 
1.02118 0.545109 0.064567 2.72208 
1.01696 0.55519 0.0640458 2.71317 
1.01631 0.558235 0.054631 2.71205 
1.01822 0.554039 0.0479635 2.71591 
1.01704 0.558127 0.0408397 2.71379 
1.01288 0.564837 0.0537073 2.70413 
1.01233 0.566987 0.0465625 2.70311 
1.00974 0.57206 0.045638 2.69724 
0.980704 0.608769 0.149963 2.63333 
0.986929 0.59592 0.140197 2.6444 
0.985104 0.603142 0.129888 2.64135 
0.990367 0.595296 0.119625 2.65254 
0.998524 0.581377 0.119495 2.67133 
1.00217 0.576624 0.108109 2.67936 
0.988493 0.601473 0.111129 2.64912 
0.992666 0.595073 0.102788 2.65808 
0.991114 0.599326 0.0956721 2.6548 
1.01775 0.546262 -0.102468 2.71593 
1.01158 0.554712 -0.10841 2.70004 
1.00773 0.565998 -0.103157 2.6919 
1.00239 0.577646 -0.108542 2.681 
0.998175 0.581241 -0.118529 2.67044 
0.991029 0.595036 -0.121215 2.65499 
0.998556 0.584343 -0.102121 2.67121 
0.993655 0.593825 -0.104821 2.66088 
0.9908 0.598091 -0.097698 2.65316 
0.985447 0.615733 0.018153 2.64176 
0.984134 0.617486 0.0214018 2.63861 
0.985075 0.616109 0.0241214 2.6409 
0.98336 0.617868 0.0284153 2.63648 
0.980739 0.623384 0.0285637 2.63139 
0.977042 0.629307 0.0351151 2.62338 
0.984907 0.616161 0.0318539 2.6406 
0.982812 0.619798 0.0385207 2.63628 
0.984948 0.615346 0.0431386 2.64066 
1.00086 0.589414 0.0185465 2.67675 
1.002 0.587783 0.020173 2.67961 
1.00264 0.586265 0.0195562 2.68083 
1.00412 0.583787 0.0207522 2.68436 
1.00483 0.582323 0.0238685 2.68595 
1.00668 0.578926 0.0253466 2.69018 
1.00468 0.582486 0.019364 2.68545 
1.0066 0.57919 0.0200707 2.68995 
1.00712 0.578144 0.0179986 2.69107 
0.938781 0.674834 -0.0886336 2.53512 
0.930608 0.683091 -0.0881462 2.51554 
0.927731 0.687681 -0.0799474 2.50916 
0.918793 0.697067 -0.0762844 2.4882 
0.91257 0.703249 -0.0809775 2.47415 
0.900639 0.714429 -0.074325 2.44591 
0.91627 0.701043 -0.0662474 2.4826 
0.907217 0.709871 -0.0596217 2.46126 
0.906026 0.711926 -0.0478706 2.45846 
0.959109 0.653048 0.0150085 2.58053 
0.954382 0.659571 0.0133274 2.56986 
0.951588 0.664116 0.0168999 2.56418 
0.945733 0.671455 0.0155972 2.55069 
0.942759 0.674751 0.00792426 2.54356 
0.935985 0.684929 0.0048917 2.5296 
0.942178 0.675868 0.0207918 2.54274 
0.933991 0.686782 0.0207189 2.5249 
0.927759 0.6915 0.0287029 2.50912 
1.00818 0.576806 0.00282704 2.6937 
1.00766 0.577569 0.00454473 2.69239 
1.00842 0.57635 0.00615296 2.69425 
1.00767 0.577468 0.00774796 2.69237 
1.00667 0.579655 0.00765371 2.69028 
1.00599 0.5809 0.00869809 2.68875 
1.00831 0.576515 0.00981139 2.694 
1.0073 0.578343 0.0110902 2.69168 
1.00761 0.577713 0.0132038 2.69239 
1.01685 0.555076 -0.0230833 2.71223 
1.01516 0.560798 -0.0258287 2.70884 
1.01321 0.564081 -0.021962 2.70382 
1.01142 0.568748 -0.0237184 2.70034 
1.01003 0.57112 -0.0288498 2.69713 
1.00796 0.576497 -0.0291451 2.69335 
1.00989 0.571283 -0.0204913 2.69655 
1.00838 0.575871 -0.0217229 2.69418 
1.00719 0.577711 -0.019163 2.6912 
1.00863 0.573393 -0.00306236 2.69479 
1.00929 0.571724 -0.00468643 2.69581 
1.00914 0.572929 -0.00697987 2.69518 
1.00958 0.571899 -0.00961372 2.69584 
1.01126 0.568884 -0.0107573 2.70006 
1.01155 0.567937 -0.0144134 2.70029 
1.00882 0.573897 -0.0115945 2.6943 
1.00894 0.573567 -0.0146717 2.69457 
1.00801 0.576658 -0.0159576 2.69329 
1.00096 0.58744 -0.000181941 2.67714 
1.00117 0.587242 -0.000289828 2.67746 
1.00136 0.587305 -0.000622213 2.67741 
1.00157 0.587183 -0.000862502 2.67786 
1.00173 0.586697 -0.000857719 2.6783 
1.00199 0.586444 -0.00116956 2.67879 
1.00155 0.58765 -0.0012355 2.67791 
1.00171 0.587679 -0.00160455 2.67845 
1.00162 0.588634 -0.00195707 2.67878 
1.00367 0.58521 -0.0069952 2.68365 
1.00433 0.583804 -0.00746674 2.68503 
1.00446 0.583575 -0.00864508 2.68535 
1.00536 0.58191 -0.00940048 2.68739 
1.00594 0.579782 -0.00823137 2.68802 
1.00719 0.577217 -0.0086256 2.69073 
1.00555 0.581547 -0.0109896 2.68782 
1.00664 0.579358 -0.0118524 2.69018 
1.00671 0.579208 -0.0140054 2.6904 
1.00009 0.591244 -0.00398573 2.67511 
0.999891 0.591397 -0.00369924 2.67455 
0.999852 0.591332 -0.00304915 2.67438 
0.999716 0.591476 -0.00277031 2.67401 
0.999495 0.591891 -0.00311455 2.67352 
0.999362 0.592709 -0.00279757 2.67356 
0.999705 0.591459 -0.00225973 2.67396 
0.999608 0.592204 -0.00209324 2.67407 
0.999624 0.592202 -0.00169357 2.67412 
1.00287 0.586504 0.000367015 2.68156 
1.00257 0.587084 0.000542267 2.68088 
1.00251 0.587135 0.00101096 2.68071 
1.00224 0.587642 0.00112746 2.68011 
1.00202 0.588012 0.000775713 2.6796 
1.0018 0.588408 0.000876338 2.6791 
1.00215 0.587743 0.00151704 2.67989 
1.00193 0.588194 0.0015363 2.67941 
1.00184 0.588414 0.00188188 2.67923 
0.959603 0.650338 0.0602972 2.58214 
0.955821 0.65634 0.0542189 2.57374 
0.951374 0.662203 0.0588949 2.56381 
0.947382 0.667555 0.0493728 2.55439 
0.951271 0.663762 0.0397528 2.5636 
0.948877 0.666328 0.0309175 2.55747 
0.940779 0.675487 0.0520996 2.53918 
0.937617 0.679555 0.0393775 2.53164 
0.929841 0.688831 0.0391798 2.51397 
0.997852 0.595029 -0.0167375 2.67007 
0.996373 0.597608 -0.0178309 2.66672 
0.995759 0.598149 -0.0156125 2.66497 
0.994428 0.600715 -0.0157965 2.66212 
0.992639 0.603394 -0.0175013 2.65785 
0.991067 0.606333 -0.0165105 2.65444 
0.994103 0.600917 -0.0137029 2.66113 
0.99288 0.603539 -0.0132294 2.65866 
0.992689 0.60418 -0.0114584 2.65839 
0.998764 0.593896 0.00453248 2.67226 
0.999111 0.593101 0.00427925 2.67294 
0.999312 0.592809 0.0034545 2.67343 
0.999537 0.592363 0.00313006 2.67391 
0.999705 0.592087 0.00340493 2.67431 
0.999902 0.59172 0.00303842 2.67475 
0.999655 0.592225 0.00255014 2.67422 
0.999803 0.591907 0.00228547 2.67452 
0.999868 0.591848 0.00184495 2.67471 
0.919401 0.699218 0.0454521 2.48956 
0.917811 0.699246 0.0573784 2.48535 
0.923385 0.692738 0.0678873 2.49841 
0.924163 0.690569 0.0793495 2.50012 
0.917063 0.697964 0.0850439 2.48424 
0.918153 0.695472 0.0978179 2.48705 
0.930904 0.681885 0.0862467 2.51536 
0.933286 0.678003 0.0976785 2.52109 
0.940263 0.668324 0.102129 2.53661 
1.01854 0.557455 0.0142847 2.71778 
1.01587 0.561427 0.0129745 2.71095 
1.0142 0.564377 0.0157075 2.70699 
1.01264 0.568238 0.0136985 2.70388 
1.01177 0.569502 0.00989928 2.70162 
1.01043 0.57258 0.00895394 2.69884 
1.01116 0.570524 0.0155711 2.70023 
1.01006 0.573191 0.0135799 2.69803 
1.00886 0.575163 0.0149241 2.69512 
0.870576 0.73316 -0.0828451 2.37301 
0.872691 0.736593 -0.0736031 2.38121 
0.882267 0.730836 -0.0690802 2.40389 
0.882654 0.731446 -0.05613 2.40436 
0.875476 0.737649 -0.0481805 2.38798 
0.87688 0.736959 -0.0358605 2.39073 
0.891676 0.724774 -0.0523114 2.42553 
0.891977 0.724645 -0.0411211 2.42567 
0.89965 0.718215 -0.0381886 2.44361 
1.00044 0.590582 -0.00146282 2.67596 
1.00034 0.590832 -0.00168429 2.67577 
1.00019 0.591179 -0.00161008 2.67542 
1.0001 0.591287 -0.00180133 2.6752 
1.00013 0.591239 -0.0020934 2.67526 
1.00001 0.59128 -0.00233343 2.67488 
0.999989 0.591168 -0.00157382 2.67474 
0.99986 0.591217 -0.0017448 2.67433 
0.999786 0.59174 -0.00159972 2.67439 
1.0005 0.590631 0.00367609 2.6761 
1.00046 0.590769 0.00302614 2.67605 
1.00023 0.591167 0.00284223 2.67551 
1.00022 0.591235 0.00238725 2.67552 
1.00034 0.590979 0.00218656 2.67577 
1.00031 0.591063 0.00180562 2.6757 
1.00006 0.591472 0.00218781 2.67511 
1.00008 0.591479 0.00182479 2.67518 
0.999958 0.591645 0.00164529 2.67488 
0.967532 0.623202 0.153427 2.60029 
0.969793 0.624452 0.141363 2.60646 
0.962435 0.634304 0.139412 2.58884 
0.964502 0.635127 0.12874 2.59446 
0.971258 0.625692 0.119363 2.60889 
0.972281 0.625199 0.110913 2.61087 
0.957097 0.644434 0.125497 2.57646 
0.96003 0.642305 0.115605 2.5831 
0.953622 0.650707 0.1117 2.56782 
1.00055 0.590503 -0.00117858 2.67636 
1.00069 0.590448 -0.0012362 2.6768 
1.00074 0.590282 -0.00141339 2.67685 
1.00093 0.590036 -0.00142352 2.67733 
1.001 0.58942 -0.00121214 2.67712 
1.00122 0.588637 -0.00113219 2.6774 
1.00099 0.589851 -0.0016453 2.67743 
1.00125 0.589388 -0.00163986 2.67801 
1.00134 0.589191 -0.00195013 2.67818 
1.00135 0.589223 0.000289237 2.67808 
1.00132 0.589261 0.000574782 2.67799 
1.00145 0.589027 0.000713355 2.6783 
1.00139 0.58912 0.00101771 2.67815 
1.00119 0.589496 0.00116898 2.67772 
1.00112 0.589678 0.00138675 2.67757 
1.00153 0.588876 0.00126267 2.67849 
1.00141 0.589141 0.00153775 2.67825 
1.00154 0.588874 0.00182616 2.67851 
0.999986 0.591609 -9.01216e-06 2.67496 
0.999977 0.591812 -8.39358e-05 2.67504 
0.999948 0.591856 -8.01378e-05 2.67497 
0.999954 0.592029 -0.000182001 2.67509 
0.999947 0.591908 -0.000236438 2.675 
0.999958 0.591721 -0.000263449 2.67494 
0.999915 0.592055 -0.00019109 2.67498 
0.999921 0.591948 -0.000256983 2.67494 
0.999888 0.591985 -0.000301289 2.67486 
1.00009 0.591445 3.65512e-05 2.67521 
1.00007 0.591484 5.15352e-05 2.67515 
1.00007 0.591488 9.76473e-05 2.67516 
1.00004 0.591532 0.00011075 2.67509 
1.00002 0.591577 8.1847e-05 2.67506 
0.999998 0.591619 7.90586e-05 2.675 
1.00004 0.591547 0.00017192 2.67509 
0.999999 0.591615 0.000159691 2.675 
0.999981 0.591638 0.000222875 2.67496 
1.00356 0.585452 0.00517064 2.68324 
1.00329 0.585718 0.0041377 2.6825 
1.0029 0.586576 0.00401269 2.68171 
1.00268 0.58689 0.00314055 2.68114 
1.00289 0.586491 0.00261953 2.68162 
1.00265 0.586848 0.00199175 2.68104 
1.00238 0.587503 0.0030118 2.68052 
1.00221 0.587733 0.00242532 2.68007 
1.00198 0.588211 0.00235397 2.6796 
1.00263 0.584541 -0.000766708 2.68077 
1.00282 0.58479 -0.00150177 2.68077 
1.00249 0.585514 -0.0015359 2.67991 
1.00244 0.586173 -0.00215293 2.68001 
1.00259 0.586191 -0.00279131 2.68049 
1.00239 0.587345 -0.00341737 2.68059 
1.0021 0.586949 -0.00208541 2.67933 
1.00198 0.587989 -0.00258423 2.67959 
1.00169 0.58861 -0.0024239 2.679 
1.00001 0.591271 -0.000724285 2.67488 
1.00003 0.591255 -0.000818562 2.67492 
0.999971 0.59132 -0.00089492 2.67476 
0.99999 0.591306 -0.0010281 2.67482 
1.00004 0.59119 -0.00108299 2.67493 
1.00005 0.591188 -0.00122894 2.67496 
0.999903 0.591422 -0.00112343 2.67459 
0.99991 0.591427 -0.00130443 2.67462 
0.999798 0.591731 -0.00136087 2.67442 
1.00052 0.590696 0.00117726 2.67618 
1.0004 0.5909 0.00119305 2.67591 
1.00035 0.591004 0.00134765 2.6758 
1.00024 0.591173 0.00129356 2.67554 
1.00022 0.591219 0.00108995 2.67551 
1.00014 0.591353 0.00102828 2.67533 
1.00017 0.591309 0.00141349 2.67538 
1.00007 0.591484 0.00131701 2.67518 
0.999983 0.591637 0.00138038 2.67496 
0.999879 0.589637 -5.46354e-05 2.6745 
0.999911 0.58961 -7.91151e-05 2.67453 
1.00009 0.58994 -0.000110404 2.67469 
1.00011 0.590044 -0.000159637 2.67473 
1.00012 0.589774 -0.000114841 2.67475 
1.00019 0.589921 -0.000158806 2.6749 
1.00017 0.590669 -0.000178994 2.67512 
1.00016 0.590801 -0.000219902 2.67516 
1.00015 0.59118 -0.000255024 2.67536 
1.00057 0.590622 2.61366e-05 2.67631 
1.00051 0.59071 7.9703e-05 2.67616 
1.00047 0.590777 0.000140691 2.67608 
1.00043 0.590868 0.000150807 2.676 
1.00041 0.590894 0.000111497 2.67594 
1.00038 0.590965 0.000120558 2.67587 
1.0004 0.590913 0.000189386 2.67592 
1.00037 0.590986 0.000185533 2.67585 
1.00034 0.591045 0.000204209 2.67579 
1.00018 0.589187 -0.000117779 2.67513 
1.00034 0.589548 -0.000222546 2.67528 
1.00028 0.589809 -0.000210679 2.67511 
1.0003 0.590456 -0.000326621 2.67544 
1.00034 0.590718 -0.000431699 2.67569 
1.00028 0.591002 -0.000508409 2.67571 
1.00023 0.590708 -0.00027976 2.67534 
1.00019 0.591088 -0.000358702 2.67547 
1.00014 0.591223 -0.000309813 2.67537 
1.0006 0.590546 0.000944212 2.67638 
1.00057 0.59062 0.000727201 2.67632 
1.00051 0.590752 0.000623828 2.67617 
1.00047 0.590796 0.000478276 2.67609 
1.00052 0.590721 0.00040726 2.6762 
1.00048 0.590773 0.000289857 2.6761 
1.00042 0.590903 0.000426248 2.67598 
1.0004 0.59094 0.00031751 2.67592 
1.00036 0.591015 0.000275483 2.67584 
0.968973 0.620548 -0.149452 2.60364 
0.968349 0.625962 -0.137063 2.60245 
0.977079 0.617236 -0.128911 2.62383 
0.976216 0.618926 -0.118553 2.62065 
0.970258 0.628684 -0.116724 2.60735 
0.970291 0.629643 -0.106796 2.60686 
0.982591 0.61116 -0.110192 2.63561 
0.981555 0.613245 -0.101721 2.63256 
0.986355 0.608446 -0.0961811 2.64478 
0.999981 0.591292 -0.000288704 2.67478 
0.999977 0.591319 -0.000294057 2.67478 
0.999964 0.591352 -0.000304123 2.67475 
0.999953 0.591426 -0.000334747 2.67476 
0.999955 0.591382 -0.000388855 2.67474 
0.999932 0.59144 -0.000447145 2.6747 
0.999931 0.591571 -0.00033932 2.67477 
0.999907 0.591682 -0.000394116 2.67475 
0.999877 0.591899 -0.000389291 2.67477 
1.00014 0.591387 0.000471687 2.67534 
1.00012 0.591421 0.000400215 2.67529 
1.00008 0.591483 0.000424812 2.67521 
1.00008 0.591501 0.000352646 2.67519 
1.00009 0.591468 0.000269587 2.67521 
1.00008 0.591487 0.000214557 2.67519 
1.00004 0.59156 0.000364197 2.6751 
1.00004 0.59156 0.000291973 2.6751 
1.00001 0.591611 0.000304215 2.67503 
0.862021 0.749101 0.00307755 2.3573 
0.874501 0.740437 0.00230615 2.386 
0.876055 0.739326 -0.0105551 2.3896 
0.887065 0.730123 -0.00995555 2.41457 
0.893718 0.723899 0.00363599 2.4293 
0.902585 0.71637 0.00329456 2.45018 
0.890538 0.727425 -0.0212365 2.42292 
0.899194 0.718964 -0.0189865 2.4422 
0.903716 0.715627 -0.027274 2.45346 
1.0176 0.549239 0.0866025 2.71385 
1.01387 0.558483 0.0831558 2.70598 
1.00996 0.564688 0.0911377 2.69694 
1.0065 0.57302 0.0861611 2.68963 
1.00763 0.572961 0.0740524 2.69235 
1.00476 0.578525 0.0701401 2.68569 
1.00163 0.580474 0.0916514 2.67811 
0.999406 0.5863 0.0854259 2.67357 
0.994156 0.59495 0.087966 2.66149 
1.00394 0.584559 0.00768879 2.68401 
1.00405 0.584279 0.00933413 2.68424 
1.00469 0.583062 0.00942156 2.68565 
1.00487 0.582761 0.0116536 2.68611 
1.00405 0.584116 0.0132581 2.68419 
1.00398 0.584336 0.0156828 2.68412 
1.00569 0.581207 0.0118552 2.68795 
1.00583 0.580942 0.0147745 2.68832 
1.00692 0.579167 0.0152702 2.69095 
1.00973 0.573364 0.0400787 2.69771 
1.01066 0.570448 0.0357649 2.69901 
1.01003 0.572983 0.0317015 2.69819 
1.01045 0.571594 0.0271909 2.6987 
1.01257 0.567871 0.026429 2.70369 
1.01271 0.567248 0.0220834 2.70371 
1.00978 0.573893 0.0238804 2.69765 
1.00984 0.573032 0.0205058 2.69729 
1.00906 0.575375 0.018203 2.69597 
0.954026 0.653782 -0.0883671 2.56877 
0.960139 0.645733 -0.0851594 2.58262 
0.965421 0.637362 -0.0927981 2.59474 
0.970361 0.630595 -0.0880922 2.6059 
0.969073 0.635762 -0.0781839 2.60429 
0.973542 0.630924 -0.0755586 2.61544 
0.97597 0.621842 -0.0922647 2.61886 
0.979418 0.617218 -0.0876853 2.6268 
0.984824 0.610164 -0.0895745 2.6402 
1.00013 0.591396 0.000604244 2.67529 
1.00009 0.591471 0.000630081 2.67522 
1.00009 0.591472 0.000787693 2.67521 
1.00004 0.591566 0.000810248 2.67511 
1.00002 0.591596 0.00068299 2.67506 
0.999969 0.591666 0.000696945 2.67493 
1.00002 0.59159 0.000991916 2.67506 
0.999966 0.59167 0.00102632 2.67492 
0.99994 0.59172 0.00124072 2.67487 
0.999853 0.591996 -0.000436492 2.67475 
0.999853 0.59186 -0.00051444 2.67467 
0.999817 0.59193 -0.000595408 2.6746 
0.999825 0.591803 -0.000712642 2.67455 
0.999864 0.591603 -0.000711333 2.67457 
0.999886 0.591477 -0.00082273 2.67457 
0.999793 0.591875 -0.000823996 2.67449 
0.999799 0.591747 -0.000966558 2.67443 
0.999738 0.591853 -0.00110958 2.6743 
1.00013 0.591191 -0.0154388 2.67538 
1.00109 0.588926 -0.0149709 2.67726 
1.00155 0.587807 -0.0161259 2.67816 
1.00261 0.586139 -0.0152232 2.68075 
1.00314 0.585648 -0.0131937 2.6822 
1.00379 0.584395 -0.011786 2.68362 
1.00331 0.585162 -0.0165732 2.68253 
1.00439 0.583147 -0.0149575 2.68495 
1.00528 0.581372 -0.0158756 2.6869 
0.985177 0.610926 0.0913863 2.64194 
0.97985 0.618613 0.0921866 2.62937 
0.977047 0.622862 0.0969517 2.62339 
0.970692 0.631649 0.0964436 2.60834 
0.968842 0.634996 0.0907878 2.60399 
0.963144 0.643537 0.0872356 2.59092 
0.967162 0.636601 0.100473 2.60055 
0.960103 0.64603 0.0975529 2.58377 
0.955245 0.653122 0.10119 2.57342 
1.00261 0.586835 -0.0061052 2.68107 
1.00206 0.587509 -0.00539572 2.67964 
1.00219 0.58762 -0.00460433 2.68013 
1.00178 0.588147 -0.00412545 2.67907 
1.0015 0.588584 -0.00427537 2.67836 
1.00121 0.588993 -0.00391892 2.67763 
1.00183 0.588299 -0.00350818 2.67932 
1.0015 0.588766 -0.00325736 2.67848 
1.00151 0.588912 -0.00277405 2.6786 
1.00271 0.585832 -0.0363663 2.68146 
1.00287 0.585438 -0.0317388 2.68161 
1.00434 0.582555 -0.0307635 2.68479 
1.00427 0.582872 -0.0262621 2.68464 
1.00259 0.586189 -0.0234533 2.68087 
1.00256 0.586534 -0.0203258 2.68091 
1.00566 0.58075 -0.0245176 2.68798 
1.00494 0.581829 -0.0209332 2.68614 
1.00613 0.580438 -0.0189837 2.68925 
1.00082 0.59008 0.00436911 2.67685 
1.00119 0.589516 0.00443487 2.67774 
1.00122 0.58933 0.00399484 2.67774 
1.00155 0.588864 0.00388964 2.67854 
1.0018 0.588316 0.0042964 2.67906 
1.00219 0.587644 0.004011 2.67997 
1.00154 0.588826 0.00335634 2.67848 
1.00184 0.588295 0.00314653 2.67917 
1.00178 0.588394 0.00261982 2.67903 
0.998032 0.595234 -0.00521804 2.67064 
0.997736 0.595623 -0.00634124 2.6699 
0.997132 0.596806 -0.0066969 2.6686 
0.996591 0.597588 -0.00815506 2.66729 
0.996897 0.596465 -0.0095651 2.66766 
0.996333 0.597275 -0.0114697 2.66629 
0.995809 0.599124 -0.00841106 2.66562 
0.995047 0.600229 -0.0100791 2.66378 
0.994021 0.602131 -0.0101211 2.66154 
0.961282 0.645942 0.0701705 2.5851 
0.956094 0.653739 0.0722944 2.57394 
0.956565 0.654582 0.07751 2.57647 
0.951465 0.660361 0.0800172 2.56432 
0.944989 0.66901 0.0744679 2.54938 
0.938409 0.677419 0.0759844 2.53468 
0.952043 0.658214 0.0864633 2.56524 
0.945782 0.666465 0.089938 2.55141 
0.947039 0.664239 0.0970214 2.55456 
1.00052 0.590745 -0.00372445 2.67629 
1.00065 0.590149 -0.00329475 2.67641 
1.0008 0.589548 -0.00336535 2.67655 
1.0009 0.589495 -0.00285654 2.67689 
1.00078 0.589678 -0.00243113 2.6766 
1.00082 0.589891 -0.00200419 2.67686 
1.00105 0.589359 -0.00293316 2.67734 
1.0011 0.58952 -0.00239118 2.6776 
1.00125 0.58929 -0.00234209 2.67798 
1.00071 0.590362 0.00142216 2.67662 
1.00078 0.590207 0.00170145 2.67677 
1.0009 0.589988 0.00169058 2.67704 
1.00101 0.589761 0.00199787 2.67729 
1.00101 0.589807 0.00238958 2.67731 
1.00113 0.589574 0.0029911 2.67755 
1.00117 0.589517 0.0019689 2.67766 
1.00132 0.589223 0.00245715 2.67798 
1.00152 0.588833 0.00239183 2.67841 
0.999934 0.591726 0.000350964 2.67485 
0.999894 0.591811 0.000435046 2.67477 
0.9999 0.591793 0.00055487 2.67478 
0.999849 0.591895 0.000685048 2.67467 
0.999752 0.592045 0.000622621 2.67443 
0.999674 0.592212 0.000700465 2.67428 
0.999861 0.591857 0.000848145 2.67469 
0.999794 0.591995 0.000992231 2.67455 
0.999826 0.591947 0.00119462 2.67462 
0.999424 0.592509 -0.000208219 2.67362 
0.999461 0.59256 -0.000374898 2.67377 
0.999447 0.59276 -0.000563182 2.67384 
0.999507 0.592797 -0.000668143 2.67406 
0.999635 0.59265 -0.000590981 2.6744 
0.999686 0.59229 -0.000686635 2.67436 
0.999528 0.592823 -0.000890907 2.67415 
0.999622 0.592299 -0.000984883 2.67416 
0.999645 0.592063 -0.00116103 2.67411 
1.00038 0.590747 -0.000987065 2.67588 
1.00027 0.590896 -0.000857702 2.6756 
1.00026 0.590967 -0.000701306 2.67563 
1.00018 0.591064 -0.000607535 2.67544 
1.00016 0.591211 -0.000639642 2.6754 
1.00011 0.591293 -0.000550306 2.67528 
1.00018 0.591125 -0.000486939 2.67547 
1.00012 0.591205 -0.000429563 2.67533 
1.00011 0.59124 -0.00034854 2.67531 
1.0002 0.591255 0.000583297 2.67547 
1.00025 0.591181 0.000592956 2.67558 
1.00026 0.591167 0.000492562 2.6756 
1.0003 0.591106 0.000489604 2.6757 
1.00033 0.591034 0.000587509 2.67576 
1.00039 0.59094 0.000568168 2.67589 
1.0003 0.591094 0.000402664 2.67569 
1.00034 0.591023 0.000383989 2.67578 
1.00032 0.591036 0.000304245 2.67574 
0.986481 0.610127 0.0503663 2.64279 
0.985572 0.612453 0.0559998 2.64156 
0.98666 0.611319 0.0594508 2.64465 
0.985006 0.612857 0.0655885 2.64055 
0.981921 0.618164 0.0670649 2.63384 
0.978954 0.622303 0.0755201 2.62741 
0.986336 0.610063 0.070334 2.6435 
0.984329 0.612992 0.0791008 2.63942 
0.985866 0.609188 0.0848731 2.64256 
0.940613 0.677013 -0.0366825 2.53916 
0.943996 0.672583 -0.0444078 2.54705 
0.941334 0.674548 -0.050729 2.54027 
0.945523 0.668702 -0.0577751 2.54981 
0.952694 0.661198 -0.0573741 2.56738 
0.95666 0.655651 -0.0609729 2.57645 
0.943436 0.67014 -0.0656033 2.54467 
0.948789 0.663142 -0.0703025 2.55708 
0.947287 0.662633 -0.0787757 2.55251 
0.936173 0.678712 -0.0342582 2.5263 
0.934434 0.683253 -0.0397462 2.52428 
0.930078 0.688462 -0.0364615 2.51435 
0.92741 0.69107 -0.0435547 2.5082 
0.928622 0.687862 -0.0542526 2.51019 
0.927132 0.688303 -0.0628985 2.50633 
0.922258 0.695762 -0.0392264 2.49553 
0.91917 0.698644 -0.0476769 2.48844 
0.913729 0.70597 -0.0439384 2.47718 
0.995444 0.599535 -0.00127259 2.66462 
0.995408 0.59958 -0.00249499 2.66453 
0.994946 0.60059 -0.00305427 2.6636 
0.995011 0.600845 -0.00442727 2.66397 
0.995712 0.599485 -0.00463372 2.66547 
0.996019 0.598341 -0.00586661 2.66582 
0.994545 0.601759 -0.00539106 2.66299 
0.994725 0.600726 -0.00692088 2.66298 
0.993906 0.601953 -0.00794917 2.66103 
1.00585 0.579294 0.0484579 2.6885 
1.00313 0.58354 0.0529191 2.68211 
1.00296 0.583599 0.0586979 2.68188 
0.999441 0.589215 0.0631472 2.67372 
0.996281 0.594668 0.0606041 2.66634 
0.992453 0.601383 0.0617632 2.65777 
0.998645 0.590236 0.0700322 2.67215 
0.993808 0.597933 0.0723134 2.66084 
0.992142 0.601519 0.0804438 2.65817 
0.919138 0.699593 0.0229334 2.48821 
0.918462 0.700313 0.0122418 2.48647 
0.914405 0.705817 0.00866555 2.47803 
0.914799 0.704912 -0.00432906 2.4786 
0.920429 0.698777 -0.011307 2.49136 
0.92188 0.69622 -0.0217693 2.49415 
0.910587 0.709605 -0.0096291 2.46922 
0.912844 0.706984 -0.022101 2.47441 
0.90902 0.709205 -0.0286583 2.46448 
1.00032 0.591035 4.2688e-05 2.67572 
1.00031 0.591066 3.60436e-05 2.67572 
1.00033 0.591044 7.45474e-05 2.67576 
1.00031 0.591068 8.44956e-05 2.67572 
1.00029 0.591104 4.66779e-05 2.67568 
1.00028 0.59112 5.10267e-05 2.67564 
1.00033 0.591047 0.000129469 2.67575 
1.00031 0.591075 0.000133821 2.67571 
1.00032 0.591089 0.000183369 2.67575 
1.00025 0.591161 4.08473e-06 2.67557 
1.00025 0.591169 1.96353e-05 2.67557 
1.00026 0.591155 3.17159e-05 2.67558 
1.00026 0.59116 6.83165e-05 2.67558 
1.00023 0.591205 7.72406e-05 2.67552 
1.00021 0.591243 0.000104646 2.6755 
1.00027 0.591132 8.92692e-05 2.67561 
1.00027 0.591151 0.000138505 2.67561 
1.00029 0.591116 0.00017899 2.67567 
0.99965 0.589755 -2.12648e-05 2.67398 
0.999765 0.589913 -8.79341e-06 2.67416 
0.999899 0.590041 -3.22616e-05 2.6742 
1.00001 0.590254 -8.81598e-05 2.6745 
0.999966 0.590044 -9.17542e-05 2.67442 
1.00003 0.590181 -0.000112829 2.67455 
1.00006 0.590733 -0.00012335 2.6748 
1.00009 0.590924 -0.000179636 2.675 
1.00009 0.591228 -0.000211146 2.67521 
0.99999 0.591384 -0.000259116 2.67488 
0.999988 0.591474 -0.00025442 2.67496 
0.999997 0.591461 -0.000257744 2.67499 
1 0.59152 -0.000249517 2.67509 
0.999985 0.59148 -0.000179102 2.67499 
1.00004 0.591237 -0.000170452 2.67504 
1.00001 0.59147 -0.000245943 2.67508 
1.00005 0.591401 -0.00023755 2.6752 
1.00006 0.591332 -0.000264808 2.67518 
