0.998857 0.592155 0.0171983 2.67168 
0.98002 0.623097 -0.0150363 2.62857 
1.02169 0.544332 -0.0840677 2.72598 
0.986912 0.612507 1.55423e-05 2.64438 
1.00002 0.590047 -0.000236717 2.67417 
1.00058 0.590112 0.000433967 2.67606 
1.00013 0.590124 -0.00468335 2.67464 
1.00091 0.588919 0.0152103 2.67655 
0.98315 0.619139 -0.0225016 2.63647 
0.98711 0.612155 -0.000555256 2.64481 
0.987335 0.611801 0.000611176 2.64534 
0.998304 0.59258 -0.0176136 2.67016 
0.98958 0.607661 0.0140004 2.65027 
0.999342 0.588843 -0.0475355 2.67248 
0.98728 0.611235 0.0175704 2.64498 
1.01793 0.546686 -0.0872511 2.71474 
0.999965 0.590337 -2.48718e-06 2.67414 
1.00006 0.591221 7.76375e-05 2.67496 
1.00393 0.583794 0.000493763 2.6835 
1.00574 0.575169 -0.00215829 2.68591 
0.89146 0.713696 -0.107071 2.42193 
0.963264 0.645387 0.0213145 2.58885 
0.871706 0.731745 0.0930177 2.37537 
1.00021 0.585299 -0.000260182 2.67308 
1.00076 0.589118 8.84838e-05 2.67604 
0.958636 0.631479 0.161827 2.5782 
0.994059 0.600305 -0.00109227 2.66049 
0.991897 0.602028 0.0444276 2.65538 
0.999364 0.591622 -0.0002616 2.67289 
0.999184 0.591862 -0.000232713 2.67244 
0.980759 0.62254 -0.0184512 2.63069 
0.99592 0.59773 0.00083829 2.6651 
0.966291 0.64129 -0.044414 2.59668 
0.999198 0.591464 -0.012099 2.67236 
0.998577 0.592949 0.00369534 2.67107 
1.00057 0.589497 0.00500678 2.67567 
1.02155 0.550064 0.0231932 2.72411 
1.01858 0.549176 0.0983992 2.71824 
0.980304 0.603084 -0.151942 2.63005 
0.968139 0.640193 0.0216356 2.60113 
1.00588 0.577939 0.0370155 2.68733 
0.888128 0.724277 -0.0947279 2.41883 
0.942548 0.676683 -0.0177069 2.54451 
1.00435 0.582825 0.00644561 2.68438 
1.00368 0.581514 -0.0408739 2.68235 
1.01753 0.554387 -0.0162446 2.71426 
1.00153 0.582626 -0.000410928 2.67617 
1.00644 0.573682 -0.00307916 2.68724 
0.998523 0.593163 -0.00397142 2.67104 
1.00178 0.587548 0.000157426 2.67854 
0.960144 0.649951 0.018471 2.58182 
0.985518 0.613733 -0.0195187 2.64078 
1.00053 0.589706 0.00408194 2.67565 
0.88766 0.723668 0.0983432 2.41685 
1.00949 0.573451 0.00232534 2.69617 
0.852422 0.750756 -0.0108474 2.33095 
1.00005 0.590369 -0.00338826 2.6745 
1.00078 0.589408 0.00117326 2.6763 
0.984599 0.606342 0.0968232 2.63773 
1.00034 0.58522 -0.000290465 2.67335 
1.00091 0.58917 0.000953004 2.67659 
1.00001 0.590394 -0.000173942 2.67432 
1.0007 0.590364 1.19559e-05 2.67658 
1.00356 0.584498 0.000709588 2.68268 
1.00222 0.584814 -0.00517896 2.67858 
1.00016 0.589444 -0.0013481 2.67438 
1.00052 0.590145 0.000578883 2.67585 
1.0001 0.585955 -6.66865e-05 2.67315 
1.00063 0.589665 1.77162e-05 2.67594 
1.00026 0.588822 -0.00106712 2.67438 
1.00067 0.589273 9.83444e-05 2.67586 
0.952955 0.655544 -0.0981988 2.56748 
1.00007 0.590438 -0.000510039 2.67457 
1.00082 0.590111 7.48369e-05 2.67685 
0.917909 0.702946 0.0297691 2.48712 
1.00752 0.574255 0.0494228 2.69122 
1.00129 0.588191 0.0166666 2.6774 
1.01864 0.553723 0.0210422 2.71624 
0.971835 0.635439 -0.0532775 2.61132 
1.0005 0.590464 0.000403056 2.67599 
1.00005 0.59052 -0.000640387 2.67456 
1.00226 0.584613 -0.00749028 2.67862 
0.964599 0.638707 0.071416 2.59111 
1.0003 0.589774 -0.00415715 2.67499 
0.999922 0.590436 -0.0162276 2.67426 
1.00318 0.585014 0.00551323 2.68174 
0.998241 0.592743 -0.0132848 2.66995 
0.928448 0.691904 0.0465853 2.5122 
1.00021 0.588601 -0.00150113 2.67407 
1.001 0.589091 0.00376372 2.67686 
0.99989 0.591385 0.000157239 2.6745 
0.999872 0.591163 -0.000435342 2.67431 
1.00012 0.590282 -0.000679431 2.67467 
1.00069 0.589557 0.000799431 2.67609 
0.968822 0.634455 0.069213 2.6018 
0.968626 0.640007 -0.0481256 2.60361 
0.942862 0.669553 -0.0835659 2.54372 
0.997713 0.594371 -0.00440655 2.66906 
0.989198 0.605042 0.0483828 2.64851 
0.934965 0.680895 -0.0263015 2.52383 
1.00102 0.589712 2.80768e-06 2.67727 
1.00088 0.590028 3.96041e-05 2.67698 
0.999957 0.58637 -5.63998e-05 2.6729 
0.999902 0.587394 -0.000236545 2.67285 
0.992465 0.603184 0.0192186 2.65716 
0.994952 0.599086 0.0176844 2.66288 
0.99813 0.593706 0.00889418 2.67007 
0.979883 0.623221 0.00844094 2.62813 
0.978047 0.627493 0.00352401 2.62481 
0.971326 0.63661 -0.00380487 2.60891 
1.0231 0.543877 -0.042133 2.72811 
1.01951 0.545644 -0.0494461 2.71697 
1.00748 0.572656 -0.0543951 2.69052 
0.985595 0.614724 0.00492172 2.64145 
0.985239 0.61488 0.00276147 2.64037 
0.984466 0.616688 -0.00399403 2.63897 
1.00011 0.590228 -0.000376113 2.67459 
1.00011 0.590105 -0.00035863 2.67451 
1.00015 0.589687 -0.000438022 2.67445 
1.00076 0.590083 0.000187852 2.67661 
1.00071 0.59007 0.000252184 2.67646 
1.00065 0.589999 0.000322786 2.6762 
0.999975 0.590037 -0.0092317 2.67409 
1.00037 0.589468 -0.00777694 2.67506 
1.00104 0.587255 -0.00595811 2.67604 
1.00116 0.588738 0.00723041 2.67719 
1.00129 0.588108 0.00851221 2.67728 
1.0029 0.585311 0.0098382 2.68101 
0.978653 0.624569 -0.0360627 2.62569 
0.981669 0.621077 -0.0352576 2.63328 
0.990324 0.605718 -0.0415506 2.65243 
0.985635 0.614725 -0.00636976 2.64159 
0.986655 0.613405 -0.00514122 2.64411 
0.989324 0.609314 -0.00607685 2.65036 
0.991207 0.605463 0.00158989 2.6542 
0.989714 0.607718 0.00185017 2.65066 
0.987204 0.611772 0.0058057 2.64491 
0.990946 0.606157 -0.0251133 2.65411 
0.99349 0.600901 -0.0254579 2.65935 
0.99893 0.590632 -0.0292647 2.67144 
0.993566 0.60137 0.00485974 2.65951 
0.993364 0.601523 0.00673283 2.65895 
0.995823 0.597276 0.00862872 2.66455 
0.984555 0.614563 -0.0584086 2.63977 
0.989074 0.606239 -0.0593106 2.64957 
0.99473 0.595392 -0.0678712 2.66226 
0.99516 0.597822 0.0221273 2.6629 
0.993156 0.601657 0.0238014 2.65862 
0.988088 0.609051 0.0302627 2.64659 
1.00553 0.577253 -0.0588049 2.68691 
1.00663 0.573547 -0.0665881 2.68888 
1.0024 0.579148 -0.089318 2.6798 
0.999762 0.590728 -8.56974e-05 2.67369 
0.999852 0.590621 -6.50247e-05 2.67393 
0.999923 0.591092 -0.000165331 2.67443 
1.00055 0.590515 1.98807e-05 2.67618 
1.00046 0.590611 5.79988e-05 2.67595 
1.00038 0.590725 0.000277397 2.67574 
1.00595 0.580009 0.000996078 2.68805 
1.00529 0.58125 0.00139534 2.68658 
1.00427 0.583029 0.0034815 2.68421 
1.00302 0.579945 -0.00089917 2.67956 
1.00346 0.579188 -0.00139551 2.68039 
1.00367 0.580737 -0.00496419 2.68097 
0.938622 0.659348 -0.15038 2.53297 
0.930796 0.67387 -0.140938 2.51705 
0.932263 0.679523 -0.105045 2.51993 
0.977073 0.624493 0.0450858 2.62076 
0.972722 0.632098 0.0431069 2.61137 
0.963751 0.645535 0.0458009 2.59139 
0.857761 0.74591 0.0475286 2.34307 
0.871724 0.741471 0.0530075 2.38056 
0.904725 0.712607 0.0506412 2.45518 
1.00012 0.585752 -0.000142058 2.673 
1.00016 0.585878 -0.00022302 2.67305 
1.00032 0.588064 -0.00091448 2.67409 
1.00115 0.588512 0.000125545 2.67701 
1.00103 0.588727 0.000186444 2.67672 
1.00086 0.589184 0.000493672 2.67642 
0.913773 0.687343 0.143868 2.47352 
0.928579 0.674812 0.145696 2.51069 
0.948191 0.655722 0.128411 2.55608 
0.989074 0.608698 -0.00105661 2.64915 
0.990599 0.606576 -0.00140923 2.65287 
0.992982 0.60285 -0.00525962 2.65848 
0.998902 0.591404 0.0267301 2.67159 
0.998278 0.59134 0.0317402 2.66962 
1.0003 0.587537 0.0453772 2.67467 
0.998893 0.593004 -0.00180637 2.67214 
0.999065 0.592734 -0.00142345 2.67255 
0.999452 0.591902 -0.00116997 2.67335 
0.997583 0.594727 -0.000572405 2.66882 
0.998142 0.593791 -0.000588637 2.67012 
0.998525 0.593627 -0.0018552 2.67129 
0.968574 0.640313 -0.0108733 2.60251 
0.97173 0.63549 -0.0163651 2.60962 
0.975082 0.631499 -0.0297021 2.61825 
0.998775 0.593143 0.000386721 2.67184 
0.99815 0.593956 0.000694214 2.67024 
0.997327 0.595266 0.00309991 2.6683 
0.958859 0.653533 -0.0105764 2.58002 
0.95822 0.655179 -0.0207462 2.57924 
0.953534 0.661091 -0.037313 2.569 
0.999907 0.59038 -0.00644618 2.67402 
0.999482 0.590755 -0.00729761 2.67283 
0.998408 0.592447 -0.006509 2.67026 
0.99937 0.592063 0.000931843 2.67318 
0.999284 0.592148 0.00141965 2.67294 
0.999726 0.59132 0.00208361 2.67392 
1.00038 0.589533 0.0100181 2.67508 
1.00028 0.589975 0.00817264 2.675 
0.999195 0.59175 0.00561638 2.67243 
1.02458 0.542367 0.0528512 2.73143 
1.02167 0.544729 0.0465321 2.72251 
1.01353 0.562801 0.0411788 2.70457 
0.997312 0.580956 0.137525 2.66946 
1.00079 0.572751 0.126277 2.67475 
0.99901 0.582798 0.101936 2.67177 
1.01071 0.557352 -0.121399 2.70018 
1.00284 0.56855 -0.126222 2.68056 
0.989513 0.598057 -0.110629 2.6504 
0.981703 0.620082 0.0207281 2.63225 
0.979171 0.623033 0.0241172 2.62592 
0.978479 0.624392 0.0404824 2.62508 
1.00211 0.585848 0.0227794 2.6789 
1.0037 0.583142 0.0248918 2.68267 
1.00757 0.575849 0.0233147 2.69137 
0.927874 0.686635 -0.0928005 2.51001 
0.91835 0.697054 -0.0907368 2.48816 
0.902682 0.715679 -0.0608747 2.45201 
0.953569 0.660351 0.00767712 2.56774 
0.948725 0.666607 0.00380002 2.55665 
0.931107 0.688947 0.009658 2.51733 
1.00682 0.578266 0.0048975 2.68999 
1.00631 0.579075 0.00613063 2.68873 
1.00636 0.578996 0.0101562 2.68891 
1.01331 0.561838 -0.0317925 2.70299 
1.011 0.567428 -0.0324921 2.69842 
1.00671 0.576509 -0.0248959 2.68905 
1.01043 0.56692 -0.00546566 2.69716 
1.01103 0.56491 -0.00791992 2.69786 
1.01008 0.568982 -0.0159001 2.69584 
1.00059 0.584332 -0.000273068 2.67404 
1.00081 0.584061 -0.000402588 2.67441 
1.00127 0.584849 -0.00155884 2.67533 
1.00392 0.580549 -0.00620339 2.6817 
1.00483 0.578521 -0.00642738 2.68354 
1.00661 0.575189 -0.0102258 2.68765 
0.999444 0.590751 -0.00411577 2.67268 
0.999316 0.591012 -0.00373313 2.67241 
0.9994 0.591667 -0.00237402 2.67306 
1.00266 0.5861 0.000259851 2.68062 
1.00242 0.586543 0.000375379 2.68007 
1.00209 0.587124 0.00110657 2.67932 
0.95676 0.653582 0.0444002 2.57433 
0.955514 0.656048 0.0376428 2.57172 
0.944687 0.67145 0.0279331 2.5477 
0.994705 0.598662 -0.0198566 2.66187 
0.993011 0.601985 -0.0196981 2.65827 
0.991104 0.604623 -0.0137644 2.65347 
0.999399 0.591631 0.00458256 2.67302 
0.99974 0.591025 0.0041161 2.6738 
1.00016 0.590477 0.00228898 2.67487 
0.911484 0.705349 0.0581843 2.47063 
0.90936 0.705736 0.0719961 2.46545 
0.926477 0.68374 0.105005 2.5049 
1.01497 0.563097 0.00780384 2.70878 
1.01288 0.566354 0.00754616 2.70356 
1.00951 0.572628 0.0106665 2.69583 
0.864186 0.740745 -0.0595173 2.35862 
0.86959 0.742691 -0.0497497 2.37552 
0.889079 0.728714 -0.0340423 2.42005 
1.00017 0.58977 -0.00201974 2.67457 
1.00009 0.59035 -0.00221767 2.67463 
0.999798 0.590433 -0.00208589 2.67367 
1.00083 0.589245 0.00250749 2.67637 
1.00075 0.58942 0.00203982 2.67622 
1.00042 0.590092 0.00151599 2.6755 
0.975207 0.614632 0.13044 2.61617 
0.976435 0.616449 0.120448 2.61999 
0.966032 0.63245 0.108728 2.59507 
1.00035 0.588195 -0.00112189 2.67426 
1.00043 0.587489 -0.00100577 2.67408 
1.0007 0.586504 -0.00135414 2.67443 
1.00136 0.588321 0.000631711 2.6776 
1.00131 0.588469 0.000819372 2.67752 
1.00147 0.588278 0.00138197 2.67792 
0.999976 0.590946 -4.84759e-05 2.67453 
1 0.591045 -0.000103733 2.67468 
0.999994 0.590888 -0.000189826 2.67456 
1.00076 0.590243 4.17933e-05 2.67673 
1.00072 0.590297 4.89974e-05 2.67662 
1.00062 0.590401 0.000121956 2.67635 
1.00382 0.583959 0.00341511 2.68323 
1.00357 0.584401 0.0026111 2.68265 
1.0027 0.586081 0.00190933 2.68073 
1.00231 0.58238 -0.00202765 2.6774 
1.00222 0.583293 -0.00275799 2.67759 
1.00136 0.586223 -0.00300445 2.6765 
1.00011 0.590284 -0.000926949 2.67463 
1.00007 0.590308 -0.0010645 2.67451 
0.999918 0.590432 -0.00142303 2.67406 
1.00057 0.589863 0.00083009 2.67587 
1.00051 0.589987 0.000830274 2.67574 
1.00037 0.590311 0.00096979 2.67547 
1.0001 0.586126 -5.89858e-05 2.67323 
1.00015 0.586197 -9.43559e-05 2.67329 
1.00038 0.587922 -0.000285788 2.67421 
1.00057 0.58952 2.80915e-05 2.67566 
1.00057 0.589579 5.60592e-05 2.67569 
1.00061 0.589753 0.000150586 2.67595 
1.00038 0.587243 -0.000369335 2.67376 
1.00036 0.588226 -0.000553376 2.67428 
1.0003 0.589058 -0.000563532 2.67465 
1.00075 0.58938 0.00047606 2.67618 
1.00069 0.58943 0.000341607 2.676 
1.00058 0.589694 0.000228213 2.67581 
0.962216 0.637224 -0.133564 2.58941 
0.962956 0.637377 -0.121722 2.5901 
0.978001 0.619345 -0.100383 2.62468 
1.00005 0.590293 -0.000244238 2.67442 
1.00006 0.590421 -0.000273559 2.67453 
0.999985 0.590754 -0.0003955 2.67446 
1.00067 0.590157 0.0002991 2.67635 
1.00069 0.590175 0.000259666 2.67644 
1.00066 0.590282 0.000253232 2.6764 
0.886981 0.731101 0.014508 2.41511 
0.895977 0.723385 0.0133469 2.43585 
0.908197 0.712914 -0.00606048 2.46454 
1.01331 0.560182 0.0713647 2.70405 
1.01017 0.566441 0.0683273 2.69679 
1.00067 0.583655 0.0741629 2.67527 
1.00366 0.583983 0.010637 2.68276 
1.00354 0.584176 0.0125987 2.6825 
1.00483 0.581839 0.0165966 2.6855 
1.01268 0.565399 0.0353293 2.70294 
1.01347 0.563828 0.0305324 2.70459 
1.01138 0.569045 0.0190891 2.70019 
0.961553 0.64693 -0.0738574 2.5871 
0.966643 0.641361 -0.0719375 2.59965 
0.97909 0.621591 -0.0794069 2.6278 
1.0005 0.590323 0.000499446 2.67592 
1.00047 0.59038 0.000521508 2.67584 
1.00031 0.590539 0.000823368 2.6754 
0.999954 0.590801 -0.000512032 2.67439 
0.999958 0.590705 -0.000604648 2.67435 
0.999875 0.590703 -0.00103236 2.67407 
1.00115 0.587115 -0.0126602 2.67636 
1.00182 0.585768 -0.0116682 2.67782 
1.00395 0.581593 -0.0117446 2.68253 
0.977259 0.621296 0.0873598 2.62219 
0.971923 0.62931 0.0860175 2.60984 
0.957908 0.648447 0.0900391 2.57764 
1.00112 0.58704 -0.0051479 2.67619 
1.00087 0.587573 -0.00459167 2.67566 
1.00076 0.587729 -0.00326343 2.67539 
1.00174 0.58677 -0.0269776 2.67848 
1.00138 0.587009 -0.0236771 2.67731 
1.00306 0.583621 -0.0182068 2.68082 
1.0016 0.587839 0.0047891 2.6781 
1.00204 0.587201 0.00474858 2.67922 
1.00241 0.586462 0.00324428 2.68001 
0.997847 0.593468 -0.0070837 2.669 
0.997528 0.593854 -0.00855165 2.66819 
0.995309 0.59786 -0.0115321 2.66325 
0.951017 0.660469 0.066044 2.56192 
0.945073 0.668161 0.0668459 2.54845 
0.938286 0.675712 0.0826128 2.53367 
1.00024 0.589447 -0.00263004 2.67463 
1.0003 0.588907 -0.00231078 2.67454 
1.00045 0.58809 -0.00202556 2.6746 
1.001 0.589059 0.00179093 2.67684 
1.00109 0.588865 0.00218067 2.67701 
1.00162 0.587999 0.0028319 2.67825 
1.00029 0.590773 0.000358324 2.67548 
1.00021 0.590913 0.000432677 2.67528 
1.00001 0.591093 0.000847588 2.67472 
0.999621 0.591315 -0.000429728 2.67356 
0.999665 0.591502 -0.000506968 2.67382 
0.999757 0.591135 -0.000924028 2.67392 
1.0002 0.589798 -0.00103141 2.6747 
1.00019 0.589901 -0.000882463 2.6747 
1.00023 0.589541 -0.000600296 2.67468 
1.00054 0.589996 0.000611184 2.67583 
1.00056 0.589922 0.000598325 2.67588 
1.00058 0.589873 0.000381687 2.6759 
0.982329 0.61565 0.0567111 2.63295 
0.979999 0.618414 0.0620978 2.62739 
0.979532 0.618037 0.0812589 2.62703 
0.952247 0.663255 -0.0448311 2.56672 
0.955651 0.658095 -0.0500781 2.57428 
0.957243 0.654583 -0.0671041 2.57795 
0.937726 0.678689 -0.0498174 2.5318 
0.936345 0.680709 -0.0568957 2.52927 
0.92457 0.693685 -0.0611042 2.5023 
0.996028 0.597595 -0.00274748 2.66538 
0.996231 0.597623 -0.00372317 2.66607 
0.995435 0.598062 -0.00684357 2.66373 
1.00006 0.587167 0.0513279 2.67392 
0.997041 0.592493 0.0541712 2.66719 
0.990212 0.602502 0.0673504 2.65143 
0.924345 0.694185 0.00344241 2.50002 
0.926076 0.692831 -0.0068981 2.50443 
0.922387 0.697295 -0.0277024 2.49662 
1.00081 0.589686 -6.77942e-06 2.67655 
1.00083 0.589705 3.12319e-05 2.67663 
1.00078 0.589812 0.000150533 2.67654 
1.00099 0.589818 3.74801e-05 2.67722 
1.00093 0.589879 6.19604e-05 2.67708 
1.00078 0.589969 0.000177383 2.67663 
0.999799 0.586662 -6.16102e-05 2.67254 
0.999929 0.586628 -8.50296e-05 2.6728 
1.00025 0.587991 -0.000256639 2.67382 
1 0.58964 -0.00032697 2.67394 
1.00003 0.589452 -0.000343347 2.67395 
1.00017 0.588698 -0.000347167 2.67399 
0.995823 0.59755 0.019221 2.66487 
0.997779 0.594358 0.016318 2.6694 
0.998563 0.592857 0.0118405 2.67103 
0.978023 0.627117 -0.00292514 2.62449 
0.977672 0.627097 -0.0105355 2.6234 
0.976066 0.629227 -0.0114117 2.61956 
1.0245 0.541177 -0.0603259 2.73229 
1.01793 0.545905 -0.0691529 2.71287 
1.01219 0.560787 -0.0649854 2.70045 
0.986314 0.613454 0.00140266 2.64301 
0.98636 0.613223 0.000409102 2.64301 
0.986117 0.613843 -0.00109648 2.6426 
1.00007 0.590142 -0.000294523 2.67441 
1.00006 0.59002 -0.000295705 2.67429 
1.00008 0.589856 -0.000352648 2.67428 
1.00067 0.590102 0.000304644 2.67634 
1.00062 0.590084 0.000370066 2.67617 
1.00062 0.590047 0.00037799 2.67614 
1.00012 0.589928 -0.00660069 2.6745 
1.00034 0.589666 -0.00546281 2.67508 
1.00051 0.588583 -0.00530517 2.67504 
1.00117 0.588563 0.0102955 2.67714 
1.00128 0.588088 0.0125108 2.67725 
1.00206 0.586729 0.0124792 2.67906 
0.981002 0.621028 -0.0281161 2.63081 
0.983233 0.618167 -0.0277172 2.63628 
0.985132 0.614246 -0.0323294 2.64022 
0.986626 0.612902 -0.00248651 2.64369 
0.987262 0.612142 -0.00196745 2.64531 
0.987741 0.611272 -0.00278635 2.64635 
0.988828 0.609483 0.00140987 2.64882 
0.987649 0.611186 0.000956238 2.64599 
0.987252 0.611849 0.00226564 2.6451 
0.995512 0.597918 -0.0226139 2.66417 
0.997609 0.594072 -0.0207684 2.6688 
0.998568 0.591095 -0.0224056 2.67029 
0.992025 0.60399 0.00891858 2.65604 
0.991567 0.60409 0.0114899 2.65462 
0.993228 0.601408 0.0118385 2.65848 
0.993293 0.599919 -0.0547554 2.6594 
0.996909 0.593311 -0.0532376 2.66733 
0.997398 0.59171 -0.0570799 2.66827 
0.991008 0.604799 0.0217953 2.65339 
0.988763 0.60885 0.0209293 2.64845 
0.987601 0.610709 0.0234982 2.64584 
1.00998 0.567799 -0.0699414 2.69703 
1.01325 0.560414 -0.0815884 2.70506 
1.01039 0.564569 -0.0906156 2.69856 
0.999899 0.590502 -3.29611e-05 2.67401 
0.999944 0.590465 -4.44307e-05 2.67414 
0.999939 0.590604 -7.42212e-05 2.6742 
1.00035 0.59075 3.52226e-05 2.67567 
1.00022 0.590937 0.000131495 2.67534 
1.00024 0.590932 0.000221218 2.67539 
1.00479 0.582169 0.0006884 2.68544 
1.00431 0.583095 0.000990418 2.68437 
1.00417 0.583277 0.00180894 2.68401 
1.00417 0.577915 -0.00132812 2.68224 
1.00469 0.576903 -0.00210066 2.68318 
1.00474 0.577724 -0.00376527 2.68302 
0.915047 0.687999 -0.135254 2.47784 
0.910572 0.700176 -0.120752 2.4711 
0.916466 0.695978 -0.110596 2.48408 
0.96916 0.637202 0.0358081 2.60291 
0.965145 0.643899 0.0301356 2.59414 
0.963221 0.647221 0.0328764 2.59029 
0.864556 0.739715 0.0708638 2.35906 
0.878223 0.734315 0.074867 2.39525 
0.891578 0.723638 0.0665743 2.42538 
1.00014 0.585569 -0.000188891 2.673 
1.0002 0.58565 -0.000291526 2.67308 
1.00036 0.586445 -0.00059488 2.67339 
1.00092 0.588857 9.32634e-05 2.67644 
1.00083 0.589022 0.000149914 2.67625 
1.00082 0.589116 0.000261204 2.67625 
0.9375 0.659755 0.156728 2.52942 
0.950599 0.64605 0.154535 2.56123 
0.953637 0.645164 0.144773 2.56862 
0.991559 0.604585 -0.00123116 2.65483 
0.993208 0.602219 -0.00141346 2.65884 
0.993558 0.601321 -0.00280457 2.65946 
0.996429 0.594383 0.0353344 2.6654 
0.995076 0.596531 0.0424781 2.6625 
0.995905 0.595345 0.0458191 2.6647 
0.999131 0.592296 -0.000854237 2.67252 
0.999283 0.591905 -0.000638487 2.67279 
0.999343 0.591871 -0.000736194 2.67297 
0.998585 0.593034 -0.000322243 2.67114 
0.998904 0.592434 -0.00039756 2.67185 
0.998856 0.592522 -0.000845591 2.67174 
0.975332 0.630009 -0.0169188 2.61777 
0.97812 0.625708 -0.0195868 2.62413 
0.978084 0.625599 -0.0234139 2.62404 
0.997608 0.59499 0.000611774 2.66906 
0.996682 0.596246 0.00100384 2.66674 
0.996568 0.596545 0.00197842 2.66654 
0.960982 0.651426 -0.0300062 2.58576 
0.961993 0.64845 -0.0400665 2.58745 
0.960549 0.64979 -0.0422875 2.58388 
0.999677 0.590679 -0.0088678 2.67345 
0.99904 0.591364 -0.00992806 2.67175 
0.998589 0.592055 -0.0088294 2.67064 
0.998994 0.592533 0.00198448 2.6722 
0.998967 0.592589 0.00275666 2.67215 
0.999273 0.591997 0.00284127 2.67282 
1.00054 0.589478 0.00707741 2.67558 
1.0004 0.589848 0.00577699 2.6753 
0.99992 0.590595 0.00544679 2.67415 
1.02381 0.545026 0.0359527 2.72945 
1.02064 0.548464 0.0319389 2.72045 
1.01742 0.555125 0.0342546 2.71324 
1.01006 0.562322 0.118018 2.6989 
1.01157 0.556572 0.107852 2.69956 
1.0085 0.564686 0.103414 2.6933 
0.998312 0.576481 -0.139155 2.67179 
0.988543 0.591258 -0.14101 2.64831 
0.985223 0.601363 -0.130065 2.64103 
0.97622 0.628598 0.0237553 2.61983 
0.972222 0.635038 0.0271239 2.61115 
0.971978 0.634712 0.0326146 2.61032 
1.00395 0.582097 0.027985 2.683 
1.00572 0.579222 0.0312609 2.68733 
1.0072 0.575919 0.0302542 2.69036 
0.911635 0.70376 -0.0960124 2.4732 
0.897773 0.716297 -0.0907818 2.44055 
0.894995 0.720814 -0.0770304 2.43428 
0.947682 0.66839 -0.00133552 2.55459 
0.942556 0.676336 -0.00829429 2.54411 
0.935847 0.684949 -0.00677474 2.52924 
1.00555 0.580643 0.00599853 2.68711 
1.00505 0.581601 0.00682118 2.686 
1.00527 0.581069 0.00803993 2.68644 
1.00889 0.571219 -0.037727 2.69371 
1.00643 0.577289 -0.0369684 2.68894 
1.00576 0.57814 -0.0325252 2.68705 
1.01361 0.561282 -0.0096786 2.70475 
1.01412 0.558992 -0.0131293 2.70502 
1.01341 0.562295 -0.0160449 2.70367 
1.00099 0.583591 -0.000325326 2.67493 
1.00126 0.583226 -0.000495586 2.67545 
1.00147 0.583525 -0.00101478 2.6756 
1.00526 0.577007 -0.00510078 2.68413 
1.00634 0.574766 -0.00502483 2.68673 
1.00692 0.573824 -0.00655864 2.68802 
0.999015 0.591607 -0.00411462 2.67176 
0.998903 0.592468 -0.00368313 2.67189 
0.999062 0.592277 -0.00306289 2.6723 
1.00219 0.586896 0.000200454 2.67952 
1.00198 0.587258 0.000284014 2.67904 
1.00195 0.587341 0.000545465 2.67899 
0.957867 0.6536 0.0305685 2.57732 
0.957229 0.654771 0.0234155 2.57588 
0.953613 0.66017 0.0222579 2.568 
0.990407 0.605759 -0.0213925 2.652 
0.9886 0.609319 -0.0195265 2.64819 
0.98873 0.608321 -0.0168299 2.64795 
0.999996 0.590679 0.00444101 2.67445 
1.00025 0.590197 0.00387395 2.67499 
1.00029 0.590213 0.00304384 2.67515 
0.900571 0.714116 0.0748666 2.44546 
0.899102 0.713728 0.0915214 2.44238 
0.909058 0.702326 0.105412 2.46524 
1.01196 0.568787 0.00425777 2.70181 
1.01035 0.571451 0.00445629 2.69791 
1.00963 0.572573 0.00638148 2.69615 
0.857966 0.746549 -0.0340511 2.34398 
0.862363 0.748146 -0.0266699 2.35795 
0.872443 0.74132 -0.0260576 2.38116 
1.00013 0.590151 -0.00261293 2.67462 
1.00003 0.590508 -0.00290516 2.67449 
0.999871 0.590534 -0.00265889 2.67397 
1.00083 0.58929 0.00173956 2.67641 
1.00075 0.58947 0.00141318 2.67622 
1.0006 0.589736 0.00140726 2.6759 
0.980883 0.610167 0.11199 2.62957 
0.981322 0.610905 0.104286 2.63059 
0.976628 0.618122 0.103938 2.61973 
1.00048 0.58663 -0.000768239 2.67373 
1.00048 0.585759 -0.000629011 2.67344 
1.00062 0.585702 -0.000779245 2.67384 
1.00113 0.588783 0.00085286 2.6771 
1.00107 0.58894 0.000981819 2.67698 
1.00116 0.588772 0.00115576 2.67717 
0.999995 0.590927 -0.000107229 2.67459 
1.00001 0.590704 -0.0001185 2.67452 
1.00002 0.590706 -0.000139027 2.67454 
1.00072 0.590323 2.44278e-05 2.67664 
1.00069 0.590355 2.58093e-05 2.67655 
1.00066 0.590376 5.12433e-05 2.67648 
1.00374 0.584126 0.00196388 2.68308 
1.00345 0.584652 0.00131237 2.68241 
1.00313 0.585293 0.00141235 2.6817 
1.00236 0.583385 -0.00353453 2.67813 
1.00215 0.584751 -0.00425508 2.67828 
1.00173 0.585614 -0.0039579 2.6774 
1.00013 0.590097 -0.00116945 2.67463 
1.00011 0.590067 -0.00135227 2.67452 
1.00006 0.590538 -0.00141458 2.67461 
1.00051 0.590039 0.000696862 2.67578 
1.00049 0.590128 0.00068337 2.67575 
1.00045 0.590206 0.000750954 2.67568 
1.00011 0.586038 -7.01668e-05 2.67324 
1.00015 0.586114 -0.000111211 2.67325 
1.00032 0.58662 -0.000201065 2.67356 
1.00057 0.589617 3.49474e-05 2.67571 
1.0006 0.589658 4.29511e-05 2.67584 
1.00062 0.589697 7.84396e-05 2.67592 
1.00034 0.588599 -0.000711406 2.67446 
1.00029 0.588807 -0.00083663 2.67448 
1.00027 0.588974 -0.00077995 2.67451 
1.00072 0.589296 0.000267351 2.67603 
1.00065 0.58936 0.00016924 2.67583 
1.0006 0.589494 0.000177543 2.67576 
0.956552 0.648292 -0.115662 2.57605 
0.958143 0.647009 -0.105528 2.57906 
0.966259 0.636775 -0.102113 2.59799 
1.00007 0.590366 -0.000337383 2.67454 
1.00007 0.590479 -0.000420647 2.67458 
1.00003 0.590598 -0.000442412 2.67451 
1.00075 0.590133 0.00018153 2.67662 
1.00077 0.590149 0.000143323 2.67668 
1.00074 0.590194 0.00016818 2.67661 
0.903356 0.716022 0.0232844 2.45256 
0.910861 0.709272 0.0215581 2.47012 
0.911911 0.709118 0.0133058 2.47304 
1.01015 0.567975 0.0591983 2.69701 
1.00751 0.573188 0.056764 2.69098 
1.00497 0.577745 0.0610941 2.68531 
1.00266 0.58563 0.0136943 2.68045 
1.00227 0.586256 0.0158255 2.67953 
1.00295 0.585189 0.0169427 2.68118 
1.01599 0.559505 0.0293148 2.71063 
1.01611 0.558717 0.0237215 2.71045 
1.01465 0.562699 0.0201135 2.70765 
0.966742 0.641153 -0.0631161 2.59925 
0.970786 0.635524 -0.0614609 2.60851 
0.974324 0.630027 -0.0667425 2.61678 
1.00049 0.590406 0.000452004 2.67593 
1.00046 0.590454 0.000464773 2.67584 
1.0004 0.59051 0.000566477 2.67569 
1 0.590648 -0.000569374 2.67447 
1.00001 0.590606 -0.000670884 2.67447 
0.99998 0.59063 -0.000803374 2.67438 
1.00192 0.585572 -0.0102471 2.67805 
1.00241 0.584514 -0.00897022 2.67908 
1.00303 0.583134 -0.00920341 2.68034 
0.970548 0.632642 0.0804678 2.6071 
0.965269 0.640212 0.0770576 2.59473 
0.961311 0.645834 0.0800113 2.58596 
1.00064 0.588241 -0.00460193 2.67528 
1.00045 0.588749 -0.00415536 2.67492 
1.00056 0.588471 -0.00371719 2.67512 
1.00062 0.588263 -0.0206992 2.67543 
1.00041 0.588334 -0.0182218 2.67472 
1.00118 0.586986 -0.017363 2.67647 
1.00232 0.586543 0.00514331 2.67976 
1.00281 0.585772 0.00497577 2.68093 
1.0028 0.585685 0.00434 2.68085 
0.99788 0.593127 -0.00970696 2.66893 
0.997631 0.593667 -0.0117619 2.66845 
0.996723 0.595199 -0.0127856 2.66636 
0.939642 0.675947 0.0595911 2.53637 
0.933151 0.684417 0.0586258 2.52199 
0.931839 0.685704 0.0659276 2.51939 
1.00022 0.588913 -0.0019661 2.67427 
1.00026 0.588608 -0.00172237 2.67426 
1.00029 0.588462 -0.00177983 2.67427 
1.00105 0.588924 0.00261416 2.67692 
1.00111 0.588771 0.00327486 2.67703 
1.00133 0.588433 0.00336875 2.67756 
1.00011 0.591033 0.000323425 2.67504 
1.00001 0.591226 0.000346939 2.67479 
0.999934 0.591278 0.000531249 2.67459 
0.999758 0.591425 -0.000460747 2.67408 
0.999797 0.591257 -0.000523972 2.67412 
0.999818 0.591166 -0.000644904 2.67414 
1.00016 0.590111 -0.000842455 2.6747 
1.00016 0.590125 -0.000729227 2.67472 
1.00018 0.589944 -0.000661027 2.6747 
1.00058 0.589829 0.000712994 2.67587 
1.00063 0.589712 0.000676275 2.67598 
1.0006 0.589756 0.000532054 2.67591 
0.97663 0.623525 0.0634404 2.61969 
0.973423 0.62848 0.0698742 2.61292 
0.973589 0.627912 0.0756093 2.61353 
0.960812 0.650963 -0.048217 2.58584 
0.963824 0.645682 -0.0519585 2.59217 
0.962994 0.646922 -0.0576387 2.59066 
0.939334 0.675755 -0.0668701 2.53575 
0.938779 0.675001 -0.0747218 2.534 
0.934133 0.680977 -0.0737527 2.52368 
0.996904 0.59649 -0.00379261 2.66762 
0.997119 0.595373 -0.00461328 2.66769 
0.996779 0.595822 -0.00546842 2.66684 
0.994561 0.597058 0.0513102 2.66156 
0.991184 0.602699 0.0523192 2.65384 
0.989705 0.604943 0.0572524 2.65062 
0.929767 0.689551 -0.0142669 2.51361 
0.931729 0.687725 -0.021667 2.51854 
0.929941 0.689326 -0.0265756 2.51419 
1.00091 0.589698 -1.48504e-06 2.67692 
1.00094 0.589721 3.2514e-05 2.677 
1.0009 0.589768 8.27079e-05 2.67689 
1.00093 0.58992 4.28071e-05 2.6771 
1.00088 0.589987 6.22784e-05 2.67697 
1.00084 0.590001 0.000109642 2.67684 
0.999911 0.586451 -2.00088e-05 2.67278 
0.999985 0.586515 -8.2025e-05 2.67293 
1.00015 0.586853 -0.00016253 2.67316 
0.999989 0.588932 -0.000387246 2.67349 
1.00001 0.58812 -0.000322512 2.67315 
1.00007 0.587947 -0.000327343 2.67333 
0.989258 0.60873 0.0163566 2.64992 
0.992011 0.604136 0.0171535 2.6562 
0.99376 0.600509 0.0136945 2.65971 
0.995447 0.597627 0.0123423 2.66355 
0.996257 0.596346 0.0133592 2.66547 
0.997545 0.594025 0.011393 2.66834 
0.996429 0.59661 0.00981203 2.66617 
0.997445 0.59464 0.00840123 2.66835 
0.998036 0.593981 0.00634466 2.6699 
0.984243 0.616644 0.0147593 2.63832 
0.981812 0.621048 0.0131872 2.63309 
0.980435 0.622209 0.0155465 2.62937 
0.977435 0.628183 0.0122977 2.62332 
0.975465 0.630276 0.00529311 2.6182 
0.97401 0.631794 -0.00420551 2.61448 
0.974887 0.630363 0.0152656 2.61648 
0.971461 0.636288 0.0064668 2.60914 
0.968383 0.642903 0.0084272 2.60363 
1.02075 0.548783 -0.0290207 2.72228 
1.01869 0.548571 -0.0348553 2.71518 
1.01573 0.55773 -0.0372231 2.70932 
1.01332 0.561551 -0.0440532 2.70331 
1.01555 0.557222 -0.0500179 2.70897 
1.01217 0.563282 -0.057022 2.70105 
1.01008 0.569082 -0.0433038 2.6967 
1.00699 0.574369 -0.0477537 2.68957 
1.0038 0.581537 -0.0452306 2.68296 
0.984771 0.615467 0.011788 2.63927 
0.983797 0.617011 0.00797571 2.63701 
0.981784 0.620348 0.00645751 2.6325 
0.981959 0.620112 0.00212933 2.63291 
0.984455 0.616782 0.000620397 2.63898 
0.984882 0.615745 -0.00123865 2.63973 
0.98044 0.622403 -0.00246095 2.62939 
0.982474 0.619594 -0.00520104 2.63427 
0.982158 0.619004 -0.0114975 2.63294 
1.00013 0.590306 -0.000536441 2.67469 
1.00014 0.590185 -0.000484591 2.67466 
1.00017 0.58999 -0.000552435 2.67467 
1.00018 0.589867 -0.000500928 2.67464 
1.00013 0.589933 -0.000417452 2.6745 
1.00012 0.589822 -0.000400676 2.67443 
1.0002 0.589645 -0.000535878 2.67463 
1.0002 0.589563 -0.000471717 2.67459 
1.00023 0.589336 -0.0004643 2.67458 
1.00083 0.590065 7.89655e-05 2.67685 
1.0008 0.590053 0.000139937 2.67673 
1.0008 0.59003 0.000154063 2.67671 
1.00075 0.590022 0.000212997 2.67655 
1.00071 0.590044 0.000263766 2.67643 
1.00065 0.590032 0.000319359 2.67625 
1.00074 0.589995 0.000220993 2.67651 
1.00068 0.589985 0.000269541 2.67632 
1.00067 0.589955 0.000270188 2.67625 
0.999632 0.59047 -0.0128377 2.67325 
1.00027 0.58958 -0.0109179 2.67483 
1.00075 0.587844 -0.0109501 2.67544 
1.00105 0.58731 -0.00910745 2.67613 
1.00066 0.588091 -0.0076901 2.67525 
1.00083 0.58789 -0.00626015 2.6757 
1.0015 0.586274 -0.0089141 2.67702 
1.00157 0.586339 -0.00706846 2.67729 
1.0019 0.585356 -0.00664407 2.67783 
1.00103 0.588971 0.00510781 2.67689 
1.00119 0.588474 0.00598162 2.67713 
1.0016 0.587886 0.00581479 2.67815 
1.00189 0.587128 0.00673659 2.67869 
1.00194 0.58718 0.00832028 2.67887 
1.00225 0.586536 0.0101616 2.67954 
1.00239 0.586474 0.00641481 2.67997 
1.00282 0.585608 0.00769076 2.68088 
1.00332 0.584525 0.00723482 2.68193 
0.976811 0.627229 -0.0479262 2.6219 
0.979765 0.621509 -0.0453022 2.62777 
0.984292 0.614984 -0.0519997 2.63881 
0.986662 0.610251 -0.0481148 2.64349 
0.984139 0.615089 -0.040294 2.63782 
0.986715 0.612042 -0.0385195 2.64431 
0.991897 0.602751 -0.0503508 2.65625 
0.993016 0.600314 -0.0463805 2.65829 
0.997386 0.593964 -0.0460198 2.66892 
0.98504 0.615264 -0.0146936 2.64009 
0.985868 0.613503 -0.011802 2.64166 
0.987816 0.610678 -0.0135985 2.64634 
0.988217 0.609795 -0.0109129 2.64708 
0.987481 0.611823 -0.00659781 2.64585 
0.98818 0.61098 -0.00519734 2.64762 
0.990092 0.607148 -0.0117692 2.65164 
0.990133 0.606969 -0.00935857 2.65163 
0.991856 0.604773 -0.00988014 2.65598 
0.993711 0.601241 0.00126512 2.6599 
0.992354 0.603301 0.00200399 2.65667 
0.992245 0.603455 0.00405377 2.65641 
0.990799 0.606114 0.00519116 2.65326 
0.989377 0.608233 0.00393286 2.64987 
0.988022 0.61066 0.00376701 2.6469 
0.990314 0.606509 0.00769592 2.65192 
0.988623 0.6098 0.0080294 2.64837 
0.987588 0.611221 0.011089 2.64588 
0.98511 0.615921 -0.0223508 2.64085 
0.987431 0.610933 -0.026221 2.6455 
0.987686 0.610145 -0.0301285 2.64598 
0.991374 0.603015 -0.0319785 2.65386 
0.994794 0.598271 -0.0287389 2.66221 
0.997498 0.593284 -0.0265842 2.66814 
0.992495 0.601827 -0.0365351 2.65704 
0.996765 0.594389 -0.0346334 2.66665 
0.99834 0.590503 -0.0382692 2.66974 
0.994691 0.599391 0.00170255 2.66203 
0.994614 0.599538 0.00316586 2.66187 
0.995552 0.598076 0.00324588 2.6641 
0.995578 0.597963 0.00473431 2.66412 
0.994635 0.599615 0.00678965 2.66201 
0.994676 0.599477 0.00875383 2.66207 
0.996488 0.596465 0.004625 2.66624 
0.996692 0.596145 0.00599222 2.66673 
0.997454 0.594668 0.00558946 2.66838 
0.974978 0.629481 -0.0551222 2.61771 
0.978987 0.622768 -0.0601219 2.62682 
0.978334 0.623667 -0.06461 2.6256 
0.98337 0.614385 -0.0681862 2.63648 
0.989846 0.605272 -0.0644893 2.65194 
0.994147 0.598074 -0.063173 2.66164 
0.983293 0.615403 -0.074083 2.63725 
0.989281 0.604274 -0.0744024 2.65005 
0.988951 0.599582 -0.0795042 2.64648 
0.9991 0.591571 0.0195561 2.67218 
0.997399 0.594396 0.0226024 2.66827 
0.997473 0.594159 0.0253289 2.66844 
0.995081 0.598256 0.0287132 2.66306 
0.992236 0.602633 0.0273602 2.65627 
0.989439 0.607639 0.0268046 2.65007 
0.994687 0.59845 0.0323546 2.66197 
0.991102 0.604302 0.0335453 2.6537 
0.990117 0.607528 0.0387243 2.65264 
1.00269 0.584673 -0.0481745 2.68123 
1.00313 0.582847 -0.0548717 2.68197 
1.00177 0.585606 -0.0582684 2.67923 
1.00167 0.583646 -0.0664082 2.6782 
1.00407 0.577154 -0.0717311 2.68278 
1.00585 0.573686 -0.0826359 2.68759 
1.00002 0.58742 -0.0696339 2.67517 
0.99916 0.585411 -0.0795817 2.67181 
0.99649 0.591576 -0.0836665 2.66698 
0.999541 0.591172 -8.36324e-05 2.67322 
0.999662 0.59096 -0.000118177 2.67349 
0.999655 0.591059 -0.000244084 2.67353 
0.999779 0.590981 -0.000213775 2.67389 
0.999854 0.590746 -0.000138548 2.674 
0.999916 0.590784 -0.000111722 2.67423 
0.999782 0.591279 -0.000299885 2.67408 
0.999874 0.591225 -0.000241206 2.67435 
0.999877 0.591149 -0.00029198 2.67432 
1.00066 0.59039 8.95917e-07 2.67649 
1.00062 0.590434 3.22059e-05 2.67636 
1.00062 0.590422 4.90116e-05 2.67637 
1.00056 0.590482 9.95265e-05 2.67619 
1.00047 0.590595 0.000103054 2.67597 
1.00036 0.590737 0.000210272 2.67569 
1.00057 0.590468 0.000125692 2.67623 
1.00049 0.590565 0.000237695 2.676 
1.00051 0.590504 0.000280516 2.67604 
1.00747 0.577053 0.00173639 2.69146 
1.00659 0.578779 0.00211188 2.68949 
1.00626 0.57927 0.00358587 2.68869 
1.00554 0.580704 0.00367914 2.6871 
1.00507 0.581557 0.00247207 2.68602 
1.00454 0.582642 0.00263789 2.68487 
1.0052 0.581244 0.00483254 2.68628 
1.00459 0.582481 0.00467382 2.68496 
1.00421 0.583253 0.0055243 2.68413 
1.0022 0.581478 -0.000672757 2.67767 
1.00254 0.580897 -0.00102036 2.67831 
1.00271 0.581421 -0.00199902 2.67839 
1.00304 0.581084 -0.00276901 2.67908 
1.00361 0.579784 -0.00266822 2.68043 
1.00398 0.579341 -0.00373482 2.6812 
1.00288 0.582214 -0.0037357 2.67917 
1.003 0.58223 -0.00471033 2.6796 
1.00269 0.583797 -0.00554861 2.67955 
0.960244 0.63143 -0.158067 2.58412 
0.951721 0.645572 -0.150946 2.56494 
0.952094 0.648661 -0.139158 2.56568 
0.945084 0.661352 -0.129567 2.55052 
0.9334 0.673548 -0.128786 2.52252 
0.92791 0.684262 -0.115025 2.51104 
0.946925 0.659621 -0.118455 2.55355 
0.941865 0.668789 -0.107374 2.54256 
0.944814 0.666063 -0.0982642 2.54896 
0.984928 0.612509 0.0473321 2.639 
0.981087 0.618553 0.0486509 2.63024 
0.980541 0.61943 0.0518242 2.6292 
0.975659 0.627826 0.0527783 2.61866 
0.970557 0.63479 0.0472219 2.60637 
0.965844 0.642081 0.0417243 2.59563 
0.974571 0.627997 0.0565374 2.61545 
0.968823 0.637127 0.0544386 2.60257 
0.96754 0.64177 0.0587628 2.60185 
0.854659 0.748678 0.0238102 2.33557 
0.867722 0.745811 0.0294823 2.37149 
0.88293 0.733622 0.0269248 2.40559 
0.89005 0.726818 0.0366169 2.42143 
0.886328 0.730028 0.0465368 2.41359 
0.894182 0.721771 0.0552143 2.43077 
0.900586 0.71747 0.0341193 2.44564 
0.907482 0.710915 0.0408919 2.46175 
0.916035 0.70299 0.0374188 2.48168 
1.00014 0.585917 -0.000124973 2.67315 
1.00016 0.586024 -0.000208426 2.67314 
1.00035 0.586857 -0.000393565 2.6736 
1.00037 0.587229 -0.000519285 2.67371 
1.00034 0.586682 -0.000461443 2.67346 
1.00038 0.587034 -0.000643627 2.67364 
1.00034 0.588234 -0.000741835 2.67424 
1.00029 0.588467 -0.000920494 2.67425 
1.00026 0.588672 -0.00110542 2.67429 
1.00144 0.588086 0.000203216 2.67771 
1.00129 0.588349 0.000249332 2.67735 
1.00125 0.588498 0.000469359 2.67731 
1.0011 0.588748 0.000507135 2.67696 
1.00099 0.588853 0.000341944 2.67668 
1.00089 0.589057 0.000373725 2.67645 
1.00105 0.588902 0.000681376 2.67689 
1.00092 0.589117 0.000669315 2.6766 
1.00087 0.589271 0.000811384 2.67651 
0.890547 0.713023 0.119166 2.41923 
0.907293 0.701457 0.12696 2.46219 
0.913994 0.696505 0.118463 2.47757 
0.925738 0.681938 0.124175 2.50376 
0.933559 0.671413 0.136333 2.52216 
0.944552 0.657134 0.137594 2.54697 
0.931035 0.678337 0.115923 2.51647 
0.940547 0.665451 0.119693 2.53762 
0.94486 0.661024 0.110993 2.54695 
0.987499 0.611467 -0.000380736 2.64567 
0.988246 0.610393 -0.00108033 2.64746 
0.988355 0.610069 -0.00208106 2.64762 
0.989692 0.607998 -0.00335456 2.65076 
0.99095 0.605965 -0.00287513 2.65366 
0.992453 0.603394 -0.00366685 2.65706 
0.989867 0.608138 -0.00475116 2.65141 
0.991639 0.605121 -0.00616561 2.65543 
0.991922 0.603575 -0.00766878 2.65545 
1.00027 0.589469 0.020169 2.67482 
1.00011 0.589218 0.024109 2.67424 
1.00134 0.587418 0.0252979 2.6773 
1.00118 0.586641 0.0300876 2.67645 
0.999809 0.58922 0.0337963 2.67351 
0.99881 0.590907 0.0422615 2.67155 
1.00294 0.584201 0.0316213 2.68095 
1.00257 0.584172 0.040106 2.68003 
1.00463 0.579636 0.0424815 2.68434 
0.998603 0.592894 -0.00304203 2.67113 
0.998837 0.592514 -0.00244902 2.67168 
0.999034 0.592122 -0.00247267 2.67211 
0.999215 0.591881 -0.00196727 2.67256 
0.999193 0.592373 -0.0015099 2.67277 
0.999357 0.592189 -0.00113022 2.6732 
0.999375 0.591573 -0.00195144 2.67292 
0.99948 0.591436 -0.0015131 2.67318 
0.999608 0.591222 -0.00146366 2.67348 
0.996105 0.597366 -0.000441445 2.6655 
0.99674 0.59609 -0.000793539 2.66684 
0.996623 0.596304 -0.00172842 2.66658 
0.997398 0.595137 -0.00178484 2.66846 
0.998092 0.59392 -0.00127232 2.67003 
0.998526 0.593296 -0.00126575 2.6711 
0.997356 0.595579 -0.00268447 2.66857 
0.998035 0.594425 -0.00251289 2.67014 
0.998019 0.59369 -0.00326391 2.66967 
0.962501 0.649053 0.00215812 2.58867 
0.964151 0.647209 -0.00704608 2.59282 
0.962105 0.649637 -0.0115785 2.58783 
0.965637 0.644883 -0.0207392 2.59625 
0.971523 0.636523 -0.0223064 2.60979 
0.974975 0.630774 -0.0249452 2.61731 
0.964381 0.645382 -0.0275923 2.59265 
0.970205 0.638149 -0.031461 2.60682 
0.969931 0.634979 -0.0389553 2.60411 
0.999535 0.591975 0.000186671 2.67367 
0.999142 0.592461 0.000423525 2.67265 
0.999119 0.592523 0.000793943 2.67261 
0.998627 0.593233 0.00139891 2.6714 
0.998073 0.594092 0.00133164 2.67007 
0.997364 0.595204 0.00218738 2.66838 
0.998644 0.593176 0.00194866 2.67143 
0.998047 0.594033 0.0030182 2.66996 
0.998191 0.593906 0.00378805 2.67036 
0.961178 0.650864 0.0066674 2.58561 
0.958236 0.6548 -0.0019541 2.57883 
0.955515 0.658631 -0.00147116 2.57277 
0.953666 0.661648 -0.0117996 2.56899 
0.955196 0.65911 -0.0214353 2.57225 
0.955809 0.656034 -0.0346959 2.57263 
0.950142 0.665086 -0.0116895 2.56014 
0.94931 0.666305 -0.0264649 2.5588 
0.946315 0.674962 -0.0290295 2.55553 
0.999997 0.590371 -0.00466684 2.67431 
0.999718 0.590504 -0.00535995 2.67346 
0.999464 0.590796 -0.00495931 2.67278 
0.99913 0.591185 -0.00554705 2.6719 
0.999122 0.591243 -0.00664937 2.67192 
0.998685 0.591854 -0.00735894 2.67083 
0.998925 0.591674 -0.00496002 2.67151 
0.998545 0.5924 -0.00539773 2.67067 
0.998378 0.59343 -0.00472159 2.67072 
0.99972 0.591614 0.000295443 2.67407 
0.999625 0.59173 0.000623641 2.67382 
0.999781 0.591509 0.000733369 2.67421 
0.999709 0.591534 0.00107617 2.67399 
0.999521 0.591819 0.00150597 2.67353 
0.999503 0.591766 0.0020467 2.67344 
0.999875 0.591278 0.00114454 2.67439 
0.999872 0.591197 0.00149807 2.67433 
1.00002 0.590887 0.00150277 2.67464 
0.999547 0.590998 0.0140615 2.67323 
0.999828 0.590831 0.0107507 2.67402 
0.999041 0.591631 0.00973043 2.67187 
0.999191 0.591917 0.00838626 2.67253 
0.999629 0.590999 0.00767722 2.67344 
0.999636 0.591152 0.006113 2.67354 
0.99861 0.592581 0.00755038 2.67098 
0.998821 0.592505 0.00607116 2.67163 
0.998374 0.593031 0.00534646 2.67046 
1.023 0.544242 0.0732699 2.72836 
1.0207 0.544368 0.0644261 2.72002 
1.01648 0.554385 0.0638502 2.71112 
1.01589 0.557348 0.0544226 2.71012 
1.01783 0.553139 0.0477937 2.7141 
1.01669 0.557147 0.0406612 2.71209 
1.01247 0.563868 0.0534566 2.70221 
1.01197 0.565939 0.046313 2.70131 
1.0094 0.570938 0.0453736 2.69546 
0.979917 0.608234 0.149795 2.63041 
0.986167 0.59538 0.140032 2.64154 
0.98434 0.602589 0.129689 2.63847 
0.989638 0.594719 0.119414 2.64976 
0.997825 0.580796 0.119311 2.66865 
1.00151 0.576008 0.107908 2.67678 
0.987766 0.600854 0.110872 2.64632 
0.991978 0.594404 0.102515 2.65538 
0.990432 0.598568 0.0953391 2.65206 
1.01838 0.54478 -0.102117 2.71724 
1.01238 0.553246 -0.108013 2.70188 
1.00855 0.564489 -0.102673 2.69375 
1.00334 0.576108 -0.108014 2.68322 
0.999215 0.579752 -0.118028 2.67296 
0.992171 0.593511 -0.120686 2.65778 
0.999519 0.582681 -0.101519 2.67338 
0.994711 0.592086 -0.104202 2.66327 
0.991851 0.59622 -0.0970443 2.65544 
0.985195 0.614609 0.0177662 2.64022 
0.983887 0.616369 0.0209271 2.63709 
0.984785 0.615049 0.0236545 2.63927 
0.983068 0.616787 0.0278677 2.63483 
0.980506 0.622238 0.0278869 2.62989 
0.976814 0.628147 0.0343406 2.62186 
0.98457 0.615116 0.0313288 2.63883 
0.982443 0.618741 0.0379439 2.63439 
0.98453 0.61429 0.0426223 2.63861 
1.00078 0.588297 0.0184656 2.6758 
1.00192 0.586614 0.0200531 2.67865 
1.00259 0.585079 0.0194326 2.67997 
1.00407 0.58257 0.0206043 2.68346 
1.00474 0.581113 0.0236926 2.68492 
1.00655 0.577722 0.0251657 2.68907 
1.00465 0.581255 0.0192216 2.68463 
1.00655 0.577947 0.0199244 2.68907 
1.0071 0.576874 0.0178705 2.69026 
0.940789 0.672809 -0.0881565 2.53995 
0.932885 0.681143 -0.0877218 2.5212 
0.930177 0.685676 -0.0795455 2.51527 
0.921574 0.695116 -0.0759592 2.4953 
0.915496 0.701384 -0.0806717 2.48169 
0.903989 0.712575 -0.074103 2.45462 
0.919209 0.699016 -0.0659937 2.49011 
0.910514 0.707893 -0.0594725 2.46979 
0.909406 0.709881 -0.047856 2.46719 
0.959874 0.651261 0.0138716 2.58175 
0.955387 0.657791 0.0122611 2.57183 
0.952596 0.6624 0.0158331 2.56618 
0.947016 0.669755 0.0145883 2.55355 
0.944319 0.672941 0.00706132 2.5472 
0.937897 0.682968 0.00403831 2.53417 
0.943433 0.67425 0.0197736 2.54554 
0.935591 0.685051 0.0196479 2.52863 
0.929308 0.689908 0.0275578 2.51274 
1.00831 0.575456 0.00280975 2.69335 
1.00779 0.576209 0.00451681 2.69204 
1.00851 0.575004 0.00611374 2.69379 
1.00776 0.576119 0.00769883 2.69192 
1.00679 0.578294 0.00760792 2.68992 
1.00612 0.579545 0.00865002 2.68839 
1.00837 0.575181 0.00974433 2.69344 
1.00737 0.577 0.0110181 2.69113 
1.00764 0.576388 0.0131155 2.69174 
1.01652 0.553346 -0.022829 2.71018 
1.01484 0.559203 -0.0254205 2.70688 
1.0128 0.56251 -0.0215312 2.70155 
1.01102 0.567287 -0.0231553 2.69818 
1.00976 0.569699 -0.028165 2.69541 
1.00771 0.574991 -0.0283611 2.69162 
1.00941 0.569833 -0.0199066 2.69412 
1.00792 0.574414 -0.0210214 2.6918 
1.00666 0.576275 -0.0184513 2.68861 
1.00775 0.571395 -0.00299822 2.69069 
1.00846 0.569798 -0.0045668 2.69194 
1.00832 0.571138 -0.00675515 2.6914 
1.00882 0.570208 -0.00931061 2.69235 
1.01057 0.567157 -0.0104894 2.69677 
1.01095 0.566306 -0.0140539 2.69736 
1.00808 0.572323 -0.0111745 2.69093 
1.00829 0.572077 -0.0141515 2.69153 
1.00739 0.575192 -0.0153322 2.69034 
1.00029 0.584756 -0.000187267 2.67334 
1.00048 0.584679 -0.000259178 2.67365 
1.00067 0.584914 -0.000581732 2.67372 
1.00088 0.58492 -0.000815435 2.67422 
1.001 0.584368 -0.000816113 2.67453 
1.00126 0.584222 -0.0011112 2.67506 
1.00087 0.585552 -0.00118765 2.67442 
1.00103 0.585645 -0.00155343 2.67501 
1.00098 0.586661 -0.00191173 2.67546 
1.00288 0.583711 -0.00652856 2.68015 
1.00351 0.582256 -0.00699835 2.68138 
1.00366 0.582106 -0.00811404 2.68182 
1.00455 0.580398 -0.00887703 2.68381 
1.0051 0.578186 -0.00780132 2.68427 
1.00636 0.575596 -0.00823856 2.68701 
1.00478 0.580102 -0.010398 2.68443 
1.00589 0.57788 -0.0112861 2.68683 
1.00605 0.577769 -0.0133725 2.68733 
0.999842 0.590509 -0.00386352 2.67386 
0.999699 0.590572 -0.00361367 2.67342 
0.9997 0.590508 -0.00302371 2.67338 
0.999612 0.590581 -0.00277783 2.67314 
0.999404 0.590946 -0.00310322 2.67266 
0.999315 0.591732 -0.00281935 2.67282 
0.999632 0.59056 -0.00230629 2.67319 
0.999573 0.591265 -0.00216222 2.6734 
0.99961 0.591258 -0.00178231 2.67352 
1.00323 0.585067 0.000350106 2.68191 
1.00293 0.585649 0.000512272 2.68125 
1.00287 0.585729 0.000957507 2.68109 
1.00259 0.586255 0.00105557 2.68049 
1.00238 0.586617 0.000710659 2.67997 
1.00214 0.58704 0.000793171 2.67943 
1.0025 0.586387 0.00142573 2.68026 
1.00227 0.586862 0.00142492 2.67976 
1.00217 0.587109 0.00175435 2.67957 
0.959297 0.649396 0.0593537 2.58046 
0.955718 0.655305 0.0531884 2.57265 
0.95136 0.661227 0.057872 2.56303 
0.947653 0.66644 0.0482989 2.55441 
0.951696 0.662451 0.0386 2.56399 
0.949591 0.664868 0.0297992 2.55868 
0.941209 0.674399 0.051009 2.5397 
0.93843 0.678263 0.0383034 2.53322 
0.930906 0.687472 0.0380255 2.51625 
0.997686 0.593806 -0.0160351 2.66878 
0.99629 0.596231 -0.0171773 2.66561 
0.995683 0.596784 -0.0150319 2.66389 
0.994413 0.599271 -0.0152733 2.66119 
0.992707 0.601849 -0.016985 2.65713 
0.991181 0.604739 -0.0160794 2.65383 
0.994084 0.599513 -0.0132428 2.66021 
0.992908 0.602095 -0.0128285 2.65787 
0.992713 0.602807 -0.0111089 2.65763 
0.998799 0.592787 0.00442985 2.67172 
0.999198 0.591951 0.00415603 2.67255 
0.999446 0.591661 0.00332302 2.67319 
0.999709 0.591177 0.00298727 2.67378 
0.999873 0.59088 0.00324186 2.67415 
1.0001 0.590502 0.00286545 2.67468 
0.999861 0.59105 0.0024102 2.67421 
1.00003 0.590707 0.00213778 2.67457 
1.00012 0.590659 0.00170582 2.67485 
0.920482 0.698057 0.0443427 2.49197 
0.918549 0.698182 0.0563972 2.48677 
0.923758 0.691803 0.0670316 2.4988 
0.924244 0.689714 0.0786125 2.49967 
0.917172 0.697097 0.0844009 2.48386 
0.917999 0.694676 0.0973001 2.48592 
0.930728 0.681106 0.0855948 2.51418 
0.932906 0.677274 0.0971337 2.51931 
0.939728 0.667645 0.101649 2.53438 
1.01835 0.556363 0.0142384 2.71655 
1.01574 0.560276 0.0129184 2.70988 
1.01408 0.563201 0.0156212 2.70594 
1.01257 0.567007 0.0136118 2.70295 
1.01174 0.568245 0.00983985 2.70082 
1.01044 0.571282 0.00889491 2.69816 
1.01111 0.569273 0.0154653 2.69933 
1.01005 0.571901 0.0134839 2.69724 
1.00885 0.573854 0.014818 2.69435 
0.874387 0.731742 -0.0826352 2.38307 
0.876721 0.73508 -0.0734274 2.39185 
0.886155 0.729182 -0.0689091 2.41412 
0.886658 0.729668 -0.0560466 2.41486 
0.879717 0.735922 -0.0481584 2.39912 
0.881139 0.735132 -0.0359391 2.40187 
0.895475 0.722859 -0.0522551 2.43543 
0.895832 0.722645 -0.0411848 2.43569 
0.903281 0.716218 -0.038297 2.45306 
1.00021 0.589332 -0.00156791 2.67449 
1.00013 0.589958 -0.00169912 2.67456 
1.00002 0.590464 -0.00162762 2.67446 
0.999971 0.59064 -0.0018098 2.67437 
0.999949 0.590579 -0.00207077 2.67426 
0.999866 0.590562 -0.00232963 2.67397 
0.999904 0.590449 -0.00161102 2.67403 
0.999794 0.59041 -0.00180209 2.67364 
0.999762 0.590857 -0.00168564 2.67379 
1.00071 0.589395 0.00348579 2.67605 
1.00068 0.589537 0.00281875 2.67604 
1.00044 0.58994 0.00264537 2.6755 
1.00045 0.590019 0.00218654 2.67555 
1.00057 0.589773 0.00197525 2.67581 
1.00054 0.589874 0.0015981 2.67576 
1.00029 0.590258 0.00201135 2.67517 
1.00032 0.590279 0.00165494 2.67528 
1.00022 0.590446 0.00150746 2.67504 
0.966718 0.622657 0.15326 2.59728 
0.968985 0.6239 0.141165 2.60346 
0.961629 0.633732 0.139201 2.58584 
0.963708 0.634553 0.128488 2.59149 
0.970476 0.625109 0.119092 2.60594 
0.971516 0.624561 0.110593 2.60794 
0.956323 0.643841 0.125218 2.57355 
0.95928 0.641685 0.115267 2.58024 
0.95292 0.650067 0.111312 2.5651 
1.00026 0.58866 -0.00125964 2.67432 
1.00031 0.588559 -0.00133291 2.67442 
1.00032 0.588449 -0.00149369 2.67437 
1.00043 0.588122 -0.00147459 2.67453 
1.00045 0.587444 -0.00121709 2.67415 
1.00061 0.586582 -0.0011069 2.67417 
1.00047 0.587975 -0.00167471 2.67458 
1.00066 0.587441 -0.00163747 2.67489 
1.00073 0.587278 -0.00192196 2.67504 
1.0016 0.587854 0.000248179 2.67812 
1.00158 0.587947 0.000486591 2.67808 
1.00174 0.587699 0.000618148 2.67849 
1.00167 0.587841 0.00088536 2.67835 
1.00145 0.588268 0.00100898 2.67785 
1.00137 0.588475 0.00119725 2.6777 
1.00184 0.587583 0.00113055 2.67876 
1.00171 0.587883 0.00137913 2.67851 
1.00185 0.587598 0.00167281 2.67878 
0.999996 0.590511 2.44283e-05 2.67434 
0.999991 0.59079 -2.89166e-05 2.67448 
0.999975 0.590817 -3.34897e-05 2.67445 
0.999993 0.591065 -0.000119473 2.67465 
0.999979 0.591033 -0.000132053 2.67459 
1 0.590892 -0.000136874 2.6746 
0.999962 0.591071 -0.000140558 2.67455 
0.999977 0.591015 -0.000190949 2.67458 
0.99995 0.591033 -0.000254307 2.6745 
1.00082 0.590138 4.53944e-05 2.67685 
1.00077 0.590196 6.4745e-05 2.67673 
1.00074 0.590214 0.000114388 2.67664 
1.0007 0.590272 0.000128269 2.67654 
1.0007 0.590316 9.43981e-05 2.67655 
1.00066 0.590367 9.3539e-05 2.67645 
1.00066 0.590301 0.000190854 2.67644 
1.00061 0.590381 0.000179378 2.67631 
1.00056 0.590422 0.000248747 2.67616 
1.00379 0.58412 0.0051306 2.68325 
1.00356 0.584372 0.0040879 2.6826 
1.00318 0.585242 0.0039471 2.68185 
1.00298 0.585547 0.00306518 2.68137 
1.00321 0.58513 0.00255367 2.68188 
1.00299 0.585479 0.00192043 2.68136 
1.00269 0.586175 0.00291891 2.68078 
1.00253 0.586404 0.0023241 2.68038 
1.00231 0.586903 0.00223498 2.67991 
1.00182 0.582185 -0.000720452 2.6767 
1.00202 0.582592 -0.00141566 2.67683 
1.00172 0.583343 -0.00145363 2.6761 
1.0017 0.584136 -0.0020438 2.67635 
1.00184 0.584248 -0.00264629 2.67687 
1.00168 0.585494 -0.00323323 2.67715 
1.00139 0.584936 -0.00199546 2.67579 
1.00131 0.58606 -0.00247399 2.67621 
1.00104 0.586704 -0.00235426 2.67574 
1.00008 0.590433 -0.000746424 2.67461 
1.00006 0.590449 -0.000853661 2.67456 
1 0.590594 -0.00091589 2.67444 
0.999994 0.590583 -0.00105812 2.6744 
1.00003 0.590494 -0.00111461 2.67447 
0.999987 0.590499 -0.00125958 2.67434 
0.999909 0.590635 -0.00118508 2.67415 
0.999894 0.590634 -0.00137147 2.6741 
0.99979 0.590853 -0.00144929 2.67388 
1.00071 0.589564 0.000964761 2.67615 
1.0006 0.589762 0.00100023 2.67591 
1.00057 0.589844 0.00115189 2.67585 
1.00048 0.590009 0.0011211 2.67565 
1.00048 0.590063 0.000935886 2.67567 
1.00043 0.590191 0.00089925 2.67559 
1.00042 0.590136 0.00124255 2.67552 
1.00035 0.59031 0.00117311 2.67539 
1.00026 0.590447 0.00125452 2.67519 
1.00008 0.586306 -8.52078e-05 2.67321 
1.00011 0.586289 -0.000136094 2.67322 
1.00029 0.586846 -0.000184005 2.67356 
1.0003 0.587062 -0.00024993 2.6736 
1.0003 0.586688 -0.000177399 2.67353 
1.00035 0.586996 -0.000227631 2.67371 
1.00037 0.588041 -0.000264373 2.67424 
1.00034 0.588296 -0.000310244 2.67427 
1.00033 0.588877 -0.000336325 2.67461 
1.00063 0.589356 1.67584e-05 2.67577 
1.00059 0.589452 6.70086e-05 2.67568 
1.00057 0.589517 0.000122674 2.67567 
1.00057 0.589612 0.00013933 2.67572 
1.00057 0.58963 0.000101312 2.67573 
1.0006 0.589693 0.000111996 2.67586 
1.00057 0.589674 0.000182164 2.67577 
1.0006 0.589763 0.000189178 2.67591 
1.00062 0.589875 0.000227489 2.67602 
1.00013 0.586069 -0.000151384 2.67315 
1.00033 0.586732 -0.000277269 2.67358 
1.00035 0.587001 -0.000278708 2.67368 
1.00038 0.588022 -0.000409548 2.67425 
1.00036 0.588539 -0.000498046 2.67447 
1.00031 0.588894 -0.000588928 2.67456 
1.00036 0.588296 -0.00036612 2.67435 
1.00032 0.588856 -0.000452497 2.67457 
1.00029 0.589003 -0.00040436 2.67457 
1.00076 0.589445 0.000742745 2.67625 
1.00071 0.58953 0.000553957 2.67612 
1.00064 0.589678 0.000486067 2.67601 
1.00061 0.589715 0.000369298 2.6759 
1.00063 0.589581 0.000308282 2.67589 
1.00059 0.589589 0.000228025 2.67578 
1.00059 0.589824 0.000349 2.6759 
1.00058 0.589828 0.000272861 2.67588 
1.0006 0.589891 0.000264324 2.676 
0.970327 0.61932 -0.149074 2.60718 
0.9697 0.624608 -0.136627 2.60589 
0.978361 0.615757 -0.128422 2.62701 
0.977491 0.61726 -0.118014 2.62369 
0.971601 0.626957 -0.116184 2.61052 
0.971614 0.627733 -0.106232 2.60985 
0.9838 0.609386 -0.109614 2.63841 
0.982747 0.611328 -0.101116 2.63521 
0.987473 0.606528 -0.0955578 2.64722 
1 0.590171 -0.000188739 2.67419 
1.00004 0.590339 -0.000184386 2.6744 
1.00002 0.590532 -0.000159794 2.67446 
1.00003 0.590645 -0.000207403 2.67455 
1.00004 0.590576 -0.000274147 2.67454 
1.00002 0.590657 -0.000362922 2.67453 
1 0.590763 -0.000222791 2.67454 
0.999982 0.590831 -0.000321977 2.6745 
0.99995 0.590982 -0.000342268 2.67448 
1.00058 0.59019 0.000433252 2.67608 
1.0006 0.590208 0.000383926 2.67617 
1.00057 0.590278 0.000407842 2.6761 
1.0006 0.590283 0.000350737 2.67621 
1.00066 0.590228 0.00028196 2.67637 
1.00068 0.590236 0.000231842 2.67646 
1.00056 0.590349 0.000363187 2.67612 
1.00059 0.590339 0.000302859 2.67623 
1.00057 0.590393 0.000321675 2.67616 
0.865943 0.747582 0.00284181 2.36746 
0.878222 0.738759 0.00190843 2.39561 
0.880071 0.737529 -0.0109202 2.40001 
0.890803 0.728206 -0.010386 2.42422 
0.897001 0.722024 0.00297167 2.4377 
0.905626 0.714541 0.0025585 2.458 
0.894354 0.725428 -0.021569 2.4328 
0.902739 0.716979 -0.0193788 2.45139 
0.907198 0.713593 -0.0275597 2.46248 
1.01704 0.548589 0.0864604 2.71159 
1.01331 0.557786 0.0829696 2.70371 
1.00937 0.564014 0.0909394 2.69456 
1.00592 0.57227 0.0859159 2.68723 
1.0071 0.572104 0.0737684 2.69006 
1.00425 0.577561 0.0698203 2.68339 
1.00102 0.579736 0.0913901 2.67561 
0.998807 0.585443 0.0851186 2.67105 
0.993529 0.594117 0.0876268 2.65888 
1.00411 0.583262 0.0076453 2.68382 
1.00419 0.583001 0.00928678 2.68395 
1.00482 0.581758 0.00937222 2.68532 
1.00496 0.581479 0.0115862 2.68567 
1.00412 0.58288 0.0131832 2.68368 
1.004 0.583113 0.0155879 2.68348 
1.00577 0.579905 0.0117809 2.68747 
1.00587 0.579662 0.014672 2.68771 
1.00695 0.577879 0.0151581 2.69028 
1.00944 0.572212 0.0398414 2.69606 
1.0104 0.569285 0.035547 2.69749 
1.00982 0.571785 0.0314968 2.69681 
1.01028 0.570378 0.0270105 2.69744 
1.01239 0.566694 0.0262635 2.70241 
1.01257 0.566059 0.0219453 2.70255 
1.00965 0.572645 0.0237128 2.69653 
1.00975 0.571765 0.0203633 2.69629 
1.00901 0.574084 0.018074 2.69509 
0.955646 0.651863 -0.0878474 2.57259 
0.96163 0.643859 -0.0846325 2.58611 
0.966812 0.635492 -0.0922482 2.59795 
0.971672 0.628746 -0.087536 2.6089 
0.970375 0.633905 -0.0776441 2.60725 
0.974754 0.629056 -0.0749816 2.61812 
0.977201 0.619998 -0.0916823 2.62164 
0.980577 0.615398 -0.0871081 2.62939 
0.985914 0.608356 -0.0889528 2.64261 
1.00051 0.590219 0.000543755 2.67589 
1.00048 0.590291 0.000571426 2.67583 
1.00044 0.590302 0.000707525 2.67569 
1.0004 0.590395 0.000734233 2.67561 
1.00042 0.590418 0.000633975 2.67569 
1.00037 0.590483 0.000657544 2.67557 
1.00035 0.590421 0.000897166 2.67545 
1.0003 0.590492 0.000943455 2.67533 
1.00024 0.590535 0.00114609 2.67517 
0.999919 0.59104 -0.000432968 2.6744 
0.999918 0.590938 -0.000525589 2.67434 
0.999873 0.590989 -0.000636291 2.67423 
0.999875 0.590884 -0.000761793 2.67417 
0.999919 0.590741 -0.0007403 2.67424 
0.999931 0.590657 -0.000859793 2.67423 
0.999831 0.590938 -0.000901368 2.67406 
0.999825 0.59084 -0.00105042 2.67399 
0.999754 0.590925 -0.00121203 2.6738 
0.99977 0.590189 -0.014669 2.67358 
1.00066 0.587932 -0.01418 2.67522 
1.0011 0.586751 -0.0153066 2.67605 
1.00209 0.585 -0.0144197 2.67832 
1.00253 0.584498 -0.0124359 2.6795 
1.00311 0.58311 -0.011086 2.6806 
1.00277 0.583925 -0.0157545 2.68002 
1.00378 0.581829 -0.0141977 2.68214 
1.00467 0.579997 -0.0151469 2.68406 
0.984492 0.610132 0.0909793 2.63916 
0.97915 0.617844 0.0917597 2.62655 
0.976327 0.622139 0.0965502 2.62054 
0.969978 0.630948 0.0960039 2.60552 
0.968163 0.634268 0.0902736 2.60127 
0.962516 0.64283 0.0866483 2.58837 
0.966442 0.635927 0.100054 2.59773 
0.959432 0.645361 0.0970737 2.58112 
0.954591 0.652454 0.10073 2.57082 
1.00191 0.585428 -0.00570248 2.6779 
1.00142 0.586155 -0.00504068 2.67671 
1.00153 0.586089 -0.00431744 2.67703 
1.00117 0.586666 -0.00387788 2.67617 
1.00094 0.587388 -0.00401673 2.67581 
1.0007 0.587873 -0.00368506 2.67529 
1.00121 0.586641 -0.00332354 2.67628 
1.00091 0.587147 -0.00310608 2.6756 
1.00092 0.58715 -0.00267244 2.67562 
1.00279 0.584312 -0.0355318 2.68084 
1.00283 0.583986 -0.0308651 2.68061 
1.00422 0.581067 -0.0299312 2.68353 
1.00403 0.581462 -0.0254104 2.68298 
1.00232 0.584877 -0.0225641 2.67917 
1.0022 0.585302 -0.0194547 2.67895 
1.00533 0.579329 -0.0237031 2.68606 
1.00451 0.580474 -0.0201173 2.68389 
1.00562 0.579068 -0.018217 2.68675 
1.00102 0.588852 0.00420005 2.67678 
1.00141 0.588293 0.00427858 2.67773 
1.00146 0.588099 0.00383744 2.6778 
1.0018 0.587619 0.00374874 2.67866 
1.00205 0.587058 0.00417802 2.67917 
1.00246 0.58635 0.00390951 2.68011 
1.00181 0.58757 0.00321278 2.67865 
1.00213 0.587006 0.00301844 2.67938 
1.00209 0.587101 0.00248748 2.67929 
0.997956 0.594148 -0.00508994 2.66975 
0.997633 0.594528 -0.0061408 2.66891 
0.997042 0.595681 -0.00647048 2.66763 
0.996495 0.596427 -0.00786295 2.66628 
0.99676 0.595283 -0.00920207 2.66649 
0.996219 0.59602 -0.0110338 2.66516 
0.995736 0.597928 -0.00811443 2.66466 
0.994992 0.598973 -0.0097302 2.66284 
0.993998 0.600841 -0.00979414 2.66068 
0.96087 0.645093 0.0692806 2.58314 
0.955746 0.652948 0.0714389 2.57222 
0.956117 0.653858 0.076749 2.57448 
0.951072 0.659642 0.0792772 2.56251 
0.94479 0.668248 0.0736469 2.54814 
0.938332 0.676588 0.0751518 2.53377 
0.951546 0.65751 0.0858255 2.56311 
0.945342 0.665739 0.0893073 2.54944 
0.946496 0.663568 0.0964759 2.55231 
1.00019 0.590054 -0.00354523 2.67478 
1.00029 0.589398 -0.00313344 2.67476 
1.00038 0.588695 -0.00318575 2.67467 
1.00046 0.588377 -0.00274207 2.67476 
1.00036 0.588465 -0.00237686 2.67449 
1.00038 0.588337 -0.00203305 2.67449 
1.00055 0.588024 -0.00280973 2.67489 
1.00058 0.587877 -0.00235365 2.67491 
1.00068 0.587496 -0.00230751 2.67503 
1.00091 0.589204 0.00119027 2.67659 
1.001 0.589023 0.00147291 2.67681 
1.00113 0.588795 0.00147111 2.67711 
1.00127 0.588544 0.00179443 2.67742 
1.00127 0.58858 0.00218494 2.67744 
1.00139 0.588337 0.00281206 2.67769 
1.00144 0.58829 0.00178184 2.67783 
1.0016 0.587974 0.00229157 2.67819 
1.00181 0.587561 0.00223972 2.67865 
1.00045 0.590543 0.000353059 2.67585 
1.00037 0.590652 0.000428037 2.67566 
1.00034 0.590631 0.000538474 2.67555 
1.00026 0.590755 0.00065257 2.67535 
1.00016 0.590919 0.000592425 2.67513 
1.00005 0.591103 0.000664234 2.67487 
1.00023 0.590709 0.000795712 2.67524 
1.00014 0.590862 0.000930212 2.67501 
1.00014 0.5908 0.00110919 2.67498 
0.999478 0.591394 -0.000250263 2.67314 
0.999509 0.591438 -0.000446897 2.67327 
0.999498 0.591654 -0.000655604 2.67336 
0.999551 0.591739 -0.000765431 2.67358 
0.999677 0.591614 -0.000677867 2.67393 
0.999728 0.591294 -0.00076998 2.67391 
0.999572 0.591789 -0.0009953 2.67368 
0.999659 0.591299 -0.00108908 2.67369 
0.99967 0.591082 -0.00126121 2.67361 
1.00026 0.589143 -0.00112317 2.67454 
1.00022 0.589296 -0.000995384 2.67449 
1.00026 0.589145 -0.000844062 2.67456 
1.00024 0.589247 -0.000756082 2.67456 
1.00023 0.589646 -0.000783818 2.67472 
1.00022 0.589723 -0.000683994 2.6747 
1.00028 0.589166 -0.00061252 2.67464 
1.00025 0.589266 -0.000567795 2.67461 
1.00026 0.589168 -0.000468234 2.67457 
1.00055 0.590086 0.000515143 2.67593 
1.00056 0.590037 0.000516986 2.67593 
1.00058 0.590023 0.000437777 2.67599 
1.00058 0.589982 0.000429583 2.67598 
1.00056 0.589929 0.000490979 2.67588 
1.00058 0.589859 0.000466052 2.67591 
1.0006 0.589972 0.000364845 2.67603 
1.0006 0.589931 0.000346688 2.676 
1.00061 0.589933 0.000290069 2.67605 
0.986015 0.609009 0.0498897 2.64054 
0.985065 0.611374 0.0554794 2.6392 
0.986135 0.610295 0.0589328 2.64225 
0.984439 0.611857 0.0650425 2.63803 
0.981341 0.617189 0.0664737 2.63129 
0.978336 0.621412 0.0749561 2.62478 
0.985752 0.609082 0.069824 2.64094 
0.983697 0.612102 0.0786245 2.63675 
0.985217 0.608336 0.0844512 2.63987 
0.942701 0.67492 -0.0366386 2.54425 
0.945984 0.670505 -0.0442365 2.55186 
0.943424 0.672485 -0.05048 2.54539 
0.947452 0.666695 -0.0574466 2.55449 
0.954392 0.659239 -0.0569993 2.57142 
0.958224 0.653714 -0.0605632 2.58011 
0.945436 0.668135 -0.0651902 2.54955 
0.950592 0.661211 -0.0698561 2.56143 
0.94911 0.660649 -0.0782901 2.55689 
0.938419 0.676669 -0.0343047 2.53189 
0.936786 0.681132 -0.0396925 2.53012 
0.932607 0.686279 -0.036479 2.52065 
0.930055 0.688885 -0.0434588 2.51483 
0.931185 0.685686 -0.0539942 2.51657 
0.929741 0.686136 -0.062562 2.51285 
0.925104 0.693561 -0.0392349 2.50272 
0.92213 0.696463 -0.0475748 2.49596 
0.916901 0.703804 -0.0439337 2.48528 
0.995467 0.598455 -0.00123988 2.66404 
0.995427 0.598482 -0.00241984 2.66393 
0.994951 0.599468 -0.0029517 2.66294 
0.995004 0.599707 -0.00427895 2.66326 
0.995704 0.598349 -0.00448576 2.66476 
0.995982 0.597178 -0.00567324 2.665 
0.994532 0.600589 -0.0052167 2.66224 
0.994696 0.599512 -0.00669041 2.66215 
0.993892 0.600688 -0.0076912 2.66021 
1.00548 0.5782 0.0481555 2.68661 
1.00272 0.582464 0.0525924 2.68008 
1.00251 0.582542 0.0583502 2.67973 
0.998943 0.588177 0.0627729 2.67143 
0.995788 0.593623 0.0602152 2.66406 
0.991926 0.600355 0.0613215 2.65538 
0.998108 0.589243 0.0696537 2.66975 
0.993232 0.596965 0.0718843 2.65832 
0.991525 0.60063 0.0800375 2.65556 
0.920966 0.698003 0.021883 2.49263 
0.920708 0.698517 0.0113164 2.49205 
0.916898 0.703986 0.00783431 2.4843 
0.91761 0.702889 -0.00496815 2.48572 
0.923187 0.696658 -0.011855 2.49831 
0.924691 0.694032 -0.0220846 2.50123 
0.913611 0.707566 -0.0101737 2.47694 
0.915979 0.704813 -0.0224272 2.4824 
0.912303 0.707059 -0.0288971 2.4729 
1.00069 0.589667 5.3094e-06 2.67616 
1.00071 0.589697 3.60086e-05 2.67625 
1.00068 0.589724 8.95783e-05 2.67614 
1.00071 0.58975 0.000107997 2.67625 
1.00078 0.589746 7.89739e-05 2.67651 
1.00082 0.589776 9.96849e-05 2.67663 
1.00068 0.58979 0.000159948 2.67618 
1.00071 0.589825 0.000177798 2.6763 
1.00068 0.589909 0.000229425 2.67626 
1.00103 0.589735 3.19443e-05 2.67731 
1.00098 0.589791 5.19933e-05 2.67718 
1.00091 0.589808 8.70462e-05 2.67697 
1.00087 0.589855 0.000123028 2.67685 
1.00088 0.589893 0.000108896 2.6769 
1.00083 0.589956 0.000133424 2.67679 
1.0008 0.589862 0.000160982 2.67664 
1.00076 0.589925 0.000190369 2.67654 
1.0007 0.589937 0.000233356 2.67635 
0.999684 0.586557 -4.17505e-05 2.67219 
0.99984 0.586747 -4.00722e-05 2.67254 
0.999987 0.586906 -9.44016e-05 2.67264 
1.00014 0.587237 -0.000165453 2.67317 
1.00012 0.586939 -0.000176948 2.67311 
1.0002 0.587181 -0.000199757 2.67333 
1.00021 0.587966 -0.000210156 2.67364 
1.00026 0.588344 -0.000270779 2.67402 
1.00025 0.588856 -0.000294062 2.67432 
0.999995 0.589859 -0.00030057 2.674 
1.00001 0.589739 -0.000355763 2.67402 
1.00006 0.589745 -0.00035991 2.67417 
1.00009 0.589617 -0.000385514 2.67423 
1.00005 0.589366 -0.000314488 2.67395 
1.00015 0.588839 -0.000309976 2.67397 
1.00011 0.589558 -0.000369637 2.67429 
1.00019 0.58926 -0.000373821 2.67439 
1.00021 0.589167 -0.000405309 2.6744 
