0.263099 0.174156
-0.676286 0.0286309
0.551181 0.0567834
0.058275 -0.86915
-0.0415045 -1.00397
0.902845 0.00867064
-1.04896 0.00549777
-0.123323 -0.321217
-0.362849 0.174895
-0.232436 0.154287
0.148203 -0.163835
0.39833 0.148
0.719807 0.0218429
-0.855823 0.0119447
-0.511472 0.074837
0.005929 -1.17493
1.09924 0.00339132
-1.2548 0.00285856
-1.47259 0.0020755
1.30813 0.000993647
0.329599 0.18957
-0.592882 0.0454355
0.634584 0.0346175
0.10164 -0.49493
-0.0177875 -1.12356
1.00026 0.00547807
-0.95155 0.00799581
-0.0799575 -0.673082
-0.296349 0.201069
-0.176281 -0.0151182
0.204358 0.0824355
0.473758 0.0935187
0.810485 0.0136877
-0.765146 0.0183027
-0.436044 0.120192
0.029646 -1.08544
1.20294 0.00197497
-1.15109 0.0038218
-1.36295 0.00232041
1.41777 0.000322505
0.296349 0.199052
-0.634584 0.0358122
0.592882 0.0441533
0.0799575 -0.681805
-0.029646 -1.06467
0.95155 0.00697055
-1.00026 0.00656009
-0.10164 -0.487178
-0.329599 0.193975
-0.204358 0.086464
0.176281 -0.0188102
0.436044 0.117869
0.765146 0.0171737
-0.810485 0.0147602
-0.473758 0.0952302
0.0177875 -1.13463
1.15109 0.00258287
-1.20294 0.0032662
-1.41777 0.00215087
1.36295 0.000746851
0.362849 0.172128
-0.551181 0.0580889
0.676286 0.0274813
0.123323 -0.323435
-0.005929 -1.15391
1.04896 0.00436271
-0.902845 0.00974423
-0.058275 -0.855091
-0.263099 0.189123
-0.148203 -0.153014
0.232436 0.146599
0.511472 0.0729246
0.855823 0.0109264
-0.719807 0.0228651
-0.39833 0.148284
0.0415045 -1.00427
1.2548 0.00153167
-1.09924 0.00454278
-1.30813 0.00254786
1.47259 3.35649e-05
