0.999079 0.59292 0.0174435 2.67287 
0.979831 0.624911 -0.0149787 2.62911 
1.02127 0.545275 -0.0843866 2.72507 
0.987357 0.613268 5.5587e-05 2.64632 
0.999987 0.591179 -0.000359056 2.67473 
1.00035 0.590985 0.000461228 2.67579 
1.00065 0.590614 -0.00488728 2.67665 
1.00103 0.589732 0.0154493 2.67745 
0.982921 0.620986 -0.0226632 2.63688 
0.987534 0.612946 -0.000526409 2.6467 
0.987822 0.612487 0.000651886 2.64736 
0.998749 0.593548 -0.0184184 2.67222 
0.990091 0.608363 0.0143059 2.65239 
0.999061 0.59022 -0.0485164 2.6724 
0.987806 0.612054 0.017996 2.64722 
1.01733 0.547602 -0.0875981 2.71324 
0.999932 0.591782 -2.1446e-05 2.67488 
0.999706 0.592046 8.10229e-05 2.67428 
1.00386 0.584963 0.000522996 2.68396 
1.00692 0.576636 -0.00222558 2.69071 
0.888244 0.714457 -0.107187 2.41287 
0.963108 0.646834 0.0229539 2.58935 
0.870655 0.732061 0.0933594 2.37258 
1.00086 0.587572 -0.000284115 2.67658 
1.00088 0.590105 0.000114239 2.67703 
0.95992 0.631258 0.161807 2.58218 
0.994339 0.601177 -0.00111099 2.66195 
0.992429 0.602908 0.0449365 2.6577 
0.999301 0.59289 -0.000209318 2.67344 
0.999135 0.593082 -0.000203952 2.673 
0.980481 0.624434 -0.0185046 2.63098 
0.996169 0.598287 0.000838983 2.66626 
0.96505 0.64261 -0.0446766 2.59357 
0.999772 0.592253 -0.0127113 2.67474 
0.998575 0.593746 0.00382281 2.67154 
1.00053 0.59043 0.0052864 2.67607 
1.02175 0.550709 0.0232726 2.72514 
1.01915 0.549285 0.0984648 2.72023 
0.978835 0.603777 -0.152169 2.62571 
0.968088 0.641519 0.0231579 2.60187 
1.00612 0.578855 0.0374343 2.68869 
0.884585 0.725135 -0.0948475 2.40894 
0.940291 0.678441 -0.0171827 2.53864 
1.00435 0.583851 0.00662588 2.68495 
1.00368 0.582796 -0.0417516 2.68315 
1.01809 0.55563 -0.0164004 2.71686 
1.00252 0.584493 -0.000440161 2.68056 
1.00759 0.575073 -0.00318818 2.6919 
0.99873 0.594183 -0.00397156 2.67233 
1.00172 0.588706 0.000173987 2.67902 
0.959671 0.651493 0.0200521 2.58138 
0.985441 0.615437 -0.0197784 2.6416 
1.00045 0.590655 0.00436539 2.67596 
0.887335 0.723891 0.098729 2.4161 
1.00952 0.574492 0.00236172 2.69686 
0.847132 0.751737 -0.0108235 2.31654 
1.00044 0.59087 -0.00351736 2.67609 
1.00072 0.590278 0.00142589 2.67662 
0.985513 0.606538 0.0972092 2.64089 
1.00105 0.587357 -0.00032948 2.67696 
1.00088 0.590024 0.00119327 2.677 
0.999993 0.591261 -0.00036922 2.67479 
1.00018 0.59129 7.20128e-06 2.67541 
1.00348 0.58567 0.000753741 2.6831 
1.0032 0.585968 -0.00555352 2.68252 
1.00035 0.59051 -0.00132336 2.67562 
1.00033 0.590998 0.000662346 2.67574 
1.00015 0.588988 -0.000108219 2.67509 
1.00057 0.590665 2.67657e-05 2.67632 
1.00046 0.590548 -0.00102664 2.67608 
1.0008 0.590242 0.000124918 2.67684 
0.951091 0.657013 -0.0986344 2.5626 
0.999968 0.591153 -0.000626264 2.67466 
1.00031 0.591078 6.51143e-05 2.6757 
0.915565 0.703985 0.0311225 2.48073 
1.00786 0.575107 0.0498555 2.69284 
1.00142 0.589034 0.0169376 2.67834 
1.01881 0.554445 0.02115 2.7172 
0.970654 0.636775 -0.0536212 2.60839 
1.00013 0.591346 0.000405793 2.67529 
0.999963 0.591182 -0.000731061 2.67466 
1.00322 0.585527 -0.00805058 2.68235 
0.965506 0.639001 0.0725063 2.59431 
1.00081 0.590249 -0.00437363 2.67698 
1.00048 0.591278 -0.0170366 2.67663 
1.00315 0.585982 0.00569712 2.6822 
0.998747 0.593663 -0.0138922 2.67219 
0.927381 0.692512 0.0481188 2.50941 
1.00054 0.590018 -0.00146518 2.67603 
1.00092 0.590038 0.00404742 2.67713 
0.999564 0.5922 0.000173373 2.6739 
0.999776 0.592314 -0.000420298 2.67468 
1.00004 0.591078 -0.000731735 2.67488 
1.00068 0.59037 0.00101124 2.67652 
0.969654 0.634903 0.0702685 2.60486 
0.967387 0.641338 -0.0483939 2.6005 
0.940662 0.671186 -0.0840048 2.53796 
0.997936 0.595442 -0.00445204 2.67044 
0.989812 0.605907 0.0489815 2.6511 
0.932362 0.682704 -0.0260424 2.51698 
1.00044 0.590834 1.21425e-05 2.67601 
1.00033 0.591018 3.52994e-05 2.67576 
0.999831 0.58963 -3.41041e-05 2.67441 
0.999853 0.590207 -0.000102346 2.67435 
0.992914 0.603917 0.0195166 2.65909 
0.995316 0.599843 0.0179334 2.66455 
0.998315 0.594563 0.00912185 2.6712 
0.980129 0.624526 0.00909708 2.62977 
0.978122 0.629004 0.0041634 2.62603 
0.970914 0.638524 -0.00308064 2.60883 
1.0232 0.544945 -0.0423948 2.72899 
1.01943 0.546663 -0.0497833 2.71727 
1.00723 0.57376 -0.0550713 2.69038 
0.986038 0.615561 0.00519818 2.64343 
0.985637 0.615752 0.00298898 2.64222 
0.984679 0.617915 -0.00387391 2.64043 
0.999997 0.59114 -0.000492895 2.67475 
1 0.591162 -0.000445919 2.67478 
1.00004 0.591304 -0.000375416 2.67504 
1.00033 0.591025 0.000162035 2.67577 
1.00035 0.590994 0.000238775 2.67582 
1.00045 0.590838 0.000321632 2.67605 
1.00064 0.590618 -0.00976017 2.67664 
1.00105 0.589987 -0.00823534 2.67764 
1.00182 0.587906 -0.00636815 2.67904 
1.00117 0.589614 0.00749545 2.67774 
1.00132 0.588955 0.0087684 2.67788 
1.00292 0.586187 0.0100768 2.6816 
0.977967 0.626488 -0.0364091 2.62469 
0.981104 0.623009 -0.0356654 2.63266 
0.989954 0.607263 -0.0423145 2.65218 
0.985848 0.61596 -0.00634968 2.64306 
0.986937 0.61452 -0.00513709 2.64573 
0.989613 0.610375 -0.00615265 2.65197 
0.991729 0.605958 0.00161554 2.65622 
0.990251 0.60825 0.0019076 2.65275 
0.987698 0.612475 0.00602096 2.64697 
0.990921 0.607768 -0.025681 2.65503 
0.993543 0.602383 -0.0261555 2.66043 
0.99908 0.591689 -0.030256 2.67259 
0.994012 0.60191 0.00495917 2.66132 
0.993811 0.60209 0.00687108 2.66078 
0.996134 0.597969 0.00880948 2.666 
0.983659 0.615893 -0.0590858 2.63771 
0.988278 0.607656 -0.0600313 2.64786 
0.993917 0.596734 -0.0686267 2.66042 
0.99554 0.598552 0.022437 2.66461 
0.993599 0.602379 0.0241688 2.66053 
0.988628 0.609802 0.0308363 2.64885 
1.00515 0.578456 -0.0594887 2.6864 
1.0061 0.57471 -0.0672043 2.68781 
1.00145 0.580413 -0.0899024 2.67742 
0.999677 0.59218 -6.98651e-05 2.67427 
0.999765 0.592079 -5.95376e-05 2.6745 
0.999842 0.592358 -0.000191992 2.67491 
1.0001 0.5914 1.64801e-05 2.67522 
1.00004 0.591479 5.74313e-05 2.67507 
0.999997 0.591578 0.000279623 2.67497 
1.00593 0.58113 0.00102909 2.68866 
1.00527 0.582384 0.00144335 2.68716 
1.00423 0.584116 0.00360614 2.68471 
1.00416 0.581614 -0.000951584 2.68431 
1.00462 0.580764 -0.00147584 2.68516 
1.00479 0.581957 -0.00528577 2.68542 
0.936674 0.659933 -0.150527 2.52726 
0.928626 0.674516 -0.141121 2.51077 
0.929884 0.680702 -0.105321 2.51338 
0.977735 0.62536 0.0461395 2.62352 
0.973294 0.633024 0.0443493 2.61388 
0.964174 0.646441 0.0473058 2.59343 
0.853893 0.746717 0.047884 2.33256 
0.86874 0.742225 0.0534493 2.37244 
0.902861 0.713363 0.0517369 2.45016 
1.00044 0.58841 -0.000174974 2.67566 
1.00056 0.588339 -0.000267667 2.67584 
1.00075 0.589769 -0.000954828 2.67653 
1.0012 0.58957 0.000154095 2.67777 
1.00109 0.589744 0.000229189 2.67753 
1.00091 0.590045 0.000653941 2.67711 
0.914802 0.687258 0.143974 2.47664 
0.92981 0.67467 0.145749 2.51444 
0.949446 0.655509 0.128654 2.55996 
0.989439 0.609564 -0.00106037 2.65088 
0.990933 0.607469 -0.0014392 2.65452 
0.993291 0.603846 -0.00539542 2.6601 
0.999187 0.592316 0.0270818 2.67308 
0.998612 0.59228 0.0321503 2.6713 
1.00068 0.588406 0.0458355 2.67646 
0.99893 0.59414 -0.00171185 2.67294 
0.999069 0.593903 -0.00130753 2.67326 
0.999423 0.593058 -0.00103042 2.67394 
0.997683 0.595708 -0.000579434 2.66974 
0.998203 0.59482 -0.000571507 2.67094 
0.998587 0.594751 -0.00177398 2.67216 
0.96785 0.642433 -0.0103586 2.60157 
0.971076 0.637607 -0.0160622 2.60889 
0.974338 0.63362 -0.0298298 2.61721 
0.998636 0.593867 0.000393814 2.67181 
0.998113 0.594644 0.000720519 2.67053 
0.99745 0.59591 0.00319809 2.66909 
0.957619 0.655418 -0.00976954 2.57732 
0.956798 0.656922 -0.0203134 2.57587 
0.951736 0.662679 -0.0373083 2.56437 
1.00046 0.590958 -0.00675058 2.67621 
1.00002 0.591413 -0.00762819 2.67503 
0.998795 0.593388 -0.0067017 2.6721 
0.999154 0.59285 0.00097302 2.67292 
0.999105 0.59294 0.00149885 2.67282 
0.999551 0.592187 0.0022339 2.67385 
1.00046 0.590371 0.0102865 2.67586 
1.00034 0.590848 0.00844855 2.6757 
0.999224 0.59265 0.00586587 2.67305 
1.02494 0.54274 0.0529442 2.73285 
1.02198 0.545193 0.046659 2.72382 
1.01378 0.563554 0.041501 2.70584 
0.998196 0.580872 0.137549 2.67235 
1.00159 0.57272 0.126321 2.67742 
0.999762 0.582934 0.10215 2.67437 
1.00969 0.55818 -0.121675 2.69724 
1.00166 0.569372 -0.126507 2.67715 
0.988226 0.599291 -0.111113 2.64696 
0.982147 0.621013 0.0215084 2.63431 
0.979588 0.623967 0.0250346 2.6279 
0.979079 0.625162 0.0414723 2.62757 
1.00227 0.586774 0.0231605 2.67999 
1.00386 0.584098 0.0253039 2.68377 
1.00767 0.576854 0.0236907 2.6923 
0.925284 0.687952 -0.093061 2.50295 
0.915444 0.698284 -0.0909641 2.48016 
0.898993 0.717036 -0.0609873 2.44189 
0.952341 0.662012 0.00903419 2.56498 
0.947123 0.668166 0.00491871 2.55266 
0.928724 0.690619 0.0107792 2.51115 
1.00683 0.579368 0.00502583 2.69066 
1.00631 0.58017 0.00629503 2.68938 
1.00639 0.58007 0.0104008 2.68961 
1.01359 0.562785 -0.0323489 2.70447 
1.01128 0.568361 -0.0331746 2.69992 
1.00721 0.577527 -0.0257293 2.69133 
1.01141 0.56829 -0.00555954 2.70121 
1.01192 0.56621 -0.0080723 2.70156 
1.01085 0.569915 -0.0164126 2.69894 
1.00146 0.586366 -0.000287832 2.67811 
1.0017 0.586015 -0.000427958 2.67852 
1.00214 0.586468 -0.00164079 2.67919 
1.00503 0.581676 -0.00661117 2.68606 
1.00596 0.579643 -0.0068063 2.68796 
1.00762 0.576187 -0.0107202 2.69158 
0.999752 0.591563 -0.00417951 2.67418 
0.999562 0.591913 -0.0037502 2.67376 
0.999488 0.592672 -0.00228193 2.67395 
1.00255 0.587298 0.000285546 2.68096 
1.00231 0.587726 0.00041833 2.68041 
1.00199 0.588156 0.00122964 2.67959 
0.956964 0.654427 0.045895 2.57563 
0.955423 0.657062 0.0391867 2.57219 
0.943696 0.672601 0.0293735 2.54542 
0.994922 0.600008 -0.0204956 2.66341 
0.993169 0.603428 -0.0202382 2.65968 
0.991296 0.605975 -0.0141052 2.65493 
0.999378 0.592541 0.00481462 2.6735 
0.999679 0.591955 0.00436041 2.67415 
1.00001 0.591413 0.00251332 2.67492 
0.910309 0.705898 0.0593696 2.46753 
0.908705 0.706093 0.0729591 2.46379 
0.927201 0.683698 0.105548 2.50719 
1.01506 0.563984 0.00785842 2.70957 
1.01294 0.567296 0.0076243 2.70432 
1.00956 0.573671 0.0108735 2.69656 
0.859696 0.741624 -0.0595981 2.34625 
0.864944 0.74365 -0.0498102 2.3627 
0.884623 0.730151 -0.0339798 2.40788 
1.00051 0.590401 -0.00206766 2.67606 
1.00039 0.590805 -0.00229584 2.67589 
0.99993 0.591209 -0.0020382 2.67456 
1.00072 0.590189 0.00278984 2.67657 
1.00064 0.590352 0.00231822 2.6764 
1.00028 0.590992 0.0017331 2.67556 
0.976331 0.614469 0.130562 2.61974 
0.977543 0.616329 0.120651 2.62355 
0.967205 0.632368 0.109105 2.59885 
1.00083 0.589836 -0.00113469 2.67683 
1.00101 0.589155 -0.00106064 2.677 
1.00146 0.588132 -0.00140238 2.67791 
1.00134 0.589278 0.000744768 2.67809 
1.00128 0.589384 0.000976947 2.67796 
1.00139 0.589192 0.00158688 2.67819 
0.999957 0.592019 -0.000174753 2.6751 
0.999976 0.591988 -0.000263451 2.67515 
0.999919 0.591791 -0.000353296 2.67485 
1.00024 0.591192 3.54284e-05 2.67554 
1.00021 0.591231 3.958e-05 2.67548 
1.00016 0.591303 0.000105806 2.67537 
1.00377 0.585025 0.00354569 2.68369 
1.0035 0.58548 0.00273135 2.68306 
1.0026 0.587125 0.00204185 2.68102 
1.00334 0.583906 -0.00215243 2.68172 
1.00322 0.584743 -0.00293271 2.68177 
1.00221 0.587651 -0.00316913 2.68019 
1.00009 0.590984 -0.000950502 2.67496 
1.0001 0.590973 -0.00106778 2.67501 
0.999977 0.591069 -0.00139526 2.67464 
1.0005 0.590694 0.00100891 2.67614 
1.00041 0.59083 0.000990775 2.6759 
1.00019 0.591185 0.0011129 2.67537 
0.999968 0.589383 -5.46809e-05 2.67471 
1.00003 0.589363 -7.73248e-05 2.67476 
1.00026 0.590254 -0.000267543 2.67519 
1.00068 0.590467 3.00112e-05 2.67658 
1.00063 0.590535 6.12365e-05 2.67646 
1.00056 0.59068 0.000148837 2.6763 
1.00052 0.58943 -0.000421105 2.67551 
1.00048 0.590141 -0.000576604 2.6758 
1.00025 0.590954 -0.000532154 2.6756 
1.00081 0.590219 0.000644388 2.67687 
1.00077 0.590293 0.000466754 2.67678 
1.00062 0.590575 0.000268078 2.67646 
0.960555 0.638113 -0.133873 2.5847 
0.96131 0.638496 -0.122089 2.58559 
0.976596 0.620816 -0.100898 2.62108 
0.999969 0.591179 -0.000415423 2.67467 
0.999958 0.591197 -0.000460382 2.67464 
0.999877 0.591617 -0.00050639 2.67461 
1.00032 0.591062 0.000299475 2.67573 
1.0003 0.59109 0.000246499 2.6757 
1.00024 0.591188 0.000235769 2.67554 
0.882868 0.732395 0.0151208 2.40389 
0.89212 0.724765 0.0140773 2.42534 
0.904388 0.714437 -0.00544587 2.4541 
1.01376 0.560558 0.0716087 2.70579 
1.01062 0.566933 0.0686439 2.69861 
1.00125 0.58423 0.0745819 2.67758 
1.00369 0.584892 0.0108944 2.68339 
1.00358 0.58508 0.0128802 2.68318 
1.00488 0.582813 0.0169413 2.68626 
1.01289 0.566244 0.035668 2.70414 
1.01365 0.564671 0.0308317 2.70566 
1.01147 0.570024 0.0193676 2.70106 
0.959923 0.648407 -0.0742304 2.58289 
0.965149 0.642862 -0.0723488 2.59585 
0.977844 0.623039 -0.0799136 2.6247 
1.00022 0.591192 0.000541979 2.67549 
1.00018 0.591248 0.000562954 2.67538 
1.00005 0.591415 0.000899291 2.67505 
0.999853 0.591731 -0.000552452 2.6746 
0.999861 0.59157 -0.00064468 2.67454 
0.999829 0.591567 -0.000974688 2.67443 
1.0019 0.587779 -0.0134489 2.67927 
1.00265 0.586463 -0.0124417 2.68101 
1.00489 0.582473 -0.0124674 2.6862 
0.978258 0.621529 0.0879492 2.62565 
0.972957 0.629477 0.0866874 2.61336 
0.958953 0.648428 0.0907645 2.58104 
1.0019 0.587809 -0.0055188 2.67927 
1.00158 0.588284 -0.00492101 2.67846 
1.00142 0.588722 -0.00348526 2.67817 
1.00204 0.587757 -0.0279343 2.68006 
1.00178 0.587934 -0.0246326 2.67921 
1.00373 0.584457 -0.0190968 2.68356 
1.00154 0.588736 0.00503377 2.67845 
1.00199 0.588099 0.00497339 2.67956 
1.00233 0.587431 0.00342571 2.68031 
0.998231 0.594447 -0.00730192 2.67086 
0.997944 0.594848 -0.00885907 2.67016 
0.995663 0.599003 -0.0119164 2.66512 
0.95147 0.660703 0.0673374 2.56361 
0.945357 0.668351 0.0681331 2.54957 
0.938791 0.675748 0.0836044 2.53538 
1.00067 0.589975 -0.00277268 2.67637 
1.00075 0.589673 -0.00241191 2.67649 
1.00103 0.589559 -0.00203639 2.67741 
1.00092 0.589975 0.00206651 2.67708 
1.00099 0.589792 0.00245131 2.67722 
1.00152 0.588917 0.00306678 2.67846 
0.999936 0.591621 0.000377061 2.67479 
0.999867 0.591753 0.000460248 2.67464 
0.999729 0.591925 0.000918409 2.67429 
0.999546 0.592634 -0.000344142 2.6741 
0.999589 0.59275 -0.000416219 2.67431 
0.999696 0.592231 -0.000819005 2.67437 
1.00025 0.590883 -0.000986645 2.67549 
1.00017 0.591002 -0.000852356 2.67528 
1.00012 0.591132 -0.000536923 2.67526 
1.00043 0.59082 0.000726999 2.67598 
1.0005 0.590729 0.000720941 2.67613 
1.00056 0.590634 0.000456735 2.67627 
0.98307 0.616433 0.0574996 2.63591 
0.980813 0.619102 0.062937 2.63054 
0.980464 0.618375 0.0818802 2.63034 
0.950362 0.664904 -0.0449227 2.56187 
0.953911 0.659718 -0.0502549 2.56985 
0.955481 0.656127 -0.0674444 2.57339 
0.935211 0.68039 -0.0499691 2.52513 
0.933768 0.682415 -0.0571367 2.52244 
0.921547 0.695331 -0.0613281 2.49416 
0.99625 0.598554 -0.00279423 2.6667 
0.99647 0.598623 -0.00380368 2.66746 
0.995753 0.599125 -0.00704826 2.66542 
1.0005 0.588009 0.0518293 2.67591 
0.997551 0.593318 0.0547051 2.6694 
0.990915 0.603178 0.0679708 2.6542 
0.921516 0.695878 0.00437333 2.49251 
0.923085 0.69465 -0.00622769 2.49649 
0.919096 0.699119 -0.0275046 2.4878 
1.0005 0.590776 2.55359e-05 2.67616 
1.00049 0.590792 2.12282e-05 2.67614 
1.00049 0.590775 8.22019e-05 2.67615 
1.00041 0.590868 1.92701e-05 2.67594 
1.00041 0.59089 3.7515e-05 2.67594 
1.00043 0.590886 0.000149671 2.67599 
0.999724 0.589805 -2.37379e-05 2.67415 
0.99982 0.589791 -3.04616e-05 2.67431 
1.00012 0.590462 -0.000186259 2.67486 
0.999983 0.591481 -0.000220171 2.67497 
0.999998 0.591439 -0.000193066 2.675 
1.00006 0.590968 -0.000216436 2.67495 
0.996164 0.598288 0.0194788 2.66645 
0.998031 0.595131 0.0165579 2.6707 
0.998769 0.593694 0.0120906 2.67222 
0.977973 0.628775 -0.0024484 2.62539 
0.977474 0.62889 -0.0102736 2.62391 
0.975742 0.631086 -0.011084 2.6197 
1.02434 0.542173 -0.0606172 2.7323 
1.01758 0.546876 -0.0695123 2.71225 
1.01183 0.561799 -0.0654848 2.69984 
0.986759 0.61425 0.00153787 2.64496 
0.98678 0.614044 0.00050752 2.6449 
0.986488 0.614768 -0.00100342 2.6444 
0.999987 0.591175 -0.000405834 2.67473 
0.999994 0.591198 -0.00038116 2.67478 
1 0.591239 -0.000372451 2.67483 
1.00034 0.591011 0.000292553 2.67579 
1.00036 0.590968 0.000385838 2.67584 
1.00041 0.590904 0.000397046 2.67594 
1.00074 0.590434 -0.00695502 2.67685 
1.00095 0.590156 -0.00574889 2.67738 
1.00117 0.589087 -0.0056132 2.6775 
1.00124 0.589389 0.0105585 2.67786 
1.00136 0.588901 0.0127703 2.67802 
1.00212 0.587566 0.0127367 2.67977 
0.980554 0.62296 -0.0283586 2.63058 
0.982889 0.620047 -0.0280037 2.63634 
0.98476 0.616062 -0.0328034 2.64014 
0.986979 0.613855 -0.00244376 2.64544 
0.987651 0.613023 -0.00193908 2.64713 
0.988093 0.612194 -0.00277615 2.64808 
0.989361 0.610053 0.00145084 2.65093 
0.988156 0.611824 0.00101121 2.64805 
0.987744 0.612542 0.00237926 2.64715 
0.99571 0.599267 -0.0233409 2.66565 
0.997926 0.595201 -0.0216142 2.67054 
0.998895 0.592115 -0.0233345 2.672 
0.992515 0.604584 0.00910437 2.65802 
0.992056 0.604733 0.0117117 2.65662 
0.993665 0.602079 0.0120514 2.66034 
0.992677 0.601297 -0.0555841 2.65824 
0.996413 0.594705 -0.0541156 2.66656 
0.996858 0.593176 -0.0579446 2.6674 
0.991496 0.605518 0.0221697 2.65545 
0.989287 0.609606 0.0213748 2.65065 
0.988129 0.611475 0.0240172 2.64806 
1.00946 0.568868 -0.0704831 2.69594 
1.01262 0.561439 -0.0820674 2.70355 
1.0096 0.565632 -0.0911142 2.69655 
0.999823 0.591977 -3.19798e-05 2.67463 
0.999883 0.591911 -5.54214e-05 2.67479 
0.99988 0.591986 -9.90869e-05 2.67482 
0.999957 0.591601 3.36685e-05 2.67485 
0.999848 0.591775 0.000134559 2.67459 
0.999868 0.591773 0.000227068 2.67466 
1.00475 0.583317 0.000718603 2.68597 
1.00426 0.584249 0.00103577 2.68487 
1.00412 0.584408 0.00189074 2.68449 
1.00535 0.57948 -0.00139451 2.68709 
1.00588 0.57837 -0.0021989 2.688 
1.00592 0.579019 -0.00396561 2.68769 
0.9126 0.688635 -0.135391 2.4708 
0.907806 0.700913 -0.120928 2.46322 
0.913732 0.696909 -0.110793 2.4764 
0.969562 0.638211 0.0371865 2.60493 
0.965283 0.645127 0.0317268 2.59545 
0.963321 0.648449 0.0345077 2.5915 
0.862105 0.740281 0.0712446 2.35241 
0.876596 0.734805 0.075316 2.39087 
0.890035 0.724191 0.0673371 2.42125 
1.00064 0.588027 -0.000223308 2.67609 
1.00077 0.587924 -0.000336719 2.6763 
1.00092 0.588399 -0.000666542 2.6764 
1.00101 0.589875 0.000120564 2.67734 
1.00094 0.590006 0.000188801 2.67718 
1.00092 0.590041 0.000343824 2.67712 
0.938812 0.659556 0.156758 2.53342 
0.951915 0.645842 0.154542 2.56528 
0.954934 0.644947 0.14486 2.57263 
0.991882 0.605465 -0.00125513 2.65643 
0.99351 0.603104 -0.00144813 2.66037 
0.993857 0.602245 -0.00287986 2.661 
0.996827 0.595315 0.0357482 2.66729 
0.995539 0.597443 0.0429454 2.66461 
0.996371 0.596198 0.046306 2.66678 
0.9991 0.593499 -0.000755832 2.67313 
0.999237 0.593153 -0.000544313 2.67338 
0.999294 0.59312 -0.000619087 2.67355 
0.998594 0.59412 -0.000307571 2.67182 
0.998883 0.593584 -0.000359266 2.67246 
0.998847 0.593693 -0.00077225 2.6724 
0.974838 0.632003 -0.0167449 2.61745 
0.977703 0.62766 -0.0195667 2.62402 
0.977587 0.627622 -0.023479 2.62371 
0.99765 0.595636 0.000617601 2.66959 
0.996848 0.596847 0.0010311 2.66765 
0.996759 0.597138 0.00203562 2.66753 
0.959633 0.653099 -0.0298193 2.58256 
0.960618 0.649879 -0.0401718 2.584 
0.95907 0.651219 -0.0424594 2.58011 
1.00028 0.591329 -0.00932382 2.67585 
0.999607 0.592114 -0.0104087 2.67408 
0.999085 0.59292 -0.00920145 2.67281 
0.998877 0.593311 0.00207098 2.67228 
0.998892 0.593392 0.00288826 2.67238 
0.99917 0.592835 0.00299366 2.67297 
1.00056 0.590366 0.00735012 2.67616 
1.00039 0.590767 0.00605965 2.6758 
0.999905 0.591518 0.00572292 2.67465 
1.02408 0.545539 0.0360417 2.73066 
1.02087 0.549062 0.0320597 2.72156 
1.01765 0.555794 0.0344578 2.71436 
1.01077 0.562328 0.118062 2.70129 
1.01221 0.556638 0.107921 2.70177 
1.00916 0.564787 0.103539 2.69558 
0.997046 0.577248 -0.139408 2.66807 
0.987155 0.592021 -0.14127 2.64423 
0.98383 0.602291 -0.130411 2.63707 
0.976519 0.629658 0.0248225 2.62151 
0.972432 0.636139 0.0283892 2.61259 
0.972357 0.635653 0.0339072 2.6122 
1.00414 0.583046 0.0284134 2.68419 
1.00592 0.580166 0.0316887 2.68855 
1.00737 0.576884 0.0306584 2.69148 
0.908629 0.704838 -0.0962006 2.46484 
0.894353 0.7173 -0.0909378 2.43103 
0.891323 0.721919 -0.0771827 2.42412 
0.945901 0.670001 -0.000352626 2.55007 
0.94038 0.678062 -0.00758229 2.53848 
0.933368 0.686776 -0.0060144 2.5228 
1.00555 0.581726 0.0061643 2.68774 
1.00505 0.582659 0.00700866 2.68661 
1.00528 0.582123 0.00825024 2.68708 
1.00903 0.572227 -0.0384786 2.69477 
1.00656 0.578485 -0.0378211 2.69011 
1.00601 0.579288 -0.0333917 2.68859 
1.0144 0.562601 -0.00979661 2.70813 
1.01479 0.560238 -0.0133176 2.70796 
1.01409 0.563377 -0.0163881 2.70654 
1.00191 0.585541 -0.000348135 2.67915 
1.00221 0.585101 -0.000524957 2.67971 
1.00241 0.585264 -0.00107536 2.67974 
1.00642 0.57819 -0.00538048 2.68869 
1.00749 0.575983 -0.00525152 2.69127 
1.00802 0.574963 -0.00684627 2.69235 
0.999266 0.592562 -0.00414221 2.67316 
0.999099 0.593464 -0.00366928 2.67313 
0.999205 0.593297 -0.00300677 2.67338 
1.00209 0.588086 0.000225395 2.67989 
1.0019 0.588422 0.000322772 2.67944 
1.00186 0.588439 0.000617403 2.67934 
0.957656 0.654849 0.0321543 2.57755 
0.95677 0.656168 0.0249889 2.5754 
0.952915 0.661538 0.0237864 2.56675 
0.990433 0.607335 -0.0218832 2.65306 
0.988602 0.610959 -0.0198759 2.64921 
0.988797 0.609842 -0.0171615 2.64911 
0.999943 0.591618 0.00470636 2.67483 
1.00016 0.591142 0.00414477 2.67528 
1.00018 0.59116 0.00330718 2.67534 
0.89977 0.714497 0.0757098 2.4434 
0.898853 0.713947 0.0921115 2.44186 
0.90937 0.702413 0.105871 2.46632 
1.01201 0.569763 0.00430335 2.70253 
1.01039 0.572469 0.00452103 2.69862 
1.00967 0.573614 0.00649948 2.69686 
0.8529 0.747513 -0.0340325 2.3301 
0.857171 0.74921 -0.026652 2.34375 
0.867451 0.742544 -0.0259854 2.3675 
1.0005 0.590619 -0.00271974 2.67613 
1.00036 0.590995 -0.00298928 2.67588 
1.00012 0.591155 -0.00269083 2.67518 
1.00074 0.590209 0.00201282 2.67663 
1.00066 0.590366 0.00167338 2.67646 
1.0005 0.590627 0.00164696 2.6761 
0.981901 0.61014 0.112247 2.63292 
0.982324 0.610981 0.10462 2.63395 
0.97769 0.618163 0.104302 2.62326 
1.00109 0.588413 -0.00084431 2.67682 
1.00119 0.587664 -0.000700151 2.67691 
1.00137 0.587518 -0.000829474 2.6774 
1.00112 0.589663 0.00104454 2.67757 
1.00104 0.589808 0.00120813 2.6774 
1.0011 0.589656 0.0013913 2.67752 
0.999976 0.591719 -0.000337098 2.675 
0.999973 0.591445 -0.000357698 2.67483 
0.999969 0.591465 -0.000367198 2.67483 
1.0002 0.591258 2.11091e-05 2.67546 
1.00018 0.59128 1.97908e-05 2.67541 
1.00017 0.591291 4.11902e-05 2.67539 
1.00368 0.585244 0.0020586 2.68351 
1.00337 0.585786 0.00139136 2.6828 
1.00303 0.586408 0.00150521 2.68204 
1.00338 0.584742 -0.00376403 2.68232 
1.00312 0.586034 -0.00454439 2.68228 
1.00264 0.586914 -0.00421879 2.68122 
1.0002 0.590918 -0.00116318 2.67533 
1.00024 0.590844 -0.00133126 2.67543 
1.00017 0.591061 -0.00144195 2.67531 
1.0004 0.590876 0.000824418 2.67589 
1.00033 0.590978 0.000795673 2.67573 
1.00027 0.591065 0.000868647 2.67559 
1.00004 0.589213 -7.53792e-05 2.67487 
1.0001 0.589172 -0.000111706 2.6749 
1.00025 0.589411 -0.000198751 2.67496 
1.00061 0.590582 2.34459e-05 2.67643 
1.00058 0.59063 5.1461e-05 2.67636 
1.00056 0.590673 8.50224e-05 2.67632 
1.00051 0.59037 -0.000712886 2.6761 
1.00043 0.590621 -0.000823361 2.67602 
1.00033 0.59081 -0.00073537 2.6758 
1.00082 0.590199 0.000364611 2.67689 
1.00076 0.590304 0.000221244 2.67676 
1.0007 0.590431 0.000222224 2.67663 
0.954792 0.649487 -0.116049 2.57128 
0.956414 0.648439 -0.105957 2.57454 
0.964664 0.638243 -0.102573 2.59386 
0.999968 0.591158 -0.000495133 2.67466 
0.999952 0.591196 -0.00056233 2.67462 
0.999921 0.591316 -0.000577793 2.67459 
1.00031 0.591069 0.000166504 2.67573 
1.0003 0.591094 0.000124792 2.67569 
1.00028 0.591128 0.000145117 2.67564 
0.900136 0.71727 0.024255 2.44379 
0.907895 0.710448 0.0226632 2.46198 
0.908664 0.710454 0.0143498 2.46414 
1.01055 0.56861 0.0595698 2.69871 
1.0079 0.573945 0.0571824 2.69274 
1.00541 0.578482 0.0615357 2.68726 
1.00273 0.586494 0.0139813 2.68119 
1.00236 0.587129 0.0161181 2.68036 
1.00303 0.586098 0.0172655 2.682 
1.01617 0.560273 0.0295508 2.71168 
1.01626 0.5595 0.0239066 2.71141 
1.01477 0.563562 0.0203215 2.70856 
0.965313 0.642744 -0.0634989 2.59572 
0.969485 0.637069 -0.061887 2.60533 
0.973075 0.631587 -0.0672323 2.61376 
1.00017 0.591279 0.000474788 2.67536 
1.00012 0.591331 0.000482981 2.67525 
1.00009 0.591383 0.000599691 2.67518 
0.999904 0.591387 -0.000653196 2.67457 
0.999923 0.591284 -0.000746081 2.67458 
0.99991 0.591332 -0.000835106 2.67456 
1.0028 0.586285 -0.0109684 2.68139 
1.00336 0.585355 -0.0096187 2.68273 
1.00402 0.584011 -0.00984236 2.68414 
0.971554 0.632847 0.0812685 2.61056 
0.966243 0.640369 0.0779772 2.59805 
0.962286 0.645917 0.0809189 2.58923 
1.0013 0.588798 -0.00490164 2.67778 
1.00103 0.58926 -0.00441589 2.67716 
1.00114 0.589059 -0.00397497 2.67742 
1.00108 0.589172 -0.0216232 2.6775 
1.00095 0.58917 -0.0191094 2.67702 
1.00179 0.587778 -0.0182547 2.67898 
1.00228 0.587448 0.0053539 2.68015 
1.00276 0.586721 0.00516721 2.68134 
1.00274 0.586655 0.00452091 2.68122 
0.99835 0.594081 -0.0100993 2.67106 
0.998091 0.594666 -0.012255 2.67058 
0.997138 0.596293 -0.0132815 2.6684 
0.939497 0.676267 0.0610103 2.53623 
0.932697 0.684825 0.0600601 2.52095 
0.931616 0.686005 0.0672144 2.51901 
1.00062 0.58979 -0.00203204 2.67613 
1.00067 0.589874 -0.00171023 2.67634 
1.00075 0.589893 -0.00174563 2.67666 
1.00095 0.589861 0.00289534 2.67714 
1.00101 0.589708 0.00355303 2.67726 
1.00124 0.589358 0.00363564 2.67779 
0.999766 0.591871 0.000345107 2.67438 
0.999675 0.592055 0.000370649 2.67418 
0.999626 0.592101 0.000570149 2.67405 
0.999674 0.592661 -0.000396158 2.67454 
0.999707 0.592425 -0.000476014 2.67451 
0.999732 0.592286 -0.000581222 2.67452 
1.00012 0.590991 -0.000839113 2.67511 
1.00008 0.591032 -0.000745328 2.67499 
1.00009 0.591085 -0.000644921 2.67507 
1.00053 0.590638 0.000875673 2.6762 
1.00061 0.590507 0.000843871 2.67639 
1.0006 0.590531 0.000671634 2.67638 
0.977451 0.624181 0.0643288 2.62285 
0.974288 0.628975 0.0707604 2.61611 
0.974535 0.628246 0.0764187 2.61688 
0.959289 0.652488 -0.048429 2.582 
0.962388 0.647199 -0.0522676 2.58858 
0.961467 0.648522 -0.0579781 2.58684 
0.93692 0.677407 -0.0672078 2.52937 
0.936361 0.676654 -0.0750942 2.52761 
0.931542 0.682628 -0.0741058 2.51679 
0.997121 0.597513 -0.00386151 2.66896 
0.997365 0.596429 -0.00471182 2.66914 
0.997068 0.596868 -0.00560762 2.66842 
0.995097 0.597868 0.051852 2.66385 
0.991786 0.603504 0.0529151 2.65635 
0.990356 0.605713 0.0578932 2.65327 
0.92692 0.69142 -0.0137552 2.50611 
0.928932 0.689606 -0.0213152 2.51118 
0.927028 0.691191 -0.0263438 2.50648 
1.00046 0.590814 1.87613e-05 2.67608 
1.00046 0.590823 1.23392e-05 2.67606 
1.00047 0.590815 2.65515e-05 2.67609 
1.00038 0.590933 3.27846e-05 2.67586 
1.00037 0.590971 4.76361e-05 2.67584 
1.00038 0.590957 9.00822e-05 2.67587 
0.999789 0.5897 -4.69736e-06 2.67429 
0.999861 0.589713 -4.02467e-05 2.67441 
1.00002 0.589837 -9.85618e-05 2.6745 
0.999975 0.591187 -0.000182523 2.67478 
0.999969 0.590697 -0.000134534 2.67455 
0.999988 0.590574 -0.000156183 2.67462 
0.989771 0.609503 0.0166897 2.65209 
0.992471 0.604898 0.0174362 2.65819 
0.994188 0.601274 0.0139249 2.66159 
0.995792 0.598414 0.0125584 2.66517 
0.996577 0.597152 0.0135908 2.66702 
0.997781 0.594857 0.0116294 2.66963 
0.996727 0.5974 0.010013 2.66763 
0.997655 0.595467 0.00860708 2.66954 
0.998186 0.594808 0.00653817 2.67089 
0.984726 0.617611 0.0153117 2.64052 
0.982191 0.622172 0.0138753 2.63506 
0.980801 0.623271 0.0163153 2.63126 
0.977625 0.629442 0.0131875 2.62476 
0.97543 0.631752 0.00605835 2.61905 
0.973764 0.633521 -0.00361632 2.6148 
0.975028 0.631585 0.0162537 2.61775 
0.971324 0.637855 0.00750606 2.60973 
0.968119 0.644522 0.00962893 2.60386 
1.02108 0.549922 -0.0292725 2.72401 
1.01887 0.54965 -0.0351674 2.71638 
1.0159 0.558706 -0.0377312 2.71044 
1.01334 0.562513 -0.0446489 2.70395 
1.01547 0.558203 -0.0505295 2.70924 
1.01193 0.564286 -0.0575993 2.70084 
1.0101 0.5701 -0.0440218 2.69737 
1.00687 0.575489 -0.0484976 2.68986 
1.00368 0.582857 -0.0460692 2.68337 
0.985238 0.616334 0.012252 2.64135 
0.984194 0.617954 0.00838455 2.6389 
0.982074 0.62151 0.00699087 2.63418 
0.982175 0.621351 0.00252414 2.6344 
0.984787 0.617824 0.000867589 2.64073 
0.985178 0.616801 -0.00106963 2.64136 
0.980506 0.623873 -0.00207736 2.63055 
0.982543 0.621076 -0.00498603 2.63543 
0.982095 0.620633 -0.0114277 2.63376 
1.00002 0.591109 -0.000625631 2.67479 
1.00002 0.591118 -0.000560503 2.67483 
1.00005 0.591118 -0.00056803 2.67495 
1.00006 0.591167 -0.000492341 2.675 
1.00002 0.59119 -0.000440624 2.67487 
1.00002 0.591242 -0.000390209 2.67492 
1.00008 0.591196 -0.000477911 2.67513 
1.00007 0.591243 -0.000406023 2.67515 
1.0001 0.591179 -0.00038547 2.67523 
1.00032 0.591039 6.25067e-05 2.67572 
1.00034 0.591012 0.000120938 2.67578 
1.00036 0.590975 0.000137988 2.67584 
1.00039 0.590941 0.000198254 2.6759 
1.00039 0.590949 0.000251966 2.6759 
1.00041 0.5909 0.000322392 2.67595 
1.00042 0.590902 0.000207852 2.67597 
1.00045 0.590844 0.000253592 2.67603 
1.00048 0.590783 0.000247706 2.6761 
1.00025 0.591198 -0.0135345 2.67573 
1.00095 0.59021 -0.0115523 2.67747 
1.00148 0.588447 -0.011633 2.67824 
1.00184 0.587875 -0.00970855 2.67907 
1.0014 0.5886 -0.00818935 2.67801 
1.00157 0.588436 -0.00666404 2.67848 
1.00233 0.586909 -0.00954267 2.68018 
1.00243 0.587048 -0.00757248 2.68058 
1.00281 0.586204 -0.0071378 2.68136 
1.00098 0.589899 0.0053865 2.67727 
1.00116 0.589369 0.006245 2.67757 
1.00157 0.588772 0.00606541 2.67855 
1.00188 0.587995 0.00697453 2.67915 
1.00196 0.588026 0.00856432 2.67943 
1.00228 0.587382 0.01041 2.68015 
1.00237 0.587358 0.0066363 2.68041 
1.00281 0.586504 0.00791224 2.68139 
1.00331 0.585473 0.0074387 2.68245 
0.975876 0.628788 -0.0483537 2.61988 
0.978946 0.623108 -0.0457841 2.62614 
0.983513 0.616429 -0.0526572 2.6372 
0.986 0.611677 -0.0488054 2.64223 
0.983559 0.616849 -0.0408944 2.63705 
0.986263 0.613784 -0.0391544 2.64393 
0.99136 0.604065 -0.0511684 2.65532 
0.992605 0.601559 -0.0472098 2.65772 
0.997139 0.595127 -0.0469672 2.66883 
0.985059 0.616845 -0.014782 2.64114 
0.985981 0.614933 -0.0118791 2.64293 
0.987929 0.612123 -0.0137753 2.64761 
0.988414 0.611098 -0.0110688 2.64853 
0.98773 0.612975 -0.00664745 2.64738 
0.988486 0.612021 -0.00524245 2.64927 
0.990305 0.608449 -0.0119965 2.65314 
0.990393 0.608141 -0.00953623 2.65321 
0.992137 0.605934 -0.0100958 2.65762 
0.994143 0.601733 0.00128069 2.66163 
0.992846 0.603792 0.00204938 2.6586 
0.992739 0.603982 0.00413688 2.65836 
0.991321 0.606676 0.00532063 2.65533 
0.989908 0.60881 0.00404167 2.65197 
0.988538 0.611314 0.00391423 2.649 
0.990832 0.607104 0.00787211 2.654 
0.989141 0.610462 0.00827379 2.65049 
0.988098 0.611939 0.0113974 2.64801 
0.984952 0.617729 -0.0226069 2.64147 
0.987262 0.612673 -0.0267022 2.64603 
0.987438 0.611878 -0.0306742 2.64626 
0.991211 0.604579 -0.0326958 2.65429 
0.994814 0.599696 -0.0295122 2.66316 
0.997658 0.594457 -0.0275069 2.66939 
0.992267 0.603306 -0.0373157 2.65721 
0.996708 0.595594 -0.0355849 2.66721 
0.99824 0.591596 -0.0392471 2.67009 
0.99506 0.599908 0.0017355 2.66357 
0.994991 0.600073 0.00323337 2.66344 
0.995854 0.598637 0.00333458 2.66544 
0.995886 0.598551 0.00485728 2.66549 
0.995019 0.600202 0.0069408 2.66363 
0.995058 0.600119 0.0089328 2.66373 
0.996716 0.597092 0.00475795 2.66737 
0.996925 0.596823 0.00615626 2.66791 
0.997611 0.595404 0.00575249 2.66934 
0.973893 0.630773 -0.0556117 2.61505 
0.977955 0.624134 -0.0606901 2.62436 
0.977221 0.625236 -0.0651851 2.623 
0.982324 0.615983 -0.0688153 2.63409 
0.988974 0.606875 -0.0652082 2.65009 
0.993387 0.599551 -0.0639719 2.66007 
0.982174 0.61689 -0.0746514 2.63456 
0.988265 0.605622 -0.0750658 2.64758 
0.987872 0.600905 -0.0801436 2.64378 
0.999352 0.592357 0.0198506 2.67348 
0.997713 0.595162 0.0229145 2.66978 
0.997802 0.59498 0.0256841 2.67003 
0.995489 0.599042 0.0291159 2.66489 
0.992699 0.603366 0.027772 2.65825 
0.989959 0.608366 0.0273122 2.65225 
0.995121 0.599282 0.032799 2.66393 
0.99162 0.605085 0.0340854 2.6559 
0.990669 0.608311 0.0392924 2.65496 
1.00247 0.586044 -0.0490381 2.68133 
1.00277 0.584157 -0.0556288 2.68155 
1.00128 0.58695 -0.0590355 2.67846 
1.00101 0.584934 -0.0670917 2.67681 
1.00339 0.578386 -0.0723496 2.68128 
1.00506 0.574896 -0.0832113 2.68566 
0.999258 0.588746 -0.0702897 2.67347 
0.998241 0.586753 -0.0801888 2.6696 
0.995454 0.592963 -0.0842519 2.66442 
0.999472 0.592525 -6.40116e-05 2.67379 
0.999583 0.59236 -9.08959e-05 2.67406 
0.999578 0.592439 -0.000192074 2.67409 
0.999692 0.59235 -0.00018374 2.67441 
0.999768 0.592155 -0.000127751 2.67455 
0.999835 0.592142 -0.000128203 2.67476 
0.999694 0.592562 -0.000263518 2.67454 
0.999782 0.592462 -0.000243959 2.67477 
0.999782 0.592331 -0.00030328 2.6747 
1.00017 0.591306 1.98406e-06 2.67537 
1.00014 0.591337 2.96642e-05 2.67532 
1.00015 0.591327 4.53584e-05 2.67534 
1.00012 0.591371 9.41311e-05 2.67524 
1.00006 0.591464 9.95361e-05 2.6751 
0.999974 0.591591 0.00021311 2.6749 
1.00013 0.591359 0.000119417 2.67529 
1.00008 0.591438 0.000234139 2.67516 
1.00011 0.59138 0.000277774 2.67522 
1.00748 0.578138 0.00177824 2.69211 
1.00659 0.579886 0.00216735 2.69013 
1.00626 0.58038 0.00368715 2.68932 
1.00553 0.581818 0.00379116 2.6877 
1.00505 0.582682 0.0025589 2.68659 
1.0045 0.58376 0.00273601 2.6854 
1.00519 0.582332 0.00497676 2.68686 
1.00457 0.583555 0.00481987 2.68551 
1.00419 0.584289 0.00569282 2.68466 
1.00326 0.583245 -0.000717078 2.68224 
1.00364 0.582579 -0.00107841 2.68293 
1.00379 0.582946 -0.00212076 2.68287 
1.00414 0.582496 -0.00294245 2.68357 
1.00475 0.581199 -0.00282924 2.68506 
1.00513 0.580637 -0.00396112 2.68579 
1.00395 0.583547 -0.00398101 2.68351 
1.00408 0.583469 -0.00502722 2.68392 
1.00372 0.584944 -0.00594342 2.68366 
0.95858 0.632022 -0.158248 2.57919 
0.949938 0.646189 -0.151136 2.55971 
0.950308 0.649425 -0.139399 2.56054 
0.943144 0.66222 -0.129841 2.54503 
0.931241 0.674358 -0.129003 2.51638 
0.925496 0.685223 -0.115267 2.50426 
0.944994 0.660699 -0.118773 2.54823 
0.939755 0.670017 -0.107713 2.53682 
0.942741 0.667512 -0.0986405 2.54346 
0.985606 0.613352 0.0480737 2.64179 
0.981783 0.619415 0.0495535 2.63311 
0.981275 0.620258 0.0527263 2.63218 
0.976379 0.628619 0.0538402 2.62157 
0.971165 0.635653 0.0484386 2.60896 
0.966261 0.643065 0.0432378 2.59769 
0.975341 0.628726 0.0575634 2.61849 
0.969489 0.637871 0.0557497 2.60529 
0.968251 0.642272 0.0600229 2.60455 
0.849768 0.749657 0.0240967 2.32228 
0.863532 0.746779 0.0298398 2.36006 
0.879076 0.734767 0.0275859 2.39508 
0.886848 0.727888 0.0374569 2.41273 
0.88355 0.730902 0.0472809 2.40604 
0.892118 0.722524 0.0560991 2.42521 
0.897701 0.718562 0.0351716 2.4378 
0.905225 0.71183 0.0420608 2.45562 
0.914022 0.703846 0.0387483 2.4762 
1.0003 0.588748 -0.000162177 2.67536 
1.00039 0.588675 -0.000233188 2.67548 
1.00058 0.589093 -0.000437353 2.67568 
1.00066 0.589236 -0.000570507 2.67588 
1.00074 0.588775 -0.000524349 2.67601 
1.00083 0.588919 -0.000707669 2.67626 
1.00062 0.590016 -0.000765444 2.67622 
1.00063 0.590162 -0.000924944 2.67636 
1.00054 0.590388 -0.00108697 2.67625 
1.00143 0.589177 0.000235352 2.67831 
1.0013 0.589404 0.000299824 2.67802 
1.00125 0.589459 0.000569958 2.6779 
1.00112 0.589667 0.000631916 2.67759 
1.00105 0.589794 0.00043303 2.67743 
1.00096 0.589961 0.000489574 2.67722 
1.00106 0.589777 0.000858268 2.67745 
1.00095 0.589972 0.000864366 2.67719 
1.00087 0.590107 0.00103482 2.67701 
0.890766 0.713156 0.119318 2.42002 
0.908017 0.701486 0.127086 2.46444 
0.914709 0.696489 0.118746 2.47979 
0.926757 0.681838 0.124424 2.50689 
0.934768 0.671242 0.136504 2.52585 
0.945833 0.65693 0.137734 2.5509 
0.93203 0.678208 0.116301 2.51954 
0.941706 0.665281 0.120016 2.5412 
0.94599 0.660867 0.111445 2.55047 
0.987922 0.61227 -0.00038137 2.64756 
0.988627 0.611246 -0.00109066 2.64925 
0.988725 0.610971 -0.00210446 2.6494 
0.990022 0.608955 -0.00341476 2.65243 
0.991275 0.606905 -0.00293686 2.65531 
0.992761 0.604351 -0.00375703 2.65866 
0.990184 0.609155 -0.00484442 2.65308 
0.99194 0.606165 -0.00631068 2.65706 
0.99222 0.604685 -0.00786176 2.65711 
1.00047 0.590322 0.0204617 2.67601 
1.00034 0.590125 0.0244592 2.67555 
1.00155 0.588341 0.0256863 2.67857 
1.00143 0.587575 0.0305123 2.67785 
1.00013 0.590145 0.0342366 2.67514 
0.999192 0.591787 0.0427155 2.67336 
1.00319 0.585136 0.0320654 2.68232 
1.00287 0.58507 0.0405479 2.68157 
1.00492 0.580536 0.0429209 2.68587 
0.998755 0.593967 -0.00301692 2.67228 
0.998931 0.593618 -0.00237691 2.67265 
0.999128 0.593202 -0.00239487 2.67306 
0.999257 0.592993 -0.00185898 2.67336 
0.999192 0.593525 -0.00138315 2.67345 
0.99933 0.593371 -0.000999248 2.67381 
0.99942 0.592647 -0.00184219 2.6737 
0.999484 0.592536 -0.00138713 2.67385 
0.999615 0.592291 -0.00133252 2.67414 
0.996304 0.598272 -0.000467127 2.6667 
0.996902 0.597034 -0.000799574 2.66794 
0.996804 0.597267 -0.00175166 2.66776 
0.997538 0.59614 -0.00178505 2.66952 
0.998172 0.594959 -0.00124758 2.67092 
0.998566 0.594401 -0.00120128 2.67189 
0.997527 0.596599 -0.00270456 2.66975 
0.998168 0.595499 -0.00247641 2.67122 
0.998187 0.594773 -0.00323961 2.67087 
0.961795 0.650953 0.00324437 2.58769 
0.963279 0.649338 -0.00627348 2.59144 
0.961029 0.651738 -0.0108912 2.58578 
0.96462 0.647064 -0.0204005 2.59442 
0.970765 0.638676 -0.0221361 2.60874 
0.974306 0.632892 -0.0249465 2.61651 
0.963205 0.647382 -0.0274327 2.5902 
0.969215 0.640152 -0.0315203 2.60493 
0.968865 0.636746 -0.0391759 2.60182 
0.999271 0.592756 0.000196428 2.67326 
0.998945 0.593221 0.000443218 2.67245 
0.998942 0.593279 0.000840239 2.67247 
0.998538 0.593955 0.00146133 2.67154 
0.998061 0.594773 0.00138835 2.67044 
0.997464 0.595841 0.00225507 2.6691 
0.998579 0.593909 0.00204153 2.67164 
0.998085 0.594731 0.0031224 2.6705 
0.998247 0.59464 0.00392264 2.67098 
0.960466 0.652627 0.0080278 2.58453 
0.957136 0.656606 -0.000901567 2.57654 
0.954262 0.660344 -0.000410971 2.56995 
0.952118 0.663318 -0.0111126 2.5652 
0.9536 0.660777 -0.0209993 2.56829 
0.954151 0.657564 -0.0346488 2.56838 
0.948416 0.66664 -0.0109993 2.55573 
0.947395 0.66791 -0.0261905 2.55384 
0.944241 0.676733 -0.0288093 2.55023 
1.00046 0.590931 -0.00484058 2.67619 
1.00018 0.591119 -0.00556084 2.67537 
0.999851 0.591563 -0.00509094 2.67452 
0.999521 0.592024 -0.00570066 2.6737 
0.999584 0.592041 -0.00689266 2.67393 
0.999142 0.592727 -0.00763042 2.67287 
0.999245 0.592598 -0.00505038 2.67312 
0.998871 0.593358 -0.00551182 2.67233 
0.998644 0.594424 -0.00477778 2.67219 
0.999427 0.592416 0.000310039 2.67357 
0.999358 0.592534 0.000661404 2.67341 
0.999502 0.592326 0.000786352 2.67377 
0.999462 0.592351 0.00115805 2.67365 
0.999323 0.592629 0.00160631 2.67336 
0.999341 0.5926 0.0021854 2.6734 
0.999625 0.592111 0.00123679 2.67405 
0.999655 0.592055 0.00162766 2.67412 
0.999803 0.591766 0.0016397 2.67444 
0.999705 0.591787 0.0142968 2.67423 
0.999956 0.591654 0.0110183 2.67494 
0.999186 0.592481 0.00998876 2.67286 
0.999302 0.592795 0.00864665 2.67342 
0.999692 0.591886 0.00795034 2.67417 
0.999662 0.592064 0.00638349 2.67417 
0.998729 0.593456 0.00778582 2.6719 
0.998899 0.593391 0.00630306 2.67242 
0.998453 0.593886 0.00553908 2.67123 
1.02345 0.544477 0.0733661 2.73004 
1.0211 0.544692 0.0645509 2.72157 
1.01688 0.554795 0.0640663 2.71271 
1.01623 0.557874 0.0546842 2.71159 
1.01814 0.553682 0.0480076 2.71542 
1.01695 0.5578 0.0409144 2.71334 
1.01282 0.564513 0.0537962 2.70374 
1.01227 0.566695 0.0466805 2.70273 
1.00969 0.571797 0.0457852 2.69693 
0.981009 0.608051 0.14982 2.63387 
0.98717 0.595254 0.140067 2.64477 
0.985362 0.602467 0.129795 2.64177 
0.990561 0.594669 0.119561 2.6528 
0.998647 0.580794 0.119412 2.67139 
1.00225 0.576081 0.108055 2.6793 
0.988701 0.600862 0.111102 2.64943 
0.992819 0.594513 0.10278 2.65825 
0.991279 0.598793 0.095699 2.65503 
1.01765 0.545636 -0.102359 2.71525 
1.01147 0.554114 -0.108292 2.69932 
1.00762 0.565456 -0.103061 2.69122 
1.00227 0.577138 -0.108446 2.68029 
0.998032 0.58071 -0.118411 2.66964 
0.990872 0.594539 -0.121095 2.65416 
0.998444 0.583898 -0.102051 2.67057 
0.993532 0.593388 -0.104751 2.6602 
0.990692 0.597663 -0.097645 2.65254 
0.985694 0.615486 0.0182929 2.64242 
0.984386 0.617236 0.0215744 2.63929 
0.98531 0.61585 0.0242986 2.64151 
0.983601 0.617582 0.0286111 2.6371 
0.981002 0.623085 0.0287971 2.63207 
0.977315 0.628988 0.0353757 2.62407 
0.985129 0.615869 0.0320436 2.64115 
0.983047 0.61948 0.0387183 2.63686 
0.985158 0.615043 0.0433207 2.64117 
1.00094 0.589153 0.0187726 2.67685 
1.00206 0.587523 0.0204086 2.67967 
1.0027 0.585999 0.0197928 2.68089 
1.00417 0.58353 0.0209893 2.68437 
1.00486 0.58208 0.0241015 2.6859 
1.00668 0.578703 0.0255694 2.69008 
1.00473 0.582229 0.019596 2.68547 
1.00663 0.578956 0.0202938 2.68992 
1.00716 0.577904 0.0182096 2.69108 
0.938563 0.674341 -0.0885199 2.53407 
0.930386 0.682569 -0.0880351 2.51445 
0.927516 0.687155 -0.0798477 2.50809 
0.918592 0.696506 -0.0761985 2.48715 
0.91238 0.70269 -0.0808926 2.47313 
0.90048 0.713852 -0.0742664 2.44496 
0.916071 0.700479 -0.0661857 2.48156 
0.90701 0.709289 -0.0595916 2.46017 
0.905776 0.711357 -0.0478821 2.45725 
0.959216 0.652891 0.0154076 2.58077 
0.954411 0.659363 0.0136881 2.56982 
0.951588 0.663873 0.017247 2.56401 
0.94563 0.67119 0.0158935 2.55018 
0.942584 0.674488 0.00816602 2.54282 
0.935704 0.684675 0.00505712 2.52853 
0.942035 0.675583 0.0210739 2.54209 
0.933703 0.686517 0.0209683 2.52381 
0.927404 0.691204 0.0289737 2.50781 
1.00833 0.576523 0.00286672 2.69404 
1.00781 0.577291 0.00462412 2.69272 
1.00854 0.576077 0.00624884 2.69449 
1.00779 0.577198 0.00787948 2.69261 
1.00681 0.579385 0.00780125 2.6906 
1.00613 0.580622 0.00887101 2.68905 
1.0084 0.576252 0.00995873 2.69416 
1.00739 0.578081 0.0112667 2.69185 
1.00768 0.577458 0.0133969 2.69248 
1.01694 0.554511 -0.0230885 2.71224 
1.01526 0.560229 -0.0258458 2.70889 
1.01334 0.563505 -0.0219842 2.70394 
1.01156 0.568204 -0.0237478 2.70052 
1.01016 0.570615 -0.0288782 2.69729 
1.00811 0.576047 -0.0291836 2.69357 
1.01006 0.570743 -0.020523 2.69681 
1.00856 0.575391 -0.0217648 2.6945 
1.00738 0.577235 -0.0192082 2.69159 
1.00886 0.572821 -0.00306191 2.69524 
1.00951 0.571149 -0.00469055 2.69623 
1.00936 0.572319 -0.00699079 2.69558 
1.00979 0.571292 -0.00963148 2.69621 
1.01146 0.568283 -0.0107746 2.70037 
1.01173 0.567342 -0.014436 2.70055 
1.00903 0.573318 -0.0116203 2.69469 
1.00915 0.573011 -0.0147053 2.69494 
1.00822 0.576158 -0.0159975 2.69371 
1.00108 0.586935 -0.000188137 2.67723 
1.0013 0.586729 -0.000296299 2.67759 
1.00148 0.586817 -0.00063562 2.67755 
1.00171 0.5867 -0.000872859 2.67804 
1.00188 0.586184 -0.000864154 2.67852 
1.00215 0.585936 -0.00117452 2.67905 
1.00169 0.587207 -0.00125003 2.6781 
1.00186 0.587248 -0.00161572 2.6787 
1.00177 0.588244 -0.00197286 2.67903 
1.00391 0.584747 -0.00700885 2.6842 
1.00458 0.583318 -0.00748297 2.68559 
1.00471 0.583093 -0.00866487 2.68591 
1.00561 0.581413 -0.00942463 2.68794 
1.00619 0.579243 -0.0082549 2.68854 
1.00743 0.576649 -0.00864697 2.69121 
1.00579 0.581059 -0.0110169 2.68836 
1.00687 0.578856 -0.0118841 2.69068 
1.00694 0.57872 -0.0140418 2.69087 
1.00021 0.591098 -0.0039553 2.67543 
1 0.591298 -0.00366501 2.67487 
0.999939 0.591263 -0.00301743 2.67462 
0.999794 0.591449 -0.00273558 2.67425 
0.999592 0.59187 -0.0030755 2.67383 
0.99945 0.592713 -0.00275587 2.67385 
0.999759 0.591459 -0.00222825 2.67414 
0.999654 0.592232 -0.00205809 2.67424 
0.99965 0.592254 -0.00166124 2.67424 
1.00314 0.586256 0.000377163 2.6823 
1.00283 0.586834 0.000555476 2.6816 
1.00277 0.586863 0.00103505 2.68141 
1.00249 0.58736 0.00114928 2.68078 
1.00227 0.587739 0.000787519 2.68028 
1.00204 0.588124 0.000885505 2.67973 
1.0024 0.587442 0.0015464 2.68053 
1.00217 0.587885 0.00156085 2.68001 
1.00206 0.588098 0.00191521 2.6798 
0.959945 0.649832 0.0606388 2.58291 
0.956109 0.655869 0.0545867 2.57436 
0.951615 0.661705 0.0592715 2.56426 
0.947522 0.667125 0.0497475 2.55455 
0.951388 0.663405 0.0401521 2.56374 
0.948909 0.666018 0.0312864 2.55736 
0.94083 0.675039 0.0524915 2.53904 
0.937529 0.6792 0.0397138 2.53112 
0.929624 0.688478 0.0395125 2.51304 
0.998104 0.59485 -0.0167389 2.6708 
0.996629 0.597449 -0.017817 2.66748 
0.996023 0.59798 -0.0155878 2.66575 
0.9947 0.600547 -0.0157608 2.66291 
0.992904 0.603232 -0.0174597 2.65863 
0.991341 0.606164 -0.0164553 2.65524 
0.994382 0.600747 -0.0136633 2.66195 
0.993169 0.603365 -0.0131818 2.65951 
0.992985 0.603996 -0.011411 2.65926 
0.998823 0.59364 0.00461043 2.6723 
0.99917 0.592837 0.00435873 2.67298 
0.999365 0.592546 0.00352288 2.67345 
0.999594 0.592093 0.00319515 2.67394 
0.99977 0.591814 0.00347914 2.67436 
0.999974 0.591444 0.00310679 2.67482 
0.99971 0.591956 0.0026043 2.67425 
0.999866 0.59163 0.00233483 2.67457 
0.999936 0.591568 0.00188454 2.67476 
0.919051 0.698731 0.0457505 2.48812 
0.917565 0.6987 0.0576549 2.4842 
0.923331 0.692124 0.0681712 2.4978 
0.924248 0.689888 0.0795827 2.49989 
0.917102 0.697281 0.0852285 2.48386 
0.918353 0.694731 0.0979302 2.48712 
0.931143 0.681158 0.0864471 2.5156 
0.933638 0.677231 0.0978149 2.52165 
0.940699 0.667534 0.102228 2.53743 
1.01849 0.557133 0.0143038 2.71744 
1.01585 0.561118 0.0130111 2.71071 
1.01418 0.564085 0.0157819 2.70677 
1.01265 0.56796 0.0137953 2.70376 
1.0118 0.569219 0.00997906 2.70157 
1.01049 0.572307 0.00905302 2.6989 
1.01118 0.570259 0.0157021 2.70013 
1.01011 0.572934 0.0137293 2.69802 
1.0089 0.574908 0.0151024 2.69513 
0.870491 0.732545 -0.0827758 2.37224 
0.872596 0.735971 -0.0735546 2.3804 
0.882142 0.730225 -0.0690442 2.403 
0.882476 0.73084 -0.0561389 2.40333 
0.875233 0.737045 -0.0481971 2.38675 
0.876488 0.736389 -0.0359296 2.38909 
0.891467 0.724197 -0.0523351 2.42443 
0.891687 0.724082 -0.0411856 2.42434 
0.899341 0.717652 -0.0382493 2.44223 
1.00048 0.590349 -0.00152535 2.67596 
1.00038 0.590594 -0.00173991 2.67576 
1.00022 0.590981 -0.0016578 2.67541 
1.00014 0.59114 -0.0018242 2.67522 
1.00018 0.591087 -0.00210887 2.67533 
1.00007 0.591182 -0.00232662 2.675 
1.00001 0.591089 -0.00158642 2.67476 
0.999887 0.591193 -0.00173591 2.67441 
0.999802 0.591764 -0.00158278 2.67446 
1.00061 0.590348 0.00376621 2.6763 
1.00057 0.590488 0.00310026 2.67624 
1.00032 0.590886 0.0029084 2.67565 
1.00031 0.590955 0.00244143 2.67566 
1.00045 0.590697 0.00223485 2.67595 
1.00041 0.590779 0.00184158 2.67589 
1.00014 0.591192 0.00223643 2.67522 
1.00016 0.591198 0.00186365 2.67529 
1.00004 0.591361 0.00167999 2.67497 
0.967942 0.622438 0.153264 2.6011 
0.970196 0.623689 0.141245 2.60725 
0.962891 0.633517 0.1393 2.58977 
0.964949 0.634349 0.128675 2.59538 
0.971647 0.624961 0.119327 2.60967 
0.972661 0.624498 0.110916 2.61165 
0.957583 0.643637 0.125448 2.57748 
0.960498 0.641531 0.115611 2.58409 
0.954102 0.649926 0.111734 2.56882 
1.0006 0.590294 -0.00124659 2.67639 
1.00076 0.590214 -0.00129532 2.67687 
1.00081 0.590041 -0.00147079 2.67693 
1.00102 0.589753 -0.00146781 2.67745 
1.00109 0.589084 -0.00125299 2.67723 
1.00133 0.588245 -0.00116278 2.67753 
1.00109 0.589561 -0.00168725 2.67758 
1.00137 0.589049 -0.00166845 2.67819 
1.00146 0.588843 -0.00197935 2.6784 
1.00157 0.588961 0.000285866 2.67866 
1.00153 0.588979 0.000572757 2.67855 
1.00168 0.588741 0.000714287 2.67888 
1.0016 0.58882 0.00102332 2.67869 
1.00139 0.589191 0.0011754 2.67821 
1.0013 0.589376 0.00139966 2.67802 
1.00175 0.588573 0.00127586 2.67905 
1.00162 0.588833 0.00155728 2.67876 
1.00175 0.58856 0.00185471 2.67902 
0.999981 0.591851 -1.51029e-05 2.67508 
0.999969 0.592027 -0.00010005 2.67514 
0.999931 0.592074 -9.15644e-05 2.67504 
0.999935 0.592204 -0.000200955 2.67513 
0.999931 0.592014 -0.000275696 2.67501 
0.999944 0.59176 -0.000319028 2.67491 
0.999886 0.592234 -0.000204735 2.67499 
0.999895 0.592078 -0.000281415 2.67493 
0.999856 0.592123 -0.000323089 2.67483 
1.00028 0.591108 3.55697e-05 2.67565 
1.00026 0.591146 4.96635e-05 2.67559 
1.00026 0.59115 9.61534e-05 2.6756 
1.00023 0.591195 0.000109748 2.67551 
1.00021 0.591239 8.14107e-05 2.67548 
1.00018 0.591281 7.98074e-05 2.67541 
1.00022 0.591212 0.000172922 2.6755 
1.00017 0.591282 0.000161773 2.67539 
1.00015 0.59131 0.000230711 2.67532 
1.00376 0.58513 0.0052976 2.68373 
1.00351 0.5854 0.00423973 2.68304 
1.00312 0.58625 0.0041084 2.68224 
1.00291 0.58657 0.00321551 2.68172 
1.00313 0.586185 0.00268355 2.68224 
1.0029 0.586548 0.00203987 2.68169 
1.00261 0.587176 0.00308005 2.68108 
1.00244 0.587413 0.00247806 2.68065 
1.00221 0.587888 0.00240259 2.68015 
1.00284 0.583969 -0.000764051 2.68114 
1.00303 0.584236 -0.00149946 2.68114 
1.00268 0.584982 -0.0015364 2.68025 
1.00263 0.585686 -0.00215872 2.68037 
1.00279 0.585716 -0.00279886 2.68089 
1.00259 0.586907 -0.00342935 2.68099 
1.00228 0.586493 -0.00209564 2.67965 
1.00215 0.587572 -0.00259973 2.67992 
1.00185 0.588225 -0.00244351 2.6793 
1.00001 0.591112 -0.000809348 2.67477 
1.00002 0.591102 -0.000895539 2.67482 
0.999962 0.591226 -0.000947883 2.67468 
0.999984 0.591219 -0.00107391 2.67475 
1.00005 0.591039 -0.0011395 2.67485 
1.00006 0.591043 -0.00127704 2.67491 
0.999897 0.591403 -0.00114091 2.67456 
0.99991 0.591408 -0.0013143 2.67461 
0.999801 0.591764 -0.00135 2.67446 
1.00066 0.590409 0.00119304 2.67649 
1.00053 0.590609 0.00120791 2.67619 
1.00047 0.590715 0.00136781 2.67604 
1.00036 0.590883 0.0013139 2.67576 
1.00035 0.590924 0.00110434 2.67575 
1.00027 0.591056 0.00104299 2.67556 
1.00027 0.591022 0.00143829 2.67556 
1.00017 0.591195 0.00134084 2.67533 
1.00007 0.591349 0.0014081 2.67507 
0.999924 0.589565 -6.46637e-05 2.67461 
0.99996 0.589514 -8.87472e-05 2.67463 
1.00013 0.589787 -0.000136746 2.67474 
1.00016 0.589852 -0.000199627 2.67478 
1.00017 0.589584 -0.000151777 2.67481 
1.00024 0.58969 -0.000209639 2.67493 
1.00021 0.590433 -0.000230387 2.67512 
1.00021 0.590551 -0.000281927 2.67515 
1.00019 0.590957 -0.000313896 2.67537 
1.00076 0.590324 2.59992e-05 2.67677 
1.0007 0.590408 7.95343e-05 2.67662 
1.00067 0.590478 0.000140964 2.67655 
1.00063 0.590565 0.000152706 2.67647 
1.00061 0.590588 0.000113221 2.67642 
1.00058 0.590654 0.000122822 2.67636 
1.0006 0.590607 0.000191333 2.67639 
1.00057 0.590672 0.000186131 2.67633 
1.00054 0.590722 0.000203324 2.67627 
1.00023 0.588932 -0.000154438 2.67515 
1.00039 0.589266 -0.000279807 2.67529 
1.00033 0.589543 -0.000274168 2.67511 
1.00035 0.59018 -0.000399688 2.67544 
1.00038 0.590446 -0.00050825 2.67567 
1.00032 0.590787 -0.000589765 2.67571 
1.00028 0.590441 -0.000347345 2.67533 
1.00023 0.590865 -0.000430138 2.67547 
1.00017 0.591016 -0.000371915 2.67537 
1.00077 0.590258 0.000955176 2.67675 
1.00074 0.59033 0.000732485 2.67671 
1.00068 0.590456 0.000624512 2.67657 
1.00065 0.590496 0.000477961 2.67651 
1.0007 0.590428 0.000407791 2.67664 
1.00067 0.590478 0.000290048 2.67655 
1.00061 0.590595 0.000424432 2.67641 
1.00059 0.590629 0.000316365 2.67637 
1.00055 0.590695 0.000272964 2.6763 
0.968758 0.620002 -0.149302 2.60257 
0.968134 0.625448 -0.136921 2.6014 
0.976884 0.616746 -0.128779 2.62287 
0.976028 0.61846 -0.118439 2.61973 
0.97006 0.628214 -0.116617 2.60639 
0.970108 0.629184 -0.106704 2.60596 
0.982429 0.610713 -0.110093 2.63479 
0.981408 0.612806 -0.101641 2.6318 
0.986232 0.608002 -0.0961243 2.6441 
0.999976 0.591154 -0.00037699 2.67468 
0.999968 0.591187 -0.000380316 2.67467 
0.99995 0.591248 -0.000388673 2.67465 
0.999936 0.59136 -0.000406324 2.67466 
0.999938 0.591301 -0.000467741 2.67464 
0.999908 0.591396 -0.000511454 2.67459 
0.999907 0.591565 -0.000396629 2.67468 
0.999879 0.591726 -0.000435446 2.67469 
0.999841 0.592003 -0.000413618 2.67472 
1.00031 0.591062 0.00047232 2.67572 
1.0003 0.591091 0.000401293 2.67568 
1.00025 0.591155 0.000428743 2.67558 
1.00025 0.591169 0.000356098 2.67557 
1.00027 0.591133 0.000269861 2.67562 
1.00026 0.59115 0.000214538 2.67561 
1.00021 0.59123 0.00037087 2.67546 
1.00021 0.591228 0.000297725 2.67547 
1.00018 0.591281 0.000314712 2.67539 
0.861028 0.74863 0.00303467 2.35399 
0.873554 0.740002 0.0022475 2.38283 
0.875282 0.738854 -0.0106398 2.38691 
0.886326 0.729689 -0.010041 2.412 
0.8929 0.723526 0.0036179 2.42653 
0.901846 0.715987 0.00329012 2.44763 
0.889974 0.726941 -0.0213383 2.42083 
0.898637 0.718498 -0.0190672 2.44014 
0.90329 0.715113 -0.0273661 2.45176 
1.01755 0.548773 0.0865521 2.71343 
1.01383 0.558029 0.0831349 2.70561 
1.00996 0.56421 0.0911106 2.69665 
1.00651 0.57257 0.0861666 2.6894 
1.00762 0.572566 0.0741059 2.69208 
1.00476 0.578165 0.0702244 2.68549 
1.00168 0.579995 0.0916538 2.67801 
0.999472 0.585856 0.0854629 2.67353 
0.994271 0.594471 0.0880052 2.66159 
1.00411 0.58424 0.00785575 2.6844 
1.0042 0.583967 0.00952206 2.68456 
1.00483 0.582764 0.00961024 2.68596 
1.00499 0.582473 0.0118592 2.68634 
1.00416 0.583822 0.0134799 2.68437 
1.00407 0.584053 0.0159121 2.68424 
1.0058 0.580933 0.0120577 2.68816 
1.00592 0.58068 0.0149908 2.68845 
1.00699 0.578916 0.0154799 2.69103 
1.00969 0.573124 0.0402479 2.69743 
1.01061 0.570202 0.0359291 2.69871 
1.00999 0.572751 0.0318831 2.69795 
1.01042 0.571353 0.0273655 2.69846 
1.01253 0.567612 0.0265755 2.70341 
1.01268 0.56698 0.0222143 2.70346 
1.00977 0.573658 0.0240689 2.69749 
1.00984 0.572787 0.0206837 2.69716 
1.00909 0.57513 0.0183923 2.69593 
0.953835 0.653336 -0.0882609 2.56784 
0.959965 0.645298 -0.085055 2.58176 
0.965252 0.636909 -0.0927072 2.59388 
0.970214 0.630147 -0.0880052 2.60512 
0.968947 0.635362 -0.0780925 2.60361 
0.973444 0.630544 -0.0754768 2.61486 
0.975832 0.621376 -0.0921944 2.6181 
0.979306 0.616748 -0.0876155 2.62613 
0.984728 0.609678 -0.08952 2.63958 
1.00028 0.591077 0.000609311 2.67563 
1.00024 0.591154 0.000637562 2.67554 
1.00022 0.591162 0.000799715 2.67548 
1.00017 0.59126 0.000824148 2.67535 
1.00015 0.591283 0.000695989 2.67532 
1.00009 0.591355 0.000713349 2.67515 
1.00013 0.591291 0.0010112 2.67525 
1.00007 0.591371 0.00104846 2.67508 
1.00003 0.591427 0.00126911 2.67498 
0.999818 0.592128 -0.000447191 2.67471 
0.999818 0.591961 -0.00052782 2.67462 
0.999783 0.592043 -0.000599162 2.67455 
0.999795 0.591889 -0.000718127 2.6745 
0.999837 0.591644 -0.000732611 2.6745 
0.999864 0.591486 -0.000847652 2.6745 
0.999769 0.591969 -0.000817574 2.67446 
0.999782 0.591813 -0.000961564 2.67442 
0.999731 0.591922 -0.0010934 2.67431 
1.00038 0.590965 -0.0154603 2.67609 
1.00134 0.588648 -0.0150007 2.67793 
1.00179 0.587492 -0.0161603 2.6788 
1.00286 0.585751 -0.0152587 2.68134 
1.00339 0.585241 -0.0132231 2.68279 
1.00404 0.583939 -0.0118149 2.68419 
1.00354 0.584736 -0.0166085 2.68307 
1.00463 0.582683 -0.014993 2.68548 
1.0055 0.580897 -0.0159151 2.68738 
0.985407 0.610384 0.0914516 2.64237 
0.980143 0.618034 0.0922635 2.62996 
0.977375 0.622232 0.0970172 2.62406 
0.971079 0.630982 0.0965294 2.60917 
0.969239 0.634349 0.0909135 2.60486 
0.963566 0.642866 0.0874018 2.59185 
0.967578 0.635892 0.100548 2.60143 
0.960549 0.645293 0.0976583 2.58472 
0.955702 0.652362 0.101285 2.57437 
1.00283 0.586416 -0.00612041 2.68157 
1.00227 0.587118 -0.00541428 2.68011 
1.00239 0.58722 -0.00462221 2.68057 
1.00196 0.587778 -0.00415051 2.67947 
1.00167 0.588261 -0.00430302 2.67875 
1.00136 0.588695 -0.0039498 2.67797 
1.00201 0.587926 -0.0035308 2.67969 
1.00165 0.588425 -0.00328939 2.6788 
1.00165 0.588569 -0.0028034 2.67889 
1.00284 0.585424 -0.0363967 2.68167 
1.00303 0.585028 -0.0317788 2.68191 
1.00449 0.58213 -0.0308012 2.68507 
1.00445 0.582443 -0.0263037 2.685 
1.0028 0.585795 -0.0234972 2.68134 
1.00279 0.586149 -0.0203667 2.68144 
1.00584 0.580306 -0.0245568 2.68834 
1.00515 0.581381 -0.0209745 2.68658 
1.00634 0.579975 -0.0190236 2.68969 
1.00095 0.589785 0.00447329 2.67709 
1.00134 0.589203 0.00453936 2.67804 
1.00138 0.589011 0.00409144 2.67806 
1.00172 0.588529 0.0039806 2.67892 
1.00198 0.587972 0.00439478 2.67947 
1.00239 0.5873 0.00410239 2.68043 
1.00172 0.588492 0.00343303 2.67889 
1.00204 0.587956 0.0032164 2.67963 
1.00199 0.588061 0.00267523 2.67953 
0.998232 0.595166 -0.00516822 2.67127 
0.99796 0.595528 -0.00629946 2.67059 
0.997373 0.596698 -0.00666119 2.66934 
0.996851 0.597456 -0.00811825 2.66807 
0.997159 0.596321 -0.00953014 2.66844 
0.996602 0.597116 -0.0114357 2.66709 
0.996083 0.59898 -0.008377 2.66644 
0.99533 0.600068 -0.0100412 2.66462 
0.994315 0.601958 -0.0100815 2.66241 
0.961648 0.6454 0.0704723 2.58594 
0.956447 0.653144 0.0725989 2.57469 
0.956952 0.653932 0.0777691 2.57729 
0.951835 0.65968 0.0802754 2.56505 
0.945278 0.668346 0.0747624 2.54984 
0.938625 0.676759 0.0762851 2.53491 
0.952454 0.657501 0.0866645 2.56608 
0.946171 0.665731 0.0901378 2.55214 
0.947471 0.663456 0.0971664 2.5554 
1.00064 0.590519 -0.00372202 2.67655 
1.00076 0.589902 -0.00331077 2.67663 
1.00092 0.589293 -0.00339417 2.6768 
1.00101 0.589228 -0.00289626 2.6771 
1.00087 0.589422 -0.00247904 2.67676 
1.0009 0.589649 -0.00205259 2.677 
1.00118 0.589074 -0.00297382 2.67758 
1.00122 0.589235 -0.00242836 2.67782 
1.00138 0.588972 -0.00237126 2.67822 
1.00086 0.590076 0.0014466 2.67695 
1.00093 0.589918 0.00173404 2.6771 
1.00106 0.589694 0.0017211 2.67741 
1.00118 0.589458 0.00203681 2.67766 
1.00117 0.589503 0.00244262 2.67766 
1.00129 0.589261 0.00306368 2.6779 
1.00135 0.589205 0.00200312 2.67807 
1.0015 0.588899 0.00250846 2.67841 
1.00171 0.588504 0.00244021 2.67888 
1.00008 0.59141 0.000361828 2.67514 
1.00002 0.591504 0.000447839 2.67501 
1.00002 0.591488 0.000570067 2.67499 
0.99995 0.591601 0.000701445 2.67483 
0.999842 0.591759 0.000637181 2.67456 
0.999747 0.591936 0.000715229 2.67435 
0.999956 0.591565 0.000866993 2.67483 
0.999872 0.591713 0.00101245 2.67464 
0.999901 0.591666 0.00121898 2.67471 
0.999408 0.592698 -0.000196459 2.67368 
0.999442 0.592745 -0.000356328 2.67382 
0.999435 0.592924 -0.000540708 2.6739 
0.99949 0.592945 -0.000646115 2.67409 
0.999607 0.592807 -0.000573344 2.6744 
0.999657 0.592433 -0.000671653 2.67435 
0.999519 0.592947 -0.000864046 2.67419 
0.99961 0.592416 -0.000960633 2.67419 
0.999641 0.592161 -0.0011364 2.67415 
1.00041 0.590532 -0.00106232 2.67586 
1.00029 0.590686 -0.000940804 2.67556 
1.00028 0.590774 -0.000781569 2.6756 
1.00021 0.59088 -0.000690103 2.67542 
1.00018 0.59101 -0.000726285 2.67534 
1.00013 0.591098 -0.0006372 2.67522 
1.00021 0.590946 -0.000564042 2.67545 
1.00015 0.59104 -0.000504302 2.67532 
1.00014 0.591068 -0.000414659 2.6753 
1.00037 0.590939 0.000584691 2.67584 
1.00042 0.590867 0.000592454 2.67596 
1.00044 0.590848 0.000490885 2.676 
1.00048 0.590789 0.000486796 2.67611 
1.0005 0.590725 0.000586168 2.67615 
1.00056 0.590633 0.000566562 2.67629 
1.00049 0.590772 0.00039932 2.67612 
1.00053 0.590704 0.000380485 2.67622 
1.00052 0.590712 0.000301373 2.6762 
0.986663 0.609873 0.0505366 2.64324 
0.985773 0.612187 0.05619 2.64207 
0.986844 0.611034 0.0596411 2.64509 
0.985214 0.612519 0.0657698 2.64103 
0.982174 0.617785 0.0672572 2.63444 
0.979243 0.621827 0.0756745 2.62806 
0.986526 0.609695 0.0704933 2.64391 
0.984553 0.612532 0.0792174 2.63987 
0.986068 0.6087 0.0849559 2.64293 
0.940432 0.676673 -0.0365788 2.53834 
0.94383 0.67224 -0.0442966 2.54627 
0.941147 0.674177 -0.0506294 2.53941 
0.94535 0.668327 -0.0576634 2.54899 
0.952545 0.660853 -0.0572569 2.56666 
0.956523 0.655312 -0.0608513 2.57577 
0.943247 0.669737 -0.0654962 2.54378 
0.948607 0.662735 -0.0701879 2.5562 
0.947092 0.662203 -0.0786617 2.55158 
0.935961 0.678365 -0.0341853 2.52538 
0.934216 0.68288 -0.0396869 2.52332 
0.929836 0.688084 -0.0364239 2.51331 
0.927169 0.690657 -0.0435255 2.50714 
0.928406 0.687432 -0.054196 2.50919 
0.926916 0.687823 -0.0628291 2.50529 
0.921995 0.69533 -0.0392188 2.49439 
0.918926 0.69814 -0.0476669 2.4873 
0.913454 0.705435 -0.0439417 2.47592 
0.995711 0.599357 -0.00125735 2.66539 
0.995676 0.599415 -0.00247278 2.66531 
0.995229 0.600414 -0.00303482 2.66444 
0.995294 0.600695 -0.0044019 2.66481 
0.995975 0.599363 -0.00460309 2.66627 
0.99628 0.598226 -0.00583339 2.66662 
0.994839 0.601599 -0.00536374 2.66386 
0.995016 0.600577 -0.00688958 2.66386 
0.994204 0.601789 -0.00791436 2.66192 
1.00583 0.579062 0.0486237 2.68829 
1.00313 0.583305 0.0530838 2.68198 
1.00296 0.583326 0.0588416 2.68174 
0.999482 0.58893 0.0632905 2.6737 
0.996348 0.594404 0.0607621 2.66642 
0.992568 0.601103 0.0619309 2.65799 
0.9987 0.589895 0.0701479 2.67214 
0.993917 0.597566 0.0724366 2.66099 
0.992279 0.601081 0.0805326 2.65837 
0.918642 0.699267 0.0231161 2.48643 
0.917916 0.700026 0.0123561 2.48457 
0.913803 0.705487 0.00873336 2.47592 
0.914247 0.704584 -0.00432099 2.47664 
0.919974 0.698465 -0.0113124 2.48971 
0.921517 0.695872 -0.0217694 2.49276 
0.910028 0.709223 -0.00964881 2.46721 
0.912414 0.706572 -0.0221293 2.47277 
0.908623 0.708732 -0.0286948 2.46289 
1.00053 0.590718 4.35179e-05 2.67623 
1.00052 0.590746 3.74375e-05 2.67622 
1.00054 0.590726 7.54478e-05 2.67626 
1.00052 0.590747 8.44564e-05 2.67621 
1.0005 0.59078 4.53655e-05 2.67617 
1.00048 0.590792 4.81649e-05 2.67613 
1.00053 0.590725 0.000128202 2.67624 
1.00051 0.590747 0.000131002 2.6762 
1.00052 0.590759 0.000180309 2.67623 
1.00043 0.590839 7.64101e-07 2.67599 
1.00044 0.590841 1.58274e-05 2.67601 
1.00045 0.590824 2.67131e-05 2.67604 
1.00045 0.590827 6.29564e-05 2.67605 
1.00042 0.590872 7.36069e-05 2.67597 
1.00041 0.590909 0.000100917 2.67596 
1.00047 0.590799 8.43865e-05 2.67609 
1.00047 0.590817 0.000133836 2.67609 
1.00049 0.590784 0.000175154 2.67614 
0.999652 0.58968 -8.81447e-06 2.67393 
0.999776 0.589842 5.33451e-06 2.67416 
0.999914 0.589946 -1.2553e-05 2.67419 
1.00003 0.590132 -7.65235e-05 2.67451 
0.99999 0.589941 -8.3889e-05 2.67444 
1.00007 0.59004 -0.000120403 2.67459 
1.00009 0.590539 -0.000122785 2.67477 
1.00012 0.590707 -0.000200534 2.67498 
1.00013 0.591011 -0.000247701 2.67519 
0.999992 0.591279 -0.000314681 2.67483 
0.99999 0.591383 -0.000292835 2.67491 
0.999997 0.59135 -0.000298865 2.67492 
1.00001 0.591412 -0.000277108 2.67505 
0.999991 0.591357 -0.000196393 2.67493 
1.00005 0.591084 -0.00017102 2.67497 
1.00002 0.591346 -0.000283247 2.67503 
1.00007 0.591245 -0.000266832 2.67517 
1.00008 0.591159 -0.000310554 2.67516 
