0.998969 0.593207 0.0172771 2.67268 
0.979591 0.625085 -0.0150811 2.62844 
1.02131 0.545907 -0.0844611 2.72556 
0.987014 0.613661 3.84671e-05 2.64543 
0.999991 0.591316 -0.000282711 2.67483 
1.00016 0.591307 0.000470405 2.67536 
1.00051 0.590849 -0.00491254 2.67633 
1.00092 0.590046 0.0152662 2.67724 
0.982696 0.621147 -0.0227562 2.63625 
0.987175 0.613343 -0.000539753 2.64577 
0.987504 0.612875 0.000647712 2.64656 
0.998506 0.593769 -0.0184135 2.67155 
0.98989 0.60868 0.0142314 2.65192 
0.998966 0.590669 -0.0484705 2.67235 
0.987594 0.612333 0.0178789 2.6467 
1.01738 0.548232 -0.0876715 2.71378 
0.99995 0.59151 -1.69375e-05 2.67478 
0.999614 0.592325 7.59594e-05 2.67414 
1.00358 0.585208 0.000512191 2.68316 
1.0067 0.577259 -0.0022274 2.69034 
0.888432 0.715101 -0.107283 2.41397 
0.96292 0.647035 0.0225507 2.58888 
0.870959 0.732736 0.0933455 2.37404 
1.00077 0.58806 -0.000265347 2.67656 
1.00068 0.590399 0.000120217 2.67655 
0.959487 0.632058 0.161999 2.58135 
0.994043 0.601461 -0.00112222 2.66114 
0.992299 0.603182 0.0447763 2.65743 
0.999317 0.592749 -0.000220571 2.67341 
0.999129 0.592972 -0.000215671 2.67292 
0.980262 0.624591 -0.0185945 2.63037 
0.996105 0.598552 0.000834508 2.66621 
0.96507 0.64295 -0.0447452 2.59386 
0.999534 0.592476 -0.0127272 2.67408 
0.998534 0.594005 0.00377974 2.67156 
1.00042 0.590724 0.00520299 2.67588 
1.02176 0.551081 0.0232575 2.72539 
1.01916 0.549801 0.0985402 2.72054 
0.979013 0.604415 -0.152336 2.62671 
0.96788 0.641766 0.0227881 2.60135 
1.0061 0.579109 0.0372358 2.68874 
0.884769 0.725789 -0.0949315 2.41003 
0.940535 0.678773 -0.017287 2.53965 
1.00413 0.584176 0.00650315 2.68441 
1.00357 0.583268 -0.0417223 2.68305 
1.01799 0.556235 -0.0164066 2.71683 
1.00234 0.585097 -0.000440842 2.68033 
1.00738 0.575697 -0.00318907 2.69154 
0.998593 0.594242 -0.00403425 2.67191 
1.00149 0.588952 0.000179678 2.6784 
0.959548 0.65169 0.019662 2.58111 
0.985183 0.61563 -0.0198484 2.64087 
1.00036 0.590942 0.00429438 2.6758 
0.887379 0.72461 0.0987113 2.41681 
1.00934 0.574795 0.00233656 2.69642 
0.84804 0.752295 -0.0108047 2.31966 
1.00035 0.591075 -0.00353039 2.6759 
1.00058 0.590552 0.00142102 2.6763 
0.985307 0.607117 0.0971717 2.64057 
1.00095 0.587866 -0.000310345 2.67691 
1.00072 0.590296 0.00119486 2.67662 
0.999995 0.591358 -0.000281389 2.67486 
0.99999 0.591629 6.90421e-06 2.67498 
1.0032 0.585914 0.000738844 2.68231 
1.003 0.586443 -0.00554867 2.68213 
1.00032 0.590764 -0.00125812 2.67568 
1.00016 0.591313 0.000671264 2.67537 
1.00009 0.589243 -8.74023e-05 2.67504 
1.00036 0.590983 2.45279e-05 2.67581 
1.00042 0.590768 -0.000957659 2.67608 
1.0006 0.590542 0.000129312 2.67637 
0.951289 0.657553 -0.0987313 2.56361 
0.999987 0.591305 -0.000550942 2.67481 
1.00012 0.591408 6.80679e-05 2.67527 
0.916115 0.704443 0.0308732 2.48277 
1.00785 0.575401 0.0497002 2.69298 
1.0013 0.589344 0.0167422 2.67814 
1.0188 0.5548 0.02112 2.71737 
0.970675 0.637139 -0.0537027 2.60869 
0.999968 0.591671 0.000398696 2.67493 
0.999985 0.591314 -0.000663674 2.67481 
1.003 0.586001 -0.00804491 2.68191 
0.965153 0.639563 0.0722456 2.59352 
1.00069 0.590498 -0.00438164 2.67671 
1.00024 0.591529 -0.0170248 2.67597 
1.00294 0.586323 0.00560205 2.6817 
0.9985 0.593876 -0.0139146 2.67149 
0.927582 0.693061 0.0477695 2.51043 
1.0005 0.590261 -0.00140663 2.67601 
1.00079 0.590331 0.00398092 2.67689 
0.999497 0.592467 0.000174512 2.67384 
0.999828 0.592151 -0.000422998 2.67475 
1.00005 0.591274 -0.000648078 2.67501 
1.00052 0.590648 0.00101508 2.67615 
0.969334 0.635408 0.0700227 2.60414 
0.967411 0.641696 -0.0484791 2.60082 
0.940875 0.671704 -0.0840903 2.53901 
0.997759 0.595536 -0.00451368 2.66991 
0.989665 0.606175 0.0488015 2.65077 
0.932656 0.683036 -0.0260966 2.51814 
1.00026 0.591141 1.06804e-05 2.6756 
1.00015 0.591343 3.69661e-05 2.67534 
0.999794 0.589728 -3.40064e-05 2.67435 
0.999854 0.590337 -0.000122854 2.67443 
0.992764 0.604193 0.0193958 2.65876 
0.99519 0.600122 0.0178031 2.6643 
0.998225 0.594849 0.00902029 2.67107 
0.979852 0.624764 0.00892657 2.62901 
0.977857 0.629219 0.00397906 2.6253 
0.970738 0.638682 -0.00329736 2.60836 
1.02317 0.545561 -0.0424274 2.72923 
1.01942 0.547276 -0.0498127 2.71755 
1.00719 0.574283 -0.0550886 2.69053 
0.985749 0.615908 0.0051234 2.6427 
0.98533 0.616105 0.00292047 2.64143 
0.984357 0.618216 -0.00396117 2.63957 
1.00001 0.591315 -0.000410222 2.67489 
1.00001 0.591333 -0.000367941 2.67491 
1.00003 0.591434 -0.000327497 2.6751 
1.00014 0.591355 0.000169739 2.67531 
1.00016 0.591322 0.000247824 2.67535 
1.00025 0.59116 0.000333437 2.67558 
1.00042 0.59086 -0.00977203 2.67607 
1.00085 0.590243 -0.00824259 2.67712 
1.00163 0.588255 -0.00636 2.67862 
1.00103 0.589939 0.00738065 2.67748 
1.00118 0.589296 0.00863764 2.67761 
1.00276 0.586538 0.009916 2.68124 
0.977863 0.626646 -0.0364834 2.62446 
0.980972 0.623155 -0.0357343 2.63233 
0.989817 0.607521 -0.0423437 2.65189 
0.985518 0.616258 -0.0064257 2.64216 
0.98659 0.614844 -0.00520087 2.64479 
0.989263 0.610689 -0.00619976 2.65101 
0.991541 0.60629 0.0016087 2.65581 
0.990025 0.608597 0.00189283 2.65222 
0.987435 0.612828 0.00597277 2.64632 
0.990693 0.607926 -0.0257192 2.65438 
0.993323 0.602549 -0.0261777 2.65981 
0.998891 0.592048 -0.0302284 2.67218 
0.99388 0.602208 0.00492852 2.66106 
0.993675 0.602392 0.00682221 2.66051 
0.996035 0.59826 0.00873246 2.66584 
0.983636 0.616271 -0.0591055 2.63787 
0.988247 0.608052 -0.0600417 2.648 
0.993916 0.597273 -0.0686264 2.66075 
0.995421 0.598822 0.0222794 2.66437 
0.993462 0.60265 0.0240158 2.66023 
0.988449 0.610104 0.0306725 2.64844 
1.00512 0.578963 -0.0595101 2.68656 
1.00609 0.575228 -0.0672447 2.6881 
1.00152 0.580918 -0.0899569 2.67795 
0.999733 0.591926 -7.58478e-05 2.6743 
0.999818 0.591816 -6.00415e-05 2.67452 
0.999884 0.592134 -0.000188798 2.67492 
0.999928 0.591731 1.83444e-05 2.67483 
0.999884 0.591804 5.59116e-05 2.67473 
0.999853 0.591891 0.000270832 2.67468 
1.00568 0.581401 0.00100776 2.68795 
1.005 0.582648 0.0014132 2.68642 
1.00398 0.584411 0.00353585 2.68403 
1.00395 0.582235 -0.00095301 2.68397 
1.0044 0.581386 -0.00147767 2.6848 
1.00458 0.58252 -0.0052803 2.68502 
0.936891 0.66056 -0.150676 2.52841 
0.92885 0.675139 -0.141262 2.51194 
0.930115 0.681286 -0.105438 2.51454 
0.977468 0.625663 0.0458667 2.62283 
0.973017 0.633326 0.0440275 2.61317 
0.963906 0.646812 0.0469318 2.5928 
0.855012 0.747233 0.0478635 2.33626 
0.86967 0.742757 0.0534015 2.37563 
0.903404 0.71389 0.0515188 2.45222 
1.00038 0.588792 -0.000151059 2.67565 
1.00049 0.58875 -0.000234374 2.67584 
1.00069 0.590104 -0.000891635 2.67651 
1.00099 0.589841 0.000162742 2.67726 
1.0009 0.590024 0.000239291 2.67705 
1.00073 0.590323 0.000663006 2.67667 
0.914337 0.688092 0.1441 2.47585 
0.929297 0.675514 0.145902 2.51347 
0.948971 0.656353 0.12871 2.55904 
0.989065 0.609952 -0.0010656 2.64989 
0.990574 0.607836 -0.00144744 2.65356 
0.992973 0.604104 -0.00542365 2.65921 
0.999096 0.592596 0.0268927 2.67294 
0.998526 0.592552 0.0319639 2.67117 
1.00063 0.588659 0.0456478 2.67642 
0.998862 0.594125 -0.00176211 2.67271 
0.999026 0.593854 -0.00135616 2.67309 
0.999428 0.592964 -0.00107187 2.6739 
0.997533 0.595814 -0.00058621 2.66931 
0.998088 0.594874 -0.000586964 2.67059 
0.998491 0.594756 -0.00182931 2.67185 
0.967732 0.642542 -0.0105471 2.60126 
0.970946 0.637715 -0.0162194 2.60854 
0.97424 0.633722 -0.0299316 2.61696 
0.998614 0.59411 0.000387018 2.67188 
0.998091 0.594887 0.000713172 2.6706 
0.997404 0.596176 0.00316166 2.6691 
0.957631 0.655585 -0.0100013 2.57747 
0.95685 0.657151 -0.0204751 2.5762 
0.951869 0.663035 -0.0373938 2.56504 
1.00029 0.59117 -0.00678023 2.67575 
0.999832 0.591614 -0.00766378 2.67451 
0.998602 0.593524 -0.00675451 2.67154 
0.999122 0.593107 0.000960215 2.67297 
0.999075 0.593197 0.00148023 2.67287 
0.999504 0.592449 0.00220405 2.67385 
1.00034 0.590685 0.010145 2.67564 
1.00022 0.591151 0.00832639 2.6755 
0.999152 0.592936 0.00578551 2.67298 
1.02499 0.543171 0.0529601 2.73324 
1.02202 0.5456 0.0466541 2.72417 
1.01379 0.563875 0.04139 2.70606 
0.998049 0.581513 0.137682 2.67226 
1.00149 0.573323 0.126432 2.67743 
0.999666 0.583483 0.102173 2.67438 
1.00981 0.558842 -0.121818 2.69803 
1.0018 0.570017 -0.126652 2.67798 
0.988353 0.599815 -0.111215 2.64771 
0.981892 0.621308 0.0213211 2.63366 
0.979333 0.624281 0.0248119 2.62726 
0.978828 0.625498 0.0412219 2.62695 
1.00219 0.58707 0.0229452 2.67987 
1.00379 0.584383 0.0250844 2.68368 
1.00761 0.577116 0.0234865 2.69222 
0.925519 0.688536 -0.0931678 2.50412 
0.915676 0.698886 -0.0910595 2.48134 
0.899264 0.717654 -0.0609964 2.4432 
0.95238 0.662239 0.00870224 2.56526 
0.947257 0.668445 0.00466056 2.55328 
0.929124 0.690897 0.0105938 2.5126 
1.00661 0.579652 0.00493824 2.69007 
1.00609 0.580459 0.00618139 2.68882 
1.00621 0.580361 0.0102349 2.6892 
1.0135 0.56338 -0.0323401 2.70449 
1.01118 0.568917 -0.0331581 2.69987 
1.00705 0.578024 -0.0256935 2.69108 
1.01122 0.568896 -0.00555916 2.70094 
1.01175 0.566822 -0.00806725 2.70134 
1.01068 0.57052 -0.0163931 2.69872 
1.00132 0.586933 -0.000283707 2.678 
1.00155 0.58659 -0.000424233 2.67838 
1.00199 0.586978 -0.0016305 2.67899 
1.00481 0.582224 -0.00660309 2.68565 
1.00574 0.580223 -0.00679675 2.68756 
1.00741 0.576771 -0.0106983 2.69122 
0.999638 0.591669 -0.00422779 2.67387 
0.999458 0.591983 -0.00380216 2.67345 
0.999442 0.592659 -0.00233401 2.67379 
1.00229 0.587531 0.000285126 2.68021 
1.00205 0.587966 0.00041874 2.67969 
1.00175 0.588452 0.00123453 2.67898 
0.956733 0.654834 0.0455115 2.57515 
0.955261 0.657423 0.0387988 2.5719 
0.943768 0.672946 0.029036 2.54589 
0.994675 0.600193 -0.0205208 2.6627 
0.992912 0.603622 -0.0202755 2.65894 
0.991001 0.606213 -0.0141541 2.6541 
0.999315 0.592823 0.00474811 2.67346 
0.999613 0.592238 0.00429819 2.67409 
0.999941 0.591696 0.00247921 2.67486 
0.910626 0.706491 0.0591104 2.46894 
0.90886 0.706763 0.0727562 2.46477 
0.926868 0.684513 0.10548 2.50675 
1.01498 0.564317 0.00783376 2.7095 
1.01284 0.567617 0.00758595 2.70413 
1.00942 0.573957 0.0107496 2.69627 
0.859933 0.74229 -0.0596366 2.34752 
0.865298 0.744304 -0.049818 2.3643 
0.885137 0.730718 -0.03392 2.40988 
1.00046 0.590665 -0.00202867 2.67605 
1.00034 0.591039 -0.00227638 2.67586 
0.999901 0.591266 -0.00206091 2.6745 
1.0006 0.590471 0.00275062 2.67634 
1.00053 0.590631 0.00229044 2.67618 
1.00018 0.591276 0.00171851 2.6754 
0.976019 0.615203 0.130654 2.6192 
0.977237 0.617045 0.120702 2.62301 
0.966818 0.633112 0.109085 2.59808 
1.00076 0.590156 -0.00107942 2.67678 
1.00093 0.589536 -0.00101498 2.67695 
1.00135 0.588572 -0.0013779 2.67778 
1.00114 0.589569 0.000761067 2.67759 
1.00109 0.589676 0.00099323 2.67748 
1.0012 0.589492 0.00159376 2.67774 
0.999966 0.591854 -0.000143452 2.67503 
0.999985 0.591883 -0.000220402 2.67512 
0.999944 0.591733 -0.000306122 2.6749 
1.00005 0.591527 3.68375e-05 2.67511 
1.00002 0.591567 4.18009e-05 2.67505 
0.99998 0.591638 0.000106486 2.67495 
1.00351 0.58533 0.00348242 2.68302 
1.00324 0.585777 0.00268379 2.68236 
1.00235 0.587432 0.00202344 2.68036 
1.00315 0.584491 -0.00215215 2.68143 
1.00303 0.585282 -0.00292902 2.68146 
1.00205 0.58809 -0.00315817 2.67991 
1.00009 0.5912 -0.00087809 2.6751 
1.0001 0.591187 -0.00100289 2.67512 
0.999976 0.591166 -0.00138443 2.67469 
1.00035 0.590985 0.00101588 2.67581 
1.00026 0.591126 0.000996338 2.67559 
1.00007 0.591482 0.00110971 2.67516 
0.999915 0.589529 -4.45707e-05 2.67463 
0.999974 0.589541 -6.04659e-05 2.67469 
1.00021 0.590542 -0.000216225 2.6752 
1.00047 0.590782 2.90937e-05 2.67609 
1.00043 0.590849 6.06794e-05 2.67597 
1.00035 0.590986 0.000148581 2.67579 
1.00047 0.589783 -0.000355332 2.67554 
1.00042 0.590462 -0.000504345 2.67582 
1.00021 0.591177 -0.00046547 2.67561 
1.00063 0.590495 0.000648957 2.67643 
1.00058 0.590573 0.000472431 2.67632 
1.00042 0.59087 0.000270437 2.67596 
0.960758 0.638693 -0.134011 2.58576 
0.961507 0.639053 -0.12221 2.58661 
0.976733 0.621339 -0.100967 2.62187 
0.999983 0.591317 -0.000331371 2.6748 
0.999978 0.591326 -0.000378865 2.67479 
0.999915 0.591591 -0.00046485 2.67473 
1.00012 0.591392 0.000307646 2.67528 
1.00011 0.591423 0.00025364 2.67525 
1.00005 0.591521 0.000238605 2.67511 
0.883868 0.732834 0.0150875 2.40724 
0.893039 0.725175 0.0140387 2.42844 
0.905074 0.714889 -0.00543253 2.45655 
1.01378 0.560994 0.0715855 2.70609 
1.01062 0.567334 0.068586 2.69886 
1.0012 0.584634 0.0744912 2.67763 
1.00352 0.585238 0.0107229 2.68303 
1.00343 0.585421 0.012693 2.68287 
1.00476 0.583125 0.0167328 2.68603 
1.01289 0.566541 0.035532 2.7043 
1.01364 0.564974 0.0307089 2.7058 
1.01141 0.570306 0.019225 2.70099 
0.96006 0.648857 -0.0743238 2.58364 
0.965258 0.643288 -0.0724342 2.5965 
0.977915 0.623513 -0.079977 2.62524 
1.00005 0.591515 0.00054427 2.67512 
1.00002 0.591569 0.000562024 2.67504 
0.999934 0.59172 0.000888013 2.67485 
0.999893 0.591675 -0.00053045 2.6747 
0.999899 0.591551 -0.00061869 2.67465 
0.999856 0.591556 -0.000974972 2.67452 
1.00167 0.58811 -0.0134343 2.67869 
1.00242 0.586865 -0.0124214 2.68049 
1.00467 0.582989 -0.0124464 2.68576 
0.97797 0.622107 0.0878383 2.62506 
0.972624 0.630092 0.0865504 2.61267 
0.958553 0.649155 0.0906135 2.58024 
1.00173 0.588173 -0.0055033 2.6789 
1.00143 0.58862 -0.00490161 2.67813 
1.00129 0.589053 -0.00345171 2.67793 
1.00185 0.588175 -0.0279016 2.67967 
1.00157 0.588339 -0.0246008 2.67876 
1.00351 0.58492 -0.0190658 2.6831 
1.00138 0.589068 0.00496192 2.67811 
1.00181 0.588448 0.00490364 2.67916 
1.00211 0.587774 0.0033835 2.67977 
0.998018 0.594593 -0.00735368 2.67024 
0.997711 0.595021 -0.00890677 2.66949 
0.995387 0.599217 -0.0119596 2.66433 
0.951204 0.661315 0.067001 2.56317 
0.945143 0.668999 0.067795 2.54933 
0.938527 0.676507 0.0833651 2.53507 
1.00059 0.590252 -0.00275073 2.67627 
1.00068 0.589957 -0.00237491 2.67641 
1.00094 0.589849 -0.0019974 2.67727 
1.00077 0.590255 0.00204645 2.67677 
1.00084 0.590081 0.00242276 2.67691 
1.00134 0.58924 0.00302907 2.67807 
0.999808 0.591926 0.000371352 2.67455 
0.999757 0.592049 0.000453558 2.67445 
0.999656 0.592202 0.000908013 2.67421 
0.999593 0.592442 -0.000365118 2.67414 
0.999637 0.592574 -0.000437351 2.67436 
0.999734 0.592118 -0.000844157 2.67443 
1.00023 0.591127 -0.000913657 2.67557 
1.00015 0.591241 -0.00077239 2.67538 
1.00011 0.591318 -0.000468798 2.67531 
1.00026 0.591124 0.000738732 2.67559 
1.00032 0.591029 0.000733599 2.67574 
1.00036 0.590938 0.00046707 2.67582 
0.982848 0.616743 0.0572871 2.63537 
0.980566 0.619463 0.06272 2.62995 
0.980206 0.6189 0.0817522 2.62982 
0.950504 0.66527 -0.0450165 2.56258 
0.954036 0.66008 -0.050346 2.57051 
0.955629 0.656546 -0.0675437 2.57416 
0.935449 0.680822 -0.0500254 2.5262 
0.934008 0.682873 -0.0571946 2.52353 
0.921814 0.695891 -0.0613672 2.49542 
0.996016 0.598745 -0.00283063 2.66603 
0.996237 0.598787 -0.00384386 2.66679 
0.995484 0.599312 -0.00708764 2.66465 
1.00045 0.588267 0.0516485 2.67589 
0.997476 0.593582 0.054523 2.6693 
0.990776 0.603528 0.0678088 2.65394 
0.922033 0.696171 0.00427036 2.49433 
0.923568 0.694952 -0.00628387 2.49822 
0.919504 0.699538 -0.0274844 2.48938 
1.00029 0.591088 2.28076e-05 2.67567 
1.00029 0.591103 2.04069e-05 2.67566 
1.00029 0.591093 8.73857e-05 2.67566 
1.00024 0.591183 2.13791e-05 2.67553 
1.00023 0.59121 4.0877e-05 2.67552 
1.00023 0.591212 0.000157379 2.67552 
0.999717 0.589895 -3.48775e-05 2.67418 
0.999802 0.589883 -4.06477e-05 2.6743 
1.00009 0.590693 -0.00016249 2.67489 
0.999983 0.591569 -0.000196842 2.67502 
0.999997 0.591553 -0.000183103 2.67507 
1.00004 0.591151 -0.00020867 2.67501 
0.996046 0.598559 0.0193326 2.66622 
0.997919 0.595415 0.0164053 2.6705 
0.998664 0.593981 0.0119569 2.67203 
0.977714 0.628968 -0.00261001 2.62467 
0.977239 0.629068 -0.0104073 2.62326 
0.975537 0.631265 -0.0112341 2.61915 
1.02435 0.542796 -0.0606736 2.73267 
1.0176 0.54749 -0.0695629 2.71265 
1.01183 0.562363 -0.0655214 2.70015 
0.986441 0.614621 0.00149356 2.64415 
0.986444 0.614423 0.000471728 2.64403 
0.986145 0.615132 -0.00105287 2.64349 
0.999998 0.59133 -0.000326029 2.67486 
1 0.591344 -0.000305799 2.67488 
1.00001 0.591381 -0.000306682 2.67493 
1.00015 0.591339 0.000301988 2.67533 
1.00017 0.591292 0.000396124 2.67538 
1.00021 0.591225 0.000409101 2.67549 
1.00056 0.590674 -0.00697334 2.67638 
1.00078 0.590406 -0.00576285 2.67699 
1.001 0.589364 -0.00561578 2.67712 
1.0011 0.589724 0.01041 2.67761 
1.00123 0.589233 0.0125961 2.67778 
1.00198 0.587903 0.012556 2.6795 
0.980387 0.623105 -0.0284503 2.63013 
0.982699 0.620194 -0.0280893 2.63582 
0.984592 0.616221 -0.0328728 2.63969 
0.986624 0.614216 -0.00248936 2.6445 
0.987286 0.613403 -0.00197089 2.64617 
0.987725 0.612564 -0.00280628 2.6471 
0.989104 0.610415 0.00144305 2.65031 
0.987864 0.612198 0.00099819 2.64733 
0.987451 0.612914 0.00235334 2.64641 
0.995475 0.599438 -0.023354 2.66498 
0.997695 0.595412 -0.0216043 2.6699 
0.998673 0.592385 -0.023312 2.67142 
0.992347 0.604897 0.00904823 2.65766 
0.991887 0.605047 0.011636 2.65626 
0.993522 0.602382 0.011969 2.66004 
0.992618 0.601707 -0.0555749 2.65829 
0.996344 0.595149 -0.0540958 2.6666 
0.996805 0.593639 -0.0579205 2.6675 
0.991336 0.605792 0.0220318 2.65509 
0.989098 0.60988 0.0212385 2.65019 
0.987932 0.611756 0.023868 2.64758 
1.00947 0.569402 -0.0705343 2.69629 
1.01266 0.562003 -0.0821259 2.70401 
1.00966 0.566187 -0.0911769 2.69709 
0.999867 0.591706 -3.2084e-05 2.67462 
0.999915 0.591642 -5.39508e-05 2.67474 
0.999911 0.591727 -9.45233e-05 2.67477 
0.999816 0.591915 3.47893e-05 2.67457 
0.99973 0.592073 0.00012903 2.67438 
0.999749 0.592071 0.000218917 2.67444 
1.00448 0.583573 0.000702364 2.68521 
1.00398 0.584502 0.00101296 2.68409 
1.00385 0.584676 0.00185068 2.68374 
1.00513 0.580103 -0.00139496 2.68672 
1.00565 0.578996 -0.00219958 2.68762 
1.0057 0.57965 -0.00396335 2.68732 
0.912818 0.689264 -0.135521 2.47197 
0.908025 0.701542 -0.121049 2.4644 
0.913959 0.697522 -0.110907 2.47758 
0.969293 0.6385 0.036836 2.60424 
0.965052 0.64538 0.03133 2.59486 
0.963103 0.648719 0.0341025 2.59096 
0.86289 0.740862 0.0712086 2.3552 
0.877125 0.735417 0.0752628 2.39295 
0.890525 0.724786 0.0671969 2.42319 
1.00056 0.588465 -0.000202814 2.67608 
1.00069 0.588384 -0.000308021 2.6763 
1.00084 0.588836 -0.000619085 2.67639 
1.00081 0.590158 0.000127305 2.67685 
1.00075 0.590296 0.0001975 2.67671 
1.00073 0.590328 0.000355285 2.67666 
0.938296 0.6604 0.156926 2.53242 
0.951439 0.646665 0.154717 2.56435 
0.954471 0.645775 0.144992 2.57173 
0.991536 0.605814 -0.00126374 2.6555 
0.993193 0.603418 -0.00145871 2.65951 
0.993548 0.602527 -0.00289737 2.66015 
0.996731 0.595588 0.0355723 2.66713 
0.995436 0.597712 0.0427738 2.66442 
0.996282 0.59646 0.046128 2.66663 
0.999076 0.593422 -0.000790943 2.673 
0.999236 0.593036 -0.00057374 2.67331 
0.999303 0.592993 -0.000652105 2.6735 
0.998521 0.594122 -0.000314016 2.67158 
0.998841 0.593532 -0.000378136 2.67229 
0.998798 0.593641 -0.000808591 2.67221 
0.974669 0.63215 -0.0168797 2.61699 
0.977519 0.627812 -0.0196763 2.62352 
0.977426 0.627748 -0.0235839 2.62327 
0.99762 0.595883 0.000612022 2.66964 
0.996802 0.597101 0.00102215 2.66765 
0.996706 0.597399 0.00201442 2.66751 
0.959668 0.653348 -0.0299433 2.58284 
0.960663 0.650201 -0.0402567 2.58436 
0.959141 0.65157 -0.0425334 2.58057 
1.00007 0.59155 -0.00934802 2.67527 
0.999381 0.592327 -0.0104375 2.67346 
0.998865 0.593109 -0.00924268 2.67219 
0.998849 0.593568 0.00204632 2.67234 
0.998858 0.593646 0.00285239 2.67242 
0.999131 0.593092 0.00295502 2.673 
1.00044 0.590674 0.00723816 2.67595 
1.00028 0.591062 0.00596616 2.67563 
0.999818 0.591806 0.00563633 2.67453 
1.02412 0.545938 0.0360392 2.731 
1.02089 0.54944 0.0320384 2.72184 
1.01766 0.55615 0.0343975 2.7146 
1.01072 0.5629 0.118165 2.70145 
1.01219 0.557178 0.108003 2.70199 
1.00912 0.565323 0.103597 2.69576 
0.997197 0.5779 -0.139571 2.66897 
0.987318 0.592654 -0.141431 2.64517 
0.983989 0.602874 -0.130551 2.63797 
0.976263 0.629957 0.0245632 2.62086 
0.972189 0.636431 0.0280752 2.61199 
0.972096 0.635972 0.0335853 2.61155 
1.00409 0.583318 0.0281952 2.68415 
1.00588 0.58042 0.031478 2.68855 
1.00733 0.577138 0.0304554 2.69149 
0.908852 0.705453 -0.0962991 2.46602 
0.894554 0.717939 -0.0910181 2.43216 
0.891538 0.722561 -0.0772324 2.42529 
0.946067 0.670289 -0.000581817 2.5508 
0.940632 0.678374 -0.00771303 2.5395 
0.933709 0.687065 -0.00612906 2.52408 
1.00533 0.582022 0.00604955 2.68715 
1.00483 0.58297 0.00687831 2.68607 
1.00508 0.582433 0.00810233 2.68658 
1.00893 0.57275 -0.0384656 2.69473 
1.00645 0.57897 -0.0377963 2.69 
1.00588 0.57977 -0.0333579 2.68841 
1.01425 0.563204 -0.00979878 2.70797 
1.01466 0.560846 -0.0133129 2.70786 
1.01395 0.564004 -0.0163746 2.70642 
1.00176 0.586131 -0.000347187 2.67898 
1.00205 0.585695 -0.000525343 2.6795 
1.00225 0.585842 -0.00107447 2.67954 
1.0062 0.578816 -0.00537163 2.68831 
1.00728 0.576626 -0.00524568 2.69091 
1.00781 0.575601 -0.00683561 2.692 
0.999142 0.59263 -0.00419893 2.67279 
0.998985 0.593512 -0.00372808 2.67278 
0.999117 0.593315 -0.00306594 2.6731 
1.00184 0.588322 0.000228448 2.6792 
1.00166 0.588668 0.000327942 2.67879 
1.00163 0.588707 0.0006271 2.67871 
0.957502 0.655137 0.0317585 2.57724 
0.956664 0.656423 0.0245994 2.57523 
0.952869 0.661815 0.023415 2.56679 
0.990186 0.607517 -0.0219281 2.65236 
0.988342 0.611155 -0.0199359 2.64848 
0.988518 0.610066 -0.0172179 2.64834 
0.999864 0.591903 0.00463537 2.67473 
1.00008 0.591428 0.00408059 2.67516 
1.0001 0.591444 0.00325819 2.67524 
0.899995 0.715158 0.0755411 2.44459 
0.898871 0.714677 0.0920273 2.44249 
0.909182 0.703193 0.105836 2.46634 
1.01188 0.570081 0.004277 2.70227 
1.01022 0.572776 0.00448275 2.69825 
1.00951 0.573911 0.00642584 2.69649 
0.853415 0.748135 -0.0340495 2.33214 
0.857885 0.749795 -0.0266268 2.34634 
0.868148 0.74311 -0.0259332 2.37003 
1.00043 0.590858 -0.00270689 2.67605 
1.00029 0.59119 -0.0029987 2.67575 
1.00006 0.591288 -0.00270975 2.67506 
1.00061 0.590485 0.00199272 2.67636 
1.00053 0.590643 0.00166264 2.67619 
1.00038 0.59091 0.00163728 2.67586 
0.981648 0.610803 0.112266 2.6325 
0.982073 0.611614 0.104605 2.63352 
0.977394 0.618825 0.104278 2.62271 
1.001 0.588851 -0.000801969 2.67678 
1.00109 0.588149 -0.000668569 2.67685 
1.00126 0.588009 -0.000804859 2.67732 
1.00093 0.589947 0.00105298 2.67713 
1.00087 0.590085 0.00121372 2.67699 
1.00093 0.589937 0.0013941 2.67711 
0.999984 0.591699 -0.00026807 2.67501 
0.999981 0.591491 -0.000276497 2.67489 
0.99998 0.591502 -0.000291427 2.67489 
1.00001 0.591595 2.17784e-05 2.67503 
0.999992 0.591619 2.08084e-05 2.67498 
0.999987 0.591629 4.11508e-05 2.67497 
1.00341 0.58552 0.00202001 2.68277 
1.0031 0.586052 0.00136644 2.68204 
1.00276 0.586683 0.00148461 2.68131 
1.00318 0.585264 -0.00376046 2.68197 
1.00293 0.586519 -0.00453918 2.68192 
1.00246 0.587373 -0.00421106 2.68088 
1.00019 0.591165 -0.00109291 2.67543 
1.00022 0.591091 -0.00126999 2.67551 
1.00016 0.591284 -0.00139474 2.67539 
1.00024 0.591178 0.000833048 2.67554 
1.00017 0.591285 0.000802454 2.67539 
1.00013 0.591371 0.000872772 2.67529 
0.999988 0.589405 -6.0632e-05 2.6748 
1.00005 0.589403 -8.55237e-05 2.67486 
1.00019 0.589678 -0.000152996 2.67494 
1.00041 0.590901 2.13813e-05 2.67593 
1.00037 0.590946 4.93567e-05 2.67585 
1.00036 0.590982 8.26551e-05 2.67581 
1.00047 0.590663 -0.000645272 2.67611 
1.00039 0.590856 -0.000751507 2.67603 
1.00029 0.591026 -0.00066529 2.6758 
1.00063 0.590487 0.000370622 2.67643 
1.00057 0.590597 0.00022693 2.67629 
1.0005 0.590725 0.0002252 2.67615 
0.954995 0.650045 -0.116165 2.57232 
0.956605 0.648979 -0.106057 2.57553 
0.964836 0.638772 -0.10266 2.59477 
0.999985 0.591308 -0.000415298 2.6748 
0.999975 0.591325 -0.000489349 2.67478 
0.99995 0.591383 -0.000517105 2.67473 
1.00012 0.591401 0.000172723 2.67528 
1.00011 0.591426 0.000130047 2.67525 
1.00009 0.591461 0.000150368 2.6752 
0.900949 0.717689 0.0241304 2.44658 
0.908603 0.710884 0.0225106 2.46448 
0.909375 0.710877 0.0142325 2.46665 
1.01056 0.568967 0.0594739 2.69894 
1.0079 0.574273 0.0570565 2.69291 
1.0054 0.57882 0.0614093 2.68739 
1.0026 0.586828 0.0137888 2.68093 
1.00224 0.587451 0.015918 2.68014 
1.00291 0.586419 0.0170572 2.68179 
1.01617 0.560604 0.0294638 2.71186 
1.01625 0.559834 0.0238373 2.71154 
1.01474 0.563877 0.0202305 2.70861 
0.965398 0.643109 -0.0635823 2.59624 
0.96954 0.637426 -0.0619616 2.60575 
0.973127 0.631962 -0.0672983 2.61418 
1 0.591605 0.000472757 2.675 
0.999966 0.591654 0.000477443 2.67491 
0.99995 0.591699 0.000591147 2.67489 
0.999935 0.591425 -0.000608232 2.6747 
0.999951 0.591361 -0.000696299 2.67472 
0.999938 0.59139 -0.000801236 2.67469 
1.00257 0.586701 -0.0109546 2.68089 
1.00314 0.585824 -0.00960474 2.68226 
1.00379 0.584513 -0.00982932 2.68369 
0.971214 0.633444 0.0810905 2.60983 
0.96588 0.640989 0.0777642 2.59727 
0.96191 0.646576 0.0807073 2.58844 
1.00114 0.58909 -0.0048895 2.67745 
1.0009 0.589538 -0.00440573 2.67688 
1.00102 0.589348 -0.00395368 2.67717 
1.00086 0.589498 -0.0215952 2.67695 
1.00072 0.589478 -0.0190861 2.67642 
1.00156 0.588127 -0.0182266 2.67841 
1.00209 0.587803 0.00527986 2.67973 
1.00256 0.587069 0.00509163 2.68085 
1.00252 0.587004 0.00445274 2.68069 
0.998113 0.59427 -0.0101418 2.67039 
0.997844 0.594869 -0.0122912 2.66988 
0.996878 0.596498 -0.0133186 2.66766 
0.939407 0.676879 0.0606412 2.53636 
0.932714 0.685432 0.0596921 2.52143 
0.931577 0.686662 0.0668904 2.51935 
1.00056 0.590072 -0.00198646 2.6761 
1.00061 0.59013 -0.00166135 2.6763 
1.00069 0.590142 -0.00169479 2.67658 
1.00082 0.590151 0.00285467 2.67686 
1.00088 0.590005 0.00349689 2.67698 
1.00108 0.589666 0.00357917 2.67747 
0.999669 0.592159 0.000341879 2.67422 
0.999596 0.592333 0.000365039 2.67409 
0.999555 0.592376 0.000562168 2.67398 
0.999727 0.592479 -0.000409035 2.6746 
0.999759 0.592261 -0.000485001 2.67459 
0.999781 0.592146 -0.000594228 2.6746 
1.00012 0.591225 -0.000760318 2.67522 
1.00008 0.591259 -0.000661493 2.67512 
1.00009 0.591304 -0.000563869 2.67518 
1.00037 0.59093 0.000885907 2.67583 
1.00045 0.590794 0.000853721 2.67601 
1.00043 0.590821 0.000682142 2.67596 
0.977176 0.62457 0.0641075 2.62218 
0.973988 0.629451 0.070552 2.61543 
0.974226 0.628783 0.0762352 2.61621 
0.959372 0.652842 -0.0485153 2.5825 
0.962457 0.647548 -0.0523457 2.58904 
0.961561 0.648873 -0.0580635 2.58738 
0.937141 0.677888 -0.0672765 2.53041 
0.936586 0.677163 -0.0751715 2.5287 
0.931779 0.683162 -0.0741781 2.51793 
0.996916 0.597645 -0.00390804 2.66835 
0.997161 0.59655 -0.00475988 2.66853 
0.996842 0.59701 -0.00565204 2.66776 
0.995002 0.598134 0.0516701 2.66369 
0.991658 0.603774 0.0527275 2.65608 
0.990215 0.606001 0.0577036 2.65297 
0.927332 0.691722 -0.0137925 2.50762 
0.929278 0.689938 -0.0213604 2.51251 
0.927376 0.691558 -0.0263636 2.50784 
1.00027 0.591122 1.63515e-05 2.67562 
1.00027 0.591133 1.35313e-05 2.67561 
1.00028 0.591129 3.13741e-05 2.67563 
1.0002 0.591253 3.47443e-05 2.67545 
1.00018 0.591296 5.07566e-05 2.67541 
1.00018 0.591284 9.50444e-05 2.67542 
0.99977 0.589784 -1.09336e-05 2.67428 
0.999828 0.589813 -4.28099e-05 2.67436 
0.999986 0.589993 -9.1955e-05 2.67447 
0.999969 0.591302 -0.000193273 2.67482 
0.999969 0.590829 -0.000159445 2.67462 
0.999982 0.590715 -0.000178181 2.67468 
0.989575 0.609798 0.0165975 2.65162 
0.992311 0.605192 0.0173311 2.65784 
0.994049 0.60157 0.0138222 2.66131 
0.995674 0.598707 0.0124516 2.66495 
0.996464 0.597435 0.0134685 2.66681 
0.997677 0.595143 0.0115073 2.66945 
0.996625 0.597695 0.00991838 2.66747 
0.997568 0.595759 0.00851567 2.66943 
0.998116 0.595091 0.00646319 2.67083 
0.984464 0.617887 0.0151774 2.63983 
0.981921 0.622431 0.0137043 2.63433 
0.980535 0.623552 0.0161214 2.63056 
0.977365 0.629708 0.012959 2.62408 
0.975188 0.631989 0.00584767 2.61841 
0.973551 0.633722 -0.00380764 2.61424 
0.974783 0.631861 0.0160033 2.61712 
0.971111 0.638071 0.00723298 2.60918 
0.967937 0.644716 0.00932283 2.6034 
1.02102 0.550532 -0.029287 2.72411 
1.01882 0.550261 -0.035177 2.71653 
1.01583 0.5593 -0.0377286 2.71053 
1.01328 0.563086 -0.0446526 2.70407 
1.01543 0.558783 -0.0505432 2.70945 
1.0119 0.564842 -0.0576232 2.70106 
1.01003 0.570631 -0.0440184 2.69742 
1.0068 0.575999 -0.0484983 2.68991 
1.00359 0.583335 -0.0460528 2.68333 
0.984975 0.616653 0.01214 2.64069 
0.983914 0.618278 0.00827836 2.63819 
0.981788 0.621797 0.00684587 2.63343 
0.981881 0.62164 0.00239814 2.63362 
0.984471 0.618153 0.000776948 2.6399 
0.98485 0.617134 -0.00114686 2.6405 
0.980225 0.624119 -0.00221961 2.62978 
0.982251 0.621326 -0.00510283 2.63464 
0.981827 0.620854 -0.0115294 2.63302 
1.00003 0.591293 -0.000543042 2.67494 
1.00003 0.591308 -0.000477805 2.67497 
1.00005 0.591325 -0.000486192 2.67507 
1.00005 0.591359 -0.000419549 2.6751 
1.00002 0.591369 -0.000368778 2.67499 
1.00002 0.591399 -0.00033052 2.67502 
1.00007 0.591373 -0.000411489 2.67519 
1.00006 0.591398 -0.000356731 2.6752 
1.00008 0.591342 -0.000339822 2.67525 
1.00013 0.591366 6.64351e-05 2.67529 
1.00015 0.59134 0.00012683 2.67533 
1.00017 0.591303 0.000144494 2.67538 
1.00019 0.591269 0.00020673 2.67543 
1.00019 0.591276 0.000262374 2.67543 
1.00021 0.591224 0.000333355 2.67548 
1.00022 0.591228 0.000217147 2.67549 
1.00024 0.591168 0.000263697 2.67555 
1.00028 0.591105 0.000257796 2.67562 
1.00001 0.591437 -0.0135369 2.67509 
1.00072 0.590464 -0.0115532 2.67687 
1.00126 0.588745 -0.0116244 2.67767 
1.00162 0.588191 -0.00969956 2.67853 
1.0012 0.58889 -0.00818555 2.67751 
1.00138 0.588736 -0.00666079 2.67804 
1.00212 0.587284 -0.00952928 2.67969 
1.00222 0.587435 -0.00756409 2.68012 
1.0026 0.586646 -0.00712985 2.68094 
1.00086 0.590203 0.00530114 2.67703 
1.00103 0.589692 0.00614788 2.6773 
1.00141 0.589106 0.00597404 2.67824 
1.00172 0.588346 0.00686867 2.67882 
1.0018 0.588379 0.00843637 2.67912 
1.00212 0.58773 0.0102502 2.67984 
1.00219 0.587718 0.00653777 2.68002 
1.00263 0.586858 0.00778117 2.68098 
1.00311 0.585821 0.0073124 2.68198 
0.975837 0.629061 -0.0484092 2.61993 
0.978882 0.623362 -0.0458371 2.62609 
0.983455 0.616744 -0.0526822 2.63721 
0.985918 0.611986 -0.0488324 2.64215 
0.983447 0.617048 -0.0409376 2.63681 
0.986123 0.613975 -0.0391989 2.64359 
0.991273 0.604435 -0.0511709 2.65526 
0.992493 0.60193 -0.047219 2.65758 
0.997018 0.595558 -0.0469461 2.66869 
0.984774 0.617078 -0.0148664 2.64035 
0.985674 0.615193 -0.0119592 2.64208 
0.987627 0.612375 -0.0138471 2.64678 
0.98809 0.611371 -0.0111326 2.64764 
0.987385 0.613285 -0.00670762 2.64644 
0.988128 0.612354 -0.00529028 2.6483 
0.989989 0.60871 -0.0120545 2.65226 
0.990063 0.608421 -0.00958867 2.65229 
0.991817 0.606198 -0.0101487 2.65673 
0.994022 0.602029 0.00127474 2.66141 
0.992689 0.604105 0.00203717 2.65827 
0.992578 0.604294 0.00411082 2.65802 
0.991125 0.607002 0.00528579 2.65488 
0.98968 0.609153 0.00401245 2.65143 
0.988275 0.611671 0.00388045 2.64836 
0.990634 0.60743 0.00782174 2.65354 
0.988908 0.610802 0.0082175 2.64993 
0.987864 0.612274 0.0113261 2.64744 
0.984717 0.617889 -0.0226842 2.6408 
0.987048 0.612825 -0.0267554 2.64542 
0.987247 0.612035 -0.0307247 2.64573 
0.99103 0.604771 -0.0327239 2.65382 
0.994612 0.599887 -0.0295263 2.6626 
0.997456 0.594724 -0.0274902 2.66888 
0.992108 0.603558 -0.0373379 2.65684 
0.996546 0.595942 -0.0355651 2.66688 
0.9981 0.592033 -0.0392187 2.66988 
0.994965 0.600188 0.00172594 2.66342 
0.994891 0.600356 0.00320898 2.66328 
0.995775 0.59891 0.00330427 2.66534 
0.995801 0.598833 0.00481076 2.66538 
0.994906 0.600497 0.00688464 2.66344 
0.994942 0.600417 0.00885842 2.66352 
0.996649 0.597367 0.00470919 2.66731 
0.99685 0.597102 0.00609221 2.66783 
0.997548 0.595677 0.00569142 2.66929 
0.973892 0.631134 -0.0556638 2.61528 
0.977953 0.624506 -0.060732 2.62459 
0.977245 0.625601 -0.0652289 2.62332 
0.982345 0.616381 -0.0688456 2.63441 
0.988965 0.607271 -0.0652168 2.65031 
0.993369 0.600014 -0.0639608 2.66029 
0.982218 0.617354 -0.0746972 2.635 
0.988298 0.606153 -0.0750833 2.64802 
0.987927 0.601459 -0.0801672 2.6443 
0.999246 0.592641 0.0196721 2.6733 
0.997607 0.595436 0.0227428 2.66959 
0.997698 0.595258 0.0255053 2.66984 
0.995373 0.599321 0.0289458 2.66467 
0.992558 0.603646 0.0276123 2.65795 
0.989789 0.608655 0.0271536 2.65186 
0.995004 0.599565 0.0326257 2.66371 
0.991473 0.605381 0.0339178 2.65559 
0.990514 0.608614 0.0391228 2.65463 
1.00238 0.58652 -0.0490136 2.6813 
1.00271 0.584664 -0.0556262 2.68166 
1.00124 0.587458 -0.0590316 2.6786 
1.00101 0.585466 -0.0671108 2.67711 
1.00341 0.578901 -0.0723901 2.68163 
1.0051 0.575406 -0.0832618 2.68611 
0.999263 0.589279 -0.0703158 2.6738 
0.998289 0.587269 -0.0802296 2.67006 
0.995517 0.59348 -0.0843001 2.66494 
0.999515 0.592323 -6.7373e-05 2.67381 
0.999635 0.592132 -9.50667e-05 2.6741 
0.999629 0.592218 -0.000203156 2.67413 
0.999747 0.592118 -0.000188786 2.67446 
0.99982 0.591904 -0.000130676 2.67458 
0.999879 0.591896 -0.000126673 2.67477 
0.999747 0.592357 -0.000271565 2.6746 
0.999832 0.59226 -0.000246329 2.67482 
0.999831 0.592149 -0.000304189 2.67476 
0.999977 0.591645 3.15291e-06 2.67495 
0.999962 0.591673 2.91221e-05 2.67491 
0.999968 0.591663 4.63748e-05 2.67492 
0.999941 0.591703 9.3629e-05 2.67486 
0.999894 0.591789 9.9419e-05 2.67475 
0.999831 0.591903 0.000205108 2.67461 
0.999956 0.591691 0.000120781 2.6749 
0.999914 0.591761 0.000227821 2.6748 
0.99994 0.591707 0.000272203 2.67486 
1.00725 0.578427 0.00175081 2.69151 
1.00635 0.580165 0.0021302 2.68948 
1.00602 0.580661 0.00361822 2.68868 
1.00528 0.582098 0.00371586 2.68703 
1.00479 0.582954 0.00250454 2.68588 
1.00424 0.584037 0.00267984 2.68467 
1.00495 0.582628 0.00487992 2.68623 
1.00432 0.583857 0.00472719 2.68486 
1.00395 0.584612 0.00558737 2.68407 
1.00307 0.583858 -0.000718183 2.68195 
1.00343 0.583194 -0.00108047 2.68262 
1.00359 0.583552 -0.00212244 2.68255 
1.00394 0.583095 -0.00294136 2.68323 
1.00454 0.581819 -0.00283065 2.6847 
1.00491 0.58125 -0.00395811 2.68542 
1.00374 0.584097 -0.00397774 2.68314 
1.00387 0.584004 -0.00502242 2.68352 
1.00351 0.585442 -0.00593846 2.68326 
0.958784 0.632653 -0.158407 2.58029 
0.950153 0.64681 -0.151291 2.56085 
0.950524 0.650023 -0.139543 2.56166 
0.943365 0.66281 -0.129976 2.54616 
0.931467 0.674961 -0.129139 2.51754 
0.925727 0.685821 -0.11539 2.50544 
0.945211 0.661275 -0.1189 2.54933 
0.939976 0.670589 -0.10783 2.53794 
0.942955 0.668068 -0.0987488 2.54454 
0.9854 0.61364 0.0478698 2.64128 
0.981545 0.619708 0.049313 2.6325 
0.981031 0.620561 0.052481 2.63156 
0.976106 0.628956 0.0535615 2.62088 
0.97088 0.635984 0.0481243 2.60824 
0.965992 0.643398 0.0428553 2.59703 
0.975058 0.629097 0.0572954 2.61779 
0.969195 0.638277 0.05542 2.60459 
0.967948 0.642762 0.0597114 2.60388 
0.850927 0.750164 0.0241133 2.32608 
0.864663 0.747277 0.0298273 2.3638 
0.880115 0.735213 0.0275285 2.39855 
0.887766 0.728339 0.037338 2.41585 
0.884401 0.731398 0.0471682 2.40899 
0.892759 0.723054 0.055934 2.42756 
0.898494 0.719 0.0350056 2.44054 
0.905849 0.712312 0.0418399 2.4579 
0.914524 0.704343 0.0384859 2.47811 
1.00024 0.589074 -0.000131694 2.67534 
1.00033 0.589034 -0.000196175 2.67549 
1.00051 0.589463 -0.000376368 2.67569 
1.0006 0.589613 -0.00050619 2.6759 
1.00067 0.589179 -0.00046926 2.67601 
1.00076 0.589322 -0.000652004 2.67626 
1.00056 0.590336 -0.000695314 2.67622 
1.00057 0.59046 -0.000859769 2.67635 
1.00049 0.590628 -0.00102046 2.67623 
1.00121 0.589439 0.000245915 2.67775 
1.00109 0.589674 0.000309612 2.6775 
1.00105 0.589747 0.000585165 2.6774 
1.00093 0.589957 0.000645624 2.67712 
1.00086 0.590081 0.000447896 2.67695 
1.00077 0.590249 0.000500667 2.67676 
1.00088 0.59006 0.000868912 2.677 
1.00077 0.59025 0.000870225 2.67676 
1.0007 0.590379 0.0010384 2.67661 
0.89059 0.713913 0.119399 2.42011 
0.907664 0.702286 0.127192 2.464 
0.914368 0.697309 0.118784 2.47938 
0.926317 0.682678 0.124484 2.50615 
0.934273 0.672099 0.136599 2.52493 
0.945343 0.657776 0.137843 2.54995 
0.931605 0.679054 0.1163 2.51882 
0.941241 0.666122 0.120038 2.54033 
0.945541 0.661698 0.111408 2.54963 
0.987555 0.612671 -0.000385853 2.6466 
0.988251 0.611642 -0.00110094 2.64825 
0.988352 0.611346 -0.00212094 2.6484 
0.989659 0.609302 -0.00343663 2.65145 
0.990922 0.607244 -0.00295249 2.65435 
0.992434 0.604647 -0.00377868 2.65776 
0.989829 0.609467 -0.00487216 2.6521 
0.991608 0.606437 -0.00634369 2.65613 
0.991896 0.604938 -0.00789911 2.65619 
1.00037 0.590616 0.0202678 2.67584 
1.00025 0.590412 0.0242618 2.67541 
1.00147 0.588631 0.0254798 2.67846 
1.00136 0.58785 0.0303088 2.67777 
1.00006 0.590414 0.0340415 2.67505 
0.999124 0.592049 0.0425302 2.67329 
1.00313 0.585404 0.0318577 2.68227 
1.00283 0.585327 0.0403518 2.68157 
1.00489 0.580787 0.0427295 2.6859 
0.998634 0.594008 -0.00307062 2.6719 
0.998841 0.593626 -0.00243269 2.67236 
0.999052 0.5932 -0.00245021 2.67281 
0.999212 0.592959 -0.00191112 2.67319 
0.999163 0.593468 -0.00143137 2.67332 
0.999326 0.593281 -0.00104141 2.67375 
0.999386 0.592609 -0.00189134 2.67357 
0.999476 0.592468 -0.0014313 2.67378 
0.999615 0.592221 -0.00137439 2.6741 
0.996076 0.598481 -0.000465829 2.66607 
0.996705 0.597193 -0.000812979 2.66739 
0.996599 0.597425 -0.00177612 2.66717 
0.997371 0.596247 -0.00181773 2.66903 
0.998048 0.595015 -0.001277 2.67054 
0.998477 0.594405 -0.00124276 2.6716 
0.99735 0.596702 -0.00274586 2.66923 
0.998028 0.595555 -0.00252982 2.67079 
0.998039 0.594835 -0.00330084 2.67041 
0.961692 0.651086 0.00294852 2.58745 
0.963202 0.649429 -0.00650984 2.59126 
0.961001 0.651845 -0.0111078 2.58577 
0.964574 0.647157 -0.020564 2.59434 
0.970664 0.638774 -0.0222767 2.60848 
0.974186 0.632994 -0.0250648 2.61619 
0.963197 0.647535 -0.0275608 2.59028 
0.969171 0.640303 -0.0316254 2.60489 
0.96884 0.636961 -0.0392549 2.60188 
0.99923 0.593009 0.000192153 2.67327 
0.998918 0.593467 0.000438652 2.67251 
0.998915 0.593532 0.000829187 2.67253 
0.998515 0.594207 0.00144426 2.67161 
0.998035 0.595023 0.00137111 2.6705 
0.997425 0.596098 0.0022314 2.66912 
0.998551 0.594168 0.002015 2.6717 
0.998048 0.594994 0.00308599 2.67053 
0.998201 0.594903 0.00387485 2.67099 
0.960376 0.652784 0.00768488 2.58435 
0.957127 0.656781 -0.00117796 2.57663 
0.954293 0.660563 -0.000683518 2.5702 
0.952211 0.663579 -0.0113052 2.56569 
0.953691 0.661049 -0.0211539 2.56877 
0.954257 0.657897 -0.034746 2.56895 
0.948551 0.666945 -0.0111819 2.55637 
0.947562 0.668251 -0.0262986 2.55461 
0.944439 0.677079 -0.0289001 2.55111 
1.00033 0.591125 -0.00487471 2.67586 
1.00003 0.591303 -0.00559888 2.67497 
0.99971 0.591701 -0.00513926 2.67413 
0.999362 0.592157 -0.00575154 2.67325 
0.9994 0.592207 -0.00693939 2.67341 
0.99894 0.592891 -0.00767781 2.6723 
0.999095 0.592698 -0.00510639 2.67268 
0.998702 0.593465 -0.00556785 2.67183 
0.998482 0.594513 -0.00483798 2.67171 
0.999376 0.592676 0.000307013 2.67356 
0.999313 0.592796 0.000653368 2.67342 
0.999449 0.592593 0.000776706 2.67375 
0.999415 0.592615 0.00114454 2.67365 
0.999287 0.592887 0.00158628 2.67339 
0.999302 0.592857 0.00215679 2.67342 
0.999567 0.59238 0.00122204 2.67402 
0.9996 0.592321 0.00160745 2.67409 
0.999738 0.59204 0.00161826 2.67439 
0.999591 0.592088 0.0141307 2.67403 
0.999842 0.591955 0.0108748 2.67474 
0.999082 0.592772 0.00986356 2.67269 
0.999206 0.593081 0.00853511 2.67327 
0.999594 0.592179 0.00783874 2.67402 
0.999577 0.592351 0.00629194 2.67405 
0.998645 0.593742 0.00769243 2.67179 
0.998826 0.593674 0.00622482 2.67234 
0.998391 0.594165 0.00547529 2.67119 
1.02349 0.544947 0.0734035 2.73042 
1.02114 0.545135 0.0645689 2.72194 
1.01691 0.555215 0.064046 2.71304 
1.01626 0.558261 0.0546303 2.7119 
1.01817 0.554066 0.0479641 2.71574 
1.01698 0.558154 0.0408401 2.7136 
1.01284 0.564863 0.0537048 2.70399 
1.01228 0.567014 0.04656 2.70295 
1.00969 0.57209 0.0456342 2.69709 
0.980728 0.608783 0.149968 2.63342 
0.986946 0.595937 0.140201 2.64446 
0.985123 0.603158 0.129891 2.64142 
0.990378 0.595313 0.119627 2.65259 
0.998526 0.581396 0.119496 2.67135 
1.00217 0.576645 0.108108 2.67936 
0.988505 0.601491 0.111129 2.64917 
0.992671 0.595092 0.102785 2.6581 
0.99112 0.599344 0.0956662 2.65483 
1.01773 0.546311 -0.102476 2.71592 
1.01157 0.554766 -0.108417 2.70002 
1.00771 0.566056 -0.103161 2.69188 
1.00237 0.577708 -0.108545 2.68097 
0.998157 0.581304 -0.118534 2.67041 
0.991009 0.595103 -0.121218 2.65497 
0.998537 0.584408 -0.102122 2.67119 
0.993635 0.593892 -0.10482 2.66085 
0.990779 0.598157 -0.0976948 2.65313 
0.985458 0.61577 0.0181609 2.64181 
0.984145 0.617525 0.0214099 2.63868 
0.985085 0.616146 0.0241284 2.64096 
0.983371 0.617901 0.0284202 2.63654 
0.980753 0.623412 0.02857 2.63146 
0.97706 0.629321 0.0351184 2.62344 
0.984917 0.616191 0.0318558 2.64065 
0.982824 0.619815 0.0385171 2.63633 
0.984957 0.615363 0.0431304 2.6407 
1.00083 0.589456 0.0185715 2.67668 
1.00197 0.587828 0.0201958 2.67952 
1.0026 0.586309 0.0195789 2.68072 
1.00407 0.58383 0.0207711 2.68422 
1.00478 0.582366 0.0238827 2.68581 
1.00662 0.578964 0.0253563 2.69002 
1.00463 0.582527 0.0193831 2.6853 
1.00654 0.579228 0.0200856 2.68977 
1.00706 0.578177 0.0180138 2.69089 
0.93878 0.674892 -0.0886212 2.53516 
0.930619 0.683147 -0.0881354 2.51561 
0.927753 0.687733 -0.0799335 2.50926 
0.918833 0.697115 -0.076272 2.48836 
0.912614 0.703299 -0.0809676 2.47433 
0.900708 0.714473 -0.0743182 2.44616 
0.916323 0.701084 -0.066235 2.4828 
0.907292 0.709908 -0.059613 2.46151 
0.906109 0.711956 -0.0478675 2.45874 
0.959125 0.653075 0.0150259 2.5806 
0.9544 0.659596 0.0133396 2.56994 
0.951606 0.664141 0.0169078 2.56425 
0.945751 0.671483 0.0155973 2.55077 
0.942778 0.674777 0.00792305 2.54364 
0.93601 0.684959 0.00487988 2.5297 
0.942193 0.675901 0.0207881 2.54282 
0.934005 0.686822 0.0207064 2.52498 
0.927765 0.691548 0.0286895 2.50918 
1.00812 0.576818 0.00283019 2.6935 
1.0076 0.577582 0.00455191 2.6922 
1.00836 0.576366 0.006161 2.69404 
1.0076 0.577485 0.00776039 2.69217 
1.00661 0.579672 0.00767064 2.6901 
1.00594 0.580918 0.0087202 2.68858 
1.00824 0.576535 0.00982412 2.69379 
1.00724 0.578364 0.0111073 2.69149 
1.00755 0.577737 0.0132204 2.69219 
1.01685 0.555121 -0.0230883 2.71227 
1.01516 0.560841 -0.0258355 2.70888 
1.01322 0.564121 -0.0219694 2.70387 
1.01143 0.568787 -0.0237263 2.70039 
1.01004 0.571164 -0.0288571 2.69717 
1.00797 0.576548 -0.0291528 2.69339 
1.0099 0.571321 -0.0204997 2.69661 
1.00839 0.575914 -0.021732 2.69424 
1.0072 0.577753 -0.0191729 2.69127 
1.00865 0.573435 -0.00306339 2.6949 
1.00932 0.571766 -0.00468878 2.69592 
1.00916 0.572966 -0.00698417 2.69528 
1.0096 0.571934 -0.00961974 2.69594 
1.01128 0.568922 -0.010763 2.70014 
1.01157 0.567974 -0.0144204 2.70036 
1.00884 0.573928 -0.0116023 2.69439 
1.00896 0.5736 -0.0146807 2.69465 
1.00803 0.576694 -0.0159674 2.69337 
1.00096 0.587473 -0.000182481 2.67716 
1.00118 0.587278 -0.000289734 2.6775 
1.00136 0.587349 -0.000622116 2.67746 
1.00158 0.587228 -0.000861991 2.67791 
1.00174 0.586739 -0.000856464 2.67837 
1.002 0.586488 -0.00116811 2.67887 
1.00156 0.587697 -0.00123514 2.67797 
1.00172 0.587724 -0.00160438 2.67852 
1.00164 0.588673 -0.00195767 2.67885 
1.0037 0.585239 -0.00700364 2.68377 
1.00436 0.583833 -0.00747535 2.68515 
1.00449 0.583606 -0.00865411 2.68546 
1.00539 0.581941 -0.00940994 2.6875 
1.00597 0.579811 -0.00823976 2.68813 
1.00722 0.577246 -0.00863284 2.69083 
1.00557 0.58158 -0.0109994 2.68793 
1.00666 0.579391 -0.011862 2.69028 
1.00673 0.579245 -0.0140151 2.69049 
1.0001 0.591265 -0.00399142 2.67518 
0.999909 0.591418 -0.00370685 2.67462 
0.999868 0.591354 -0.00305744 2.67444 
0.999733 0.591496 -0.00277986 2.67408 
0.999514 0.591911 -0.00312516 2.67359 
0.999381 0.592728 -0.00280856 2.67363 
0.99972 0.591478 -0.00226964 2.67402 
0.999624 0.592222 -0.00210383 2.67414 
0.999639 0.592218 -0.00170422 2.67418 
1.00286 0.586492 0.000371553 2.68151 
1.00256 0.587073 0.00054898 2.68084 
1.0025 0.587127 0.00102414 2.68068 
1.00223 0.587637 0.00114346 2.68008 
1.00202 0.588004 0.000788788 2.67959 
1.0018 0.588402 0.000891684 2.67909 
1.00215 0.587739 0.00153842 2.67987 
1.00193 0.58819 0.00155924 2.67939 
1.00183 0.58841 0.00190884 2.67922 
0.959633 0.650358 0.0603058 2.58225 
0.955846 0.656364 0.0542277 2.57384 
0.951396 0.662233 0.0589062 2.5639 
0.947398 0.667589 0.0493803 2.55446 
0.951289 0.663792 0.0397606 2.56368 
0.948892 0.666357 0.0309237 2.55754 
0.940789 0.675528 0.0521078 2.53924 
0.937623 0.679599 0.0393784 2.53169 
0.929842 0.68888 0.0391751 2.51401 
0.997858 0.595057 -0.0167502 2.67011 
0.996375 0.597644 -0.01784 2.66675 
0.995761 0.598189 -0.0156211 2.665 
0.994426 0.600765 -0.0158009 2.66214 
0.992633 0.603447 -0.0175022 2.65786 
0.991058 0.606393 -0.0165066 2.65444 
0.994101 0.600971 -0.0137068 2.66115 
0.992875 0.603599 -0.0132294 2.65869 
0.992685 0.604242 -0.011459 2.65842 
0.99877 0.593912 0.00455334 2.67229 
0.999117 0.593114 0.00430189 2.67297 
0.999318 0.592818 0.00347532 2.67346 
0.999541 0.592371 0.00315156 2.67393 
0.999708 0.592095 0.00342925 2.67432 
0.999905 0.591726 0.00306254 2.67476 
0.999658 0.59223 0.00256889 2.67423 
0.999804 0.591911 0.00230429 2.67453 
0.999867 0.591851 0.00186138 2.6747 
0.919386 0.699274 0.045444 2.48956 
0.917792 0.699302 0.0573756 2.48534 
0.923375 0.692789 0.0678941 2.49842 
0.924159 0.690616 0.0793582 2.50014 
0.91705 0.698014 0.0850533 2.48425 
0.91815 0.695517 0.0978278 2.48708 
0.930913 0.681925 0.0862573 2.51542 
0.933302 0.678039 0.0976893 2.52117 
0.94029 0.668354 0.102139 2.53671 
1.01847 0.557485 0.0142858 2.71754 
1.01579 0.561455 0.0129763 2.71071 
1.01412 0.564404 0.0157105 2.70676 
1.01256 0.568263 0.0137032 2.70364 
1.0117 0.569526 0.00990368 2.70138 
1.01035 0.572602 0.00896042 2.69861 
1.01109 0.570548 0.0155778 2.7 
1.00999 0.573214 0.0135897 2.6978 
1.00879 0.575186 0.0149367 2.69491 
0.870656 0.733214 -0.0828452 2.37329 
0.872794 0.73664 -0.0736037 2.38155 
0.882366 0.73088 -0.0690772 2.40422 
0.882765 0.731483 -0.0561296 2.40472 
0.8756 0.737684 -0.0481839 2.38838 
0.877001 0.736991 -0.0358704 2.39112 
0.891779 0.724809 -0.05231 2.42586 
0.892084 0.724674 -0.041126 2.42601 
0.899746 0.718244 -0.038192 2.44392 
1.00044 0.590606 -0.00147049 2.67598 
1.00035 0.590856 -0.00169199 2.6758 
1.00019 0.591203 -0.00161925 2.67545 
1.00011 0.59131 -0.00181017 2.67524 
1.00014 0.591263 -0.00210097 2.67531 
1.00003 0.591303 -0.00234142 2.67494 
0.999999 0.591189 -0.00158332 2.67478 
0.999872 0.591237 -0.00175431 2.67438 
0.999799 0.591756 -0.00160975 2.67445 
1.0005 0.590634 0.00370697 2.6761 
1.00046 0.59077 0.00305411 2.67605 
1.00023 0.591169 0.00286788 2.67551 
1.00022 0.591237 0.00241053 2.67552 
1.00034 0.590978 0.00220961 2.67577 
1.00031 0.591062 0.00182641 2.6757 
1.00006 0.591475 0.00220844 2.67511 
1.00007 0.591482 0.00184347 2.67517 
0.999955 0.591649 0.00166141 2.67487 
0.967564 0.623215 0.153431 2.6004 
0.969825 0.624466 0.141367 2.60657 
0.962471 0.634319 0.139415 2.58896 
0.964539 0.635143 0.128744 2.59459 
0.97129 0.625709 0.119365 2.609 
0.972312 0.625217 0.110914 2.61098 
0.957134 0.644452 0.125501 2.5766 
0.960067 0.642325 0.11561 2.58323 
0.953658 0.650729 0.111707 2.56795 
1.00055 0.59053 -0.00118395 2.67637 
1.00069 0.59048 -0.00124051 2.67682 
1.00074 0.590314 -0.00141716 2.67687 
1.00093 0.590072 -0.00142635 2.67736 
1.001 0.589463 -0.00121367 2.67715 
1.00123 0.588684 -0.00113312 2.67744 
1.001 0.589886 -0.0016479 2.67747 
1.00126 0.589427 -0.00164161 2.67806 
1.00135 0.589227 -0.00195187 2.67823 
1.00135 0.589219 0.000295768 2.67808 
1.00132 0.589256 0.000586943 2.67799 
1.00145 0.589022 0.000727631 2.67831 
1.00139 0.589114 0.00103687 2.67815 
1.00119 0.589488 0.00118957 2.67772 
1.00112 0.589668 0.00140966 2.67757 
1.00153 0.588871 0.00128404 2.67849 
1.00141 0.589135 0.00156279 2.67825 
1.00154 0.588868 0.00185355 2.6785 
0.999988 0.5916 -1.06309e-05 2.67495 
0.999979 0.591803 -8.61973e-05 2.67504 
0.999953 0.591848 -8.27053e-05 2.67498 
0.99996 0.592021 -0.000185172 2.67511 
0.999951 0.591899 -0.00024023 2.67501 
0.999963 0.591713 -0.000267788 2.67495 
0.999922 0.592048 -0.000194443 2.675 
0.999929 0.591942 -0.000260915 2.67496 
0.999898 0.59198 -0.000305534 2.67488 
1.0001 0.591438 3.75675e-05 2.67522 
1.00007 0.591479 5.28303e-05 2.67516 
1.00007 0.591484 0.000100145 2.67516 
1.00004 0.59153 0.000113615 2.67508 
1.00002 0.591576 8.38937e-05 2.67505 
0.999993 0.591618 8.13942e-05 2.67498 
1.00003 0.591546 0.000175992 2.67507 
0.999991 0.591615 0.000163753 2.67497 
0.999971 0.59164 0.000227924 2.67492 
1.00353 0.585464 0.00520329 2.68315 
1.00327 0.585727 0.00416765 2.68243 
1.00288 0.586584 0.00404444 2.68165 
1.00266 0.586894 0.00317032 2.68109 
1.00287 0.586493 0.00264458 2.68156 
1.00264 0.586847 0.002014 2.68099 
1.00237 0.587505 0.00304267 2.68049 
1.0022 0.587733 0.00245392 2.68004 
1.00198 0.588209 0.00238309 2.67958 
1.00266 0.584575 -0.000765428 2.68088 
1.00284 0.584829 -0.00150055 2.68088 
1.00251 0.585555 -0.00153485 2.68001 
1.00246 0.586212 -0.0021531 2.68011 
1.00261 0.586227 -0.00279339 2.6806 
1.00241 0.587376 -0.00342073 2.68069 
1.00212 0.58699 -0.00208613 2.67942 
1.002 0.588024 -0.00258603 2.67968 
1.0017 0.588645 -0.00242532 2.67908 
1.00002 0.59128 -0.00073368 2.67491 
1.00003 0.591268 -0.00082882 2.67495 
0.999979 0.591332 -0.00090467 2.67479 
0.999997 0.59132 -0.00103815 2.67485 
1.00005 0.591207 -0.00109345 2.67496 
1.00006 0.591208 -0.00123919 2.67499 
0.999913 0.591436 -0.00113292 2.67463 
0.99992 0.591443 -0.00131422 2.67466 
0.99981 0.591746 -0.00137073 2.67447 
1.00051 0.590687 0.00119433 2.67616 
1.00039 0.590895 0.00121039 2.67589 
1.00034 0.591001 0.00136589 2.67578 
1.00023 0.591173 0.00131076 2.67552 
1.00021 0.59122 0.00110573 2.67548 
1.00014 0.591355 0.00104291 2.6753 
1.00016 0.59131 0.0014309 2.67537 
1.00007 0.591486 0.00133282 2.67516 
0.999977 0.59164 0.00139518 2.67494 
0.999881 0.589677 -5.5902e-05 2.67453 
0.999912 0.58965 -8.09364e-05 2.67455 
1.00009 0.589971 -0.000114304 2.67471 
1.00011 0.590074 -0.000164686 2.67476 
1.00012 0.589809 -0.000120114 2.67477 
1.00019 0.589954 -0.000165104 2.67492 
1.00017 0.590692 -0.000184656 2.67514 
1.00017 0.590824 -0.000226328 2.67518 
1.00015 0.591199 -0.00026178 2.67538 
1.00056 0.590631 2.64907e-05 2.6763 
1.0005 0.590717 8.08168e-05 2.67614 
1.00047 0.590778 0.00014236 2.67606 
1.00042 0.590865 0.000152086 2.67597 
1.0004 0.590892 0.000112294 2.67591 
1.00037 0.590959 0.00012091 2.67585 
1.00039 0.590905 0.000191105 2.67589 
1.00036 0.590977 0.00018736 2.67583 
1.00033 0.591036 0.000207264 2.67577 
1.00017 0.589229 -0.000121571 2.67514 
1.00034 0.589588 -0.000228542 2.67529 
1.00028 0.589847 -0.000217503 2.67512 
1.0003 0.590488 -0.000334228 2.67545 
1.00034 0.59075 -0.000438855 2.6757 
1.00028 0.591029 -0.000516316 2.67572 
1.00023 0.590736 -0.000287467 2.67535 
1.00019 0.591112 -0.000366694 2.67549 
1.00014 0.591243 -0.000317708 2.67539 
1.0006 0.590532 0.000958198 2.67636 
1.00057 0.590607 0.000737924 2.67629 
1.0005 0.59074 0.000633455 2.67614 
1.00046 0.590785 0.000485041 2.67606 
1.00051 0.590712 0.000412639 2.67617 
1.00047 0.590767 0.000293158 2.67607 
1.00041 0.590893 0.00043281 2.67595 
1.00039 0.590931 0.000321679 2.67589 
1.00035 0.591007 0.000279943 2.67581 
0.968951 0.620623 -0.149465 2.60361 
0.968326 0.626035 -0.13707 2.60243 
0.977057 0.617307 -0.128915 2.6238 
0.976193 0.618996 -0.118552 2.62062 
0.970236 0.628753 -0.116721 2.60733 
0.97027 0.629708 -0.10679 2.60683 
0.982569 0.611228 -0.11019 2.63558 
0.981533 0.613311 -0.101717 2.63253 
0.986333 0.608512 -0.0961766 2.64475 
0.999984 0.591288 -0.000291372 2.67478 
0.999982 0.591313 -0.000298526 2.67479 
0.999969 0.591345 -0.000309171 2.67476 
0.99996 0.59142 -0.000340223 2.67478 
0.999962 0.591378 -0.000394987 2.67476 
0.99994 0.591438 -0.000453678 2.67472 
0.999938 0.591565 -0.000344462 2.67479 
0.999916 0.591678 -0.000399316 2.67478 
0.999886 0.591895 -0.000394015 2.6748 
1.00013 0.591386 0.000480805 2.6753 
1.00011 0.591421 0.000408248 2.67525 
1.00007 0.591483 0.000432844 2.67517 
1.00007 0.591501 0.000359601 2.67515 
1.00008 0.591466 0.000275395 2.67518 
1.00007 0.591485 0.000219531 2.67517 
1.00003 0.59156 0.000371011 2.67506 
1.00003 0.59156 0.000297947 2.67506 
0.999999 0.591612 0.000310342 2.675 
0.862074 0.749152 0.00306229 2.3575 
0.874551 0.740485 0.00228415 2.38619 
0.876138 0.739366 -0.0105779 2.38988 
0.887138 0.730161 -0.00997848 2.41482 
0.893762 0.723944 0.00360892 2.42947 
0.902625 0.716414 0.00326673 2.45034 
0.89063 0.727456 -0.0212559 2.42322 
0.899274 0.718996 -0.0190043 2.44247 
0.903802 0.715656 -0.027287 2.45374 
1.01757 0.549263 0.0866039 2.71377 
1.01384 0.558506 0.0831549 2.7059 
1.00994 0.56471 0.0911352 2.69688 
1.00648 0.573043 0.0861562 2.68957 
1.00761 0.572985 0.0740469 2.69227 
1.00474 0.57855 0.0701325 2.68562 
1.00162 0.580495 0.091645 2.67808 
0.999396 0.586321 0.0854174 2.67355 
0.994154 0.594969 0.0879564 2.66149 
1.0039 0.58458 0.00772111 2.68391 
1.00401 0.584306 0.00936589 2.68413 
1.00464 0.583088 0.00945054 2.68551 
1.00482 0.582793 0.0116809 2.68597 
1.00401 0.584153 0.0132864 2.68406 
1.00394 0.584378 0.0157087 2.68399 
1.00564 0.581237 0.0118794 2.68779 
1.00578 0.580977 0.0147963 2.68816 
1.00687 0.5792 0.0152889 2.69077 
1.00968 0.573395 0.0400758 2.69755 
1.0106 0.570478 0.0357653 2.69883 
1.00997 0.573013 0.0317036 2.698 
1.01039 0.571622 0.0271956 2.69849 
1.0125 0.567898 0.0264327 2.70348 
1.01264 0.567274 0.0220879 2.70348 
1.00971 0.573922 0.0238875 2.69745 
1.00977 0.573058 0.0205142 2.69708 
1.00899 0.575402 0.018214 2.69576 
0.954014 0.653847 -0.0883523 2.56877 
0.960124 0.645798 -0.0851445 2.58261 
0.965402 0.63743 -0.0927867 2.59472 
0.970341 0.630663 -0.0880805 2.60588 
0.969054 0.635823 -0.0781689 2.60426 
0.973522 0.630983 -0.0755432 2.61541 
0.975949 0.621911 -0.0922561 2.61883 
0.979396 0.617286 -0.0876758 2.62677 
0.984802 0.610233 -0.089568 2.64017 
1.00011 0.591398 0.000615001 2.67525 
1.00008 0.591472 0.000640677 2.67518 
1.00008 0.591474 0.000799557 2.67517 
1.00003 0.591568 0.000821605 2.67507 
1.00001 0.591598 0.000692797 2.67502 
0.999957 0.591667 0.000706158 2.67489 
1.00001 0.591593 0.00100429 2.67503 
0.999957 0.591672 0.00103799 2.67489 
0.999933 0.591722 0.00125284 2.67485 
0.999864 0.591995 -0.000441581 2.67479 
0.999864 0.591861 -0.000520455 2.67471 
0.999829 0.591933 -0.000602515 2.67464 
0.999836 0.591809 -0.000720627 2.67459 
0.999874 0.591609 -0.000719385 2.67461 
0.999896 0.591486 -0.000831525 2.67461 
0.999805 0.591883 -0.000832857 2.67453 
0.99981 0.591758 -0.000976047 2.67448 
0.999751 0.591865 -0.00111982 2.67435 
1.00014 0.591219 -0.0154516 2.67544 
1.00111 0.588961 -0.0149819 2.67734 
1.00156 0.587847 -0.0161359 2.67823 
1.00263 0.586181 -0.0152326 2.68083 
1.00316 0.585689 -0.0132029 2.68229 
1.00381 0.584433 -0.0117954 2.68372 
1.00332 0.585208 -0.0165824 2.68261 
1.00441 0.58319 -0.0149672 2.68504 
1.00529 0.581416 -0.0158856 2.68699 
0.985191 0.610943 0.0913793 2.642 
0.979873 0.618629 0.0921812 2.62945 
0.977074 0.622878 0.0969495 2.62349 
0.970725 0.631666 0.0964437 2.60845 
0.968876 0.635012 0.0907886 2.60411 
0.963179 0.643554 0.0872397 2.59105 
0.967197 0.63662 0.100476 2.60067 
0.960139 0.64605 0.0975582 2.5839 
0.95528 0.653145 0.101197 2.57355 
1.00264 0.586864 -0.0061115 2.68118 
1.00209 0.587537 -0.00540094 2.67975 
1.00222 0.587648 -0.00460952 2.68024 
1.0018 0.588174 -0.00412959 2.67916 
1.00152 0.58861 -0.00427854 2.67845 
1.00123 0.589018 -0.00392145 2.67771 
1.00185 0.588327 -0.00351195 2.67941 
1.00151 0.588793 -0.00326053 2.67856 
1.00152 0.588942 -0.00277652 2.67867 
1.0027 0.585893 -0.0363717 2.68147 
1.00287 0.585497 -0.0317464 2.68164 
1.00434 0.582613 -0.0307703 2.68482 
1.00428 0.582929 -0.0262702 2.68468 
1.0026 0.586241 -0.0234625 2.68092 
1.00257 0.586582 -0.0203352 2.68097 
1.00566 0.580804 -0.0245259 2.68803 
1.00495 0.581881 -0.0209418 2.68621 
1.00614 0.580485 -0.0189929 2.68932 
1.00082 0.590086 0.00440495 2.67684 
1.00119 0.589521 0.00447201 2.67773 
1.00122 0.589331 0.00403053 2.67773 
1.00154 0.588867 0.0039259 2.67852 
1.00179 0.588321 0.00433391 2.67904 
1.00218 0.587651 0.00404722 2.67993 
1.00153 0.588826 0.00339098 2.67846 
1.00183 0.588296 0.00318052 2.67915 
1.00178 0.588392 0.00265144 2.67902 
0.998051 0.595266 -0.00522876 2.67073 
0.997753 0.595657 -0.00635124 2.66998 
0.997146 0.596847 -0.00670538 2.66868 
0.996602 0.597632 -0.00816303 2.66736 
0.996908 0.596505 -0.00957457 2.66772 
0.99634 0.597318 -0.0114783 2.66634 
0.995816 0.599175 -0.00841682 2.66568 
0.99505 0.600283 -0.0100837 2.66383 
0.99402 0.60219 -0.0101231 2.66157 
0.961313 0.645963 0.0701774 2.58522 
0.956123 0.653763 0.072304 2.57405 
0.956596 0.654603 0.0775186 2.57659 
0.951493 0.660387 0.0800284 2.56443 
0.945009 0.669042 0.0744796 2.54946 
0.938422 0.677457 0.075997 2.53475 
0.952074 0.658239 0.0864727 2.56536 
0.945809 0.666495 0.0899498 2.55151 
0.947069 0.664266 0.0970316 2.55468 
1.00053 0.590768 -0.00372678 2.67636 
1.00067 0.590173 -0.00329695 2.67647 
1.00081 0.589573 -0.00336764 2.67662 
1.00091 0.589519 -0.00285908 2.67695 
1.00079 0.589702 -0.00243421 2.67665 
1.00082 0.589917 -0.00200749 2.6769 
1.00107 0.589384 -0.00293584 2.6774 
1.00111 0.589548 -0.00239368 2.67766 
1.00127 0.58932 -0.00234419 2.67804 
1.00071 0.590349 0.00144159 2.6766 
1.00078 0.590194 0.00172374 2.67676 
1.0009 0.589975 0.00171334 2.67704 
1.00102 0.589749 0.00202377 2.67728 
1.00102 0.589799 0.0024176 2.67731 
1.00112 0.589568 0.00302248 2.67754 
1.00117 0.589508 0.00199555 2.67766 
1.00132 0.589216 0.00248714 2.67798 
1.00151 0.588828 0.00242182 2.6784 
0.999921 0.59173 0.000356322 2.67481 
0.999881 0.591815 0.000440938 2.67473 
0.999887 0.591796 0.000562016 2.67474 
0.999838 0.591898 0.000692612 2.67463 
0.999742 0.59205 0.000628735 2.6744 
0.999667 0.592216 0.000706381 2.67425 
0.999852 0.591859 0.000857153 2.67466 
0.999787 0.591996 0.00100136 2.67452 
0.99982 0.591948 0.00120568 2.6746 
0.999443 0.592524 -0.000210132 2.67369 
0.999479 0.59257 -0.000379102 2.67384 
0.999465 0.59277 -0.000568935 2.67391 
0.999523 0.592804 -0.000675401 2.67412 
0.999651 0.592654 -0.00059787 2.67446 
0.9997 0.592295 -0.000694219 2.67441 
0.999545 0.592833 -0.000899917 2.67421 
0.999638 0.592308 -0.000994391 2.67422 
0.99966 0.592075 -0.00117117 2.67416 
1.00038 0.590771 -0.000995826 2.6759 
1.00027 0.590918 -0.000867588 2.67561 
1.00026 0.59099 -0.000710943 2.67564 
1.00019 0.591084 -0.000617513 2.67545 
1.00016 0.591228 -0.000650302 2.67541 
1.00011 0.591306 -0.000560225 2.6753 
1.00018 0.591145 -0.000496102 2.67548 
1.00013 0.591222 -0.000438386 2.67535 
1.00012 0.591257 -0.000356422 2.67533 
1.00019 0.591254 0.000594869 2.67543 
1.00024 0.591179 0.000604936 2.67554 
1.00025 0.591163 0.000503127 2.67556 
1.00029 0.591101 0.000500024 2.67567 
1.00032 0.591029 0.000598768 2.67573 
1.00038 0.590932 0.000578535 2.67586 
1.00029 0.591088 0.000411464 2.67566 
1.00033 0.591016 0.000391851 2.67575 
1.00032 0.591028 0.000310373 2.67571 
0.986486 0.610149 0.0503527 2.64282 
0.98558 0.612477 0.0559884 2.64161 
0.986666 0.611344 0.0594404 2.64468 
0.985016 0.612879 0.0655795 2.64059 
0.981938 0.618184 0.0670578 2.63391 
0.978976 0.622318 0.0755128 2.62749 
0.986344 0.610084 0.070325 2.64354 
0.984342 0.613008 0.0790913 2.63947 
0.985876 0.609204 0.0848637 2.6426 
0.940642 0.67704 -0.0366613 2.53927 
0.944017 0.672614 -0.0443834 2.54714 
0.941354 0.674587 -0.0507044 2.54037 
0.945533 0.668746 -0.0577508 2.54987 
0.952696 0.66124 -0.0573477 2.56741 
0.956654 0.655698 -0.060949 2.57646 
0.943445 0.670192 -0.0655794 2.54473 
0.948787 0.663199 -0.0702815 2.55711 
0.947282 0.662694 -0.0787572 2.55254 
0.93621 0.678742 -0.0342427 2.52643 
0.934473 0.683286 -0.0397301 2.52443 
0.930126 0.688493 -0.0364515 2.51452 
0.927461 0.691105 -0.0435421 2.50839 
0.928664 0.687903 -0.0542351 2.51034 
0.927171 0.688347 -0.0628799 2.50648 
0.922319 0.695794 -0.0392204 2.49574 
0.919234 0.698677 -0.0476668 2.48867 
0.913804 0.705998 -0.0439326 2.47743 
0.995452 0.599596 -0.0012745 2.66468 
0.995417 0.599641 -0.00249804 2.66459 
0.994951 0.600653 -0.0030562 2.66366 
0.995016 0.600906 -0.00443013 2.66402 
0.995721 0.59954 -0.00463803 2.66554 
0.996029 0.598392 -0.00587216 2.66589 
0.994547 0.601821 -0.00539278 2.66303 
0.994728 0.600785 -0.00692342 2.66303 
0.993905 0.602014 -0.00795045 2.66106 
1.00581 0.579327 0.0484517 2.68838 
1.0031 0.583572 0.0529108 2.68202 
1.00293 0.583629 0.0586894 2.6818 
0.999421 0.589244 0.0631377 2.67367 
0.996266 0.594696 0.0605934 2.66631 
0.992447 0.601409 0.0617527 2.65777 
0.99863 0.590261 0.070023 2.67211 
0.993803 0.597955 0.0723039 2.66084 
0.992142 0.601539 0.0804347 2.65818 
0.919141 0.699644 0.0229124 2.48825 
0.918479 0.700359 0.0122193 2.48656 
0.914429 0.70586 0.00864208 2.47814 
0.914844 0.704949 -0.00434896 2.47876 
0.920479 0.69881 -0.0113237 2.49154 
0.921938 0.696249 -0.0217751 2.49435 
0.910641 0.709639 -0.00964776 2.46941 
0.912913 0.707012 -0.0221104 2.47465 
0.909097 0.709233 -0.0286647 2.46474 
1.00032 0.591032 4.1107e-05 2.67572 
1.00031 0.59106 3.56433e-05 2.67571 
1.00033 0.591035 7.42184e-05 2.67575 
1.00031 0.591058 8.46553e-05 2.67571 
1.0003 0.591093 4.64904e-05 2.67568 
1.00028 0.591107 5.14358e-05 2.67565 
1.00032 0.591036 0.000130628 2.67574 
1.00031 0.591064 0.000136021 2.6757 
1.00031 0.59108 0.00018736 2.67573 
1.00026 0.591148 3.94706e-06 2.67558 
1.00026 0.591156 1.96731e-05 2.67558 
1.00026 0.591142 3.24475e-05 2.67559 
1.00026 0.591148 6.99741e-05 2.67559 
1.00023 0.591194 7.89825e-05 2.67552 
1.00022 0.591234 0.000107067 2.6755 
1.00027 0.591121 9.17161e-05 2.67561 
1.00027 0.591141 0.0001421 2.67561 
1.00029 0.591108 0.000183788 2.67565 
0.999652 0.589785 -1.9356e-05 2.674 
0.999768 0.589943 -8.00595e-06 2.67419 
0.999904 0.590064 -3.18911e-05 2.67423 
1.00001 0.590276 -8.88785e-05 2.67453 
0.999971 0.59007 -9.28017e-05 2.67446 
1.00004 0.590206 -0.000115384 2.67458 
1.00007 0.59075 -0.000125207 2.67482 
1.0001 0.590941 -0.0001834 2.67503 
1.0001 0.591244 -0.000216488 2.67524 
0.999991 0.591385 -0.00025891 2.67489 
0.999991 0.591477 -0.00025323 2.67497 
1 0.591463 -0.000258191 2.675 
1.00001 0.591526 -0.000249684 2.67511 
0.999988 0.591487 -0.000178557 2.675 
1.00005 0.591249 -0.000170493 2.67506 
1.00002 0.591477 -0.000247981 2.6751 
1.00006 0.591412 -0.000240154 2.67522 
1.00006 0.591346 -0.000269246 2.6752 
