0.998971 0.593203 0.0172625 2.67268 
0.979586 0.625081 -0.0150909 2.62842 
1.02132 0.545899 -0.0844605 2.72558 
0.987007 0.613658 3.67983e-05 2.64541 
0.999992 0.591316 -0.000283561 2.67483 
1.00016 0.59131 0.000467698 2.67536 
1.00051 0.59085 -0.00491772 2.67632 
1.00092 0.590044 0.0152504 2.67725 
0.982693 0.621143 -0.0227654 2.63624 
0.987168 0.61334 -0.000541186 2.64574 
0.987498 0.612872 0.000646859 2.64654 
0.998506 0.593767 -0.0184176 2.67155 
0.989887 0.608677 0.0142239 2.65191 
0.99897 0.59066 -0.0484758 2.67236 
0.987591 0.612328 0.0178697 2.64669 
1.01739 0.548225 -0.087671 2.7138 
0.999949 0.591508 -1.69789e-05 2.67477 
0.999624 0.592323 7.53024e-05 2.67417 
1.00358 0.585207 0.000511139 2.68315 
1.0067 0.57726 -0.00222845 2.69035 
0.888433 0.715099 -0.107283 2.41397 
0.962913 0.647033 0.0225355 2.58885 
0.870953 0.732742 0.093343 2.37402 
1.00077 0.588064 -0.000265334 2.67658 
1.00068 0.590398 0.000119575 2.67656 
0.959478 0.632063 0.161999 2.58132 
0.994038 0.601459 -0.00112254 2.66112 
0.992301 0.603178 0.0447654 2.65743 
0.999313 0.592749 -0.000221044 2.67339 
0.999124 0.592972 -0.000215998 2.6729 
0.980258 0.624588 -0.018604 2.63035 
0.996108 0.59855 0.000833875 2.66622 
0.965068 0.642948 -0.044755 2.59385 
0.999532 0.592475 -0.0127317 2.67408 
0.998541 0.594001 0.00377386 2.67158 
1.00042 0.590722 0.00519178 2.67589 
1.02177 0.55108 0.0232561 2.72541 
1.01916 0.549799 0.0985392 2.72056 
0.979019 0.604409 -0.152335 2.62673 
0.967873 0.641765 0.022774 2.60133 
1.0061 0.579105 0.0372235 2.68875 
0.884769 0.725788 -0.0949317 2.41003 
0.940533 0.678769 -0.0172973 2.53964 
1.00412 0.584176 0.00649293 2.6844 
1.00357 0.583262 -0.0417268 2.68306 
1.01799 0.556228 -0.0164068 2.71685 
1.00234 0.585105 -0.000441431 2.68033 
1.00738 0.575697 -0.00319054 2.69155 
0.998588 0.594243 -0.00403697 2.67189 
1.00149 0.588951 0.000179103 2.6784 
0.959542 0.651688 0.0196468 2.58109 
0.98518 0.615626 -0.0198562 2.64086 
1.00036 0.59094 0.00428414 2.67581 
0.887369 0.724616 0.0987087 2.41679 
1.00934 0.574795 0.0023349 2.69642 
0.848057 0.752293 -0.0108049 2.31971 
1.00035 0.591077 -0.00353531 2.67589 
1.00058 0.590551 0.00141496 2.67632 
0.985305 0.607119 0.0971654 2.64057 
1.00095 0.587871 -0.000310327 2.67693 
1.00072 0.590295 0.00118922 2.67663 
0.999995 0.591359 -0.000281604 2.67486 
0.999986 0.591635 6.58198e-06 2.67497 
1.0032 0.585913 0.000737385 2.6823 
1.003 0.586446 -0.0055521 2.68213 
1.00032 0.590766 -0.00126022 2.67569 
1.00017 0.591314 0.000667863 2.67538 
1.0001 0.589241 -8.73796e-05 2.67507 
1.00035 0.590987 2.42126e-05 2.6758 
1.00042 0.590769 -0.00095955 2.6761 
1.0006 0.590542 0.000128097 2.67637 
0.951291 0.657547 -0.0987356 2.56361 
0.99999 0.591307 -0.000551356 2.67482 
1.00011 0.591415 6.78995e-05 2.67526 
0.916117 0.704441 0.0308604 2.48278 
1.00786 0.575399 0.0496912 2.693 
1.0013 0.589342 0.0167259 2.67814 
1.01881 0.5548 0.0211179 2.71739 
0.970674 0.637135 -0.0537118 2.60869 
0.999972 0.591674 0.000395764 2.67495 
0.999987 0.591316 -0.00066462 2.67481 
1.003 0.586003 -0.00804903 2.68191 
0.965144 0.639566 0.0722348 2.5935 
1.00068 0.5905 -0.00438657 2.6767 
1.00024 0.591526 -0.0170295 2.67597 
1.00294 0.586323 0.00559223 2.68169 
0.998498 0.593875 -0.0139186 2.67149 
0.927578 0.693062 0.0477548 2.51041 
1.0005 0.590263 -0.00140931 2.67602 
1.0008 0.590328 0.00397069 2.6769 
0.999508 0.592464 0.000173968 2.67387 
0.999827 0.59215 -0.000424807 2.67475 
1.00005 0.591276 -0.000648984 2.67503 
1.00052 0.590648 0.00101016 2.67617 
0.969327 0.63541 0.0700126 2.60412 
0.96741 0.641694 -0.0484884 2.60082 
0.940875 0.671699 -0.0840955 2.53901 
0.997754 0.595535 -0.00451563 2.66989 
0.989666 0.60617 0.0487904 2.65077 
0.932656 0.683032 -0.0261054 2.51814 
1.00026 0.591148 1.05255e-05 2.67559 
1.00014 0.59135 3.68381e-05 2.67533 
0.9998 0.589727 -3.38418e-05 2.67437 
0.999855 0.590338 -0.000123287 2.67444 
0.992763 0.604188 0.0193853 2.65876 
0.99519 0.600118 0.0177914 2.6643 
0.998227 0.594846 0.00900922 2.67107 
0.979845 0.62476 0.00891684 2.62899 
0.97785 0.629215 0.00396878 2.62528 
0.970732 0.638678 -0.00330926 2.60834 
1.02317 0.545553 -0.0424272 2.72925 
1.01942 0.547269 -0.0498126 2.71757 
1.0072 0.574278 -0.0550915 2.69055 
0.985743 0.615905 0.00511721 2.64268 
0.985324 0.616103 0.00291479 2.64141 
0.984351 0.618212 -0.00396816 2.63955 
1.00001 0.591317 -0.00041048 2.6749 
1.00001 0.591334 -0.000368327 2.67492 
1.00003 0.591434 -0.000328838 2.67511 
1.00013 0.591361 0.000169052 2.6753 
1.00015 0.591328 0.000246671 2.67535 
1.00025 0.591165 0.000331476 2.67557 
1.00042 0.590858 -0.00977707 2.67606 
1.00085 0.590242 -0.00824766 2.67711 
1.00163 0.588256 -0.00636402 2.67861 
1.00103 0.589937 0.00736771 2.67748 
1.00118 0.589295 0.00862415 2.67761 
1.00276 0.586538 0.00990217 2.68124 
0.977862 0.626643 -0.0364922 2.62445 
0.980971 0.623152 -0.035743 2.63232 
0.989818 0.607517 -0.0423508 2.6519 
0.985512 0.616254 -0.00643232 2.64214 
0.986584 0.614841 -0.00520631 2.64477 
0.989258 0.610685 -0.00620359 2.65099 
0.991538 0.606287 0.00160761 2.6558 
0.990021 0.608594 0.00189109 2.65221 
0.987429 0.612825 0.00596769 2.6463 
0.990692 0.607922 -0.0257256 2.65437 
0.993323 0.602545 -0.0261832 2.65981 
0.998893 0.592045 -0.0302334 2.67218 
0.993879 0.602205 0.00492405 2.66106 
0.993674 0.602389 0.00681603 2.6605 
0.996036 0.598256 0.00872358 2.66584 
0.983638 0.616265 -0.0591121 2.63787 
0.98825 0.608044 -0.0600478 2.64801 
0.993922 0.597266 -0.0686316 2.66076 
0.995422 0.598817 0.0222662 2.66437 
0.993462 0.602644 0.0240034 2.66023 
0.988448 0.6101 0.0306612 2.64843 
1.00512 0.578957 -0.0595138 2.68658 
1.0061 0.575222 -0.0672474 2.68812 
1.00152 0.580911 -0.089959 2.67797 
0.999731 0.591925 -7.61438e-05 2.67429 
0.999817 0.591814 -6.01817e-05 2.67451 
0.999884 0.592132 -0.000189153 2.67492 
0.99993 0.591734 1.82384e-05 2.67484 
0.999888 0.591806 5.56062e-05 2.67475 
0.999859 0.591891 0.00026899 2.6747 
1.00567 0.581401 0.0010062 2.68794 
1.005 0.582648 0.00141102 2.68641 
1.00398 0.584411 0.00352973 2.68402 
1.00395 0.58224 -0.000953924 2.68398 
1.0044 0.58139 -0.001479 2.68481 
1.00458 0.582522 -0.00528379 2.68502 
0.936894 0.660556 -0.150676 2.52842 
0.928852 0.675135 -0.141263 2.51194 
0.930116 0.681282 -0.105441 2.51454 
0.977463 0.62566 0.0458547 2.62282 
0.973011 0.633324 0.0440146 2.61314 
0.963898 0.646813 0.0469183 2.59277 
0.855026 0.747233 0.0478609 2.3363 
0.869679 0.742758 0.0533979 2.37565 
0.903405 0.713891 0.0515084 2.45222 
1.00038 0.588793 -0.000151118 2.67568 
1.0005 0.588751 -0.000234375 2.67587 
1.00069 0.590105 -0.000892831 2.67653 
1.001 0.58984 0.000161988 2.67727 
1.0009 0.590023 0.000238018 2.67706 
1.00073 0.590322 0.000659109 2.67668 
0.914321 0.688099 0.1441 2.47581 
0.929282 0.675521 0.145903 2.51343 
0.948959 0.65636 0.128707 2.55901 
0.989059 0.609949 -0.00106628 2.64987 
0.990568 0.607832 -0.00144819 2.65354 
0.992968 0.6041 -0.00542559 2.65919 
0.999099 0.592591 0.0268777 2.67295 
0.998529 0.592547 0.0319499 2.67118 
1.00063 0.588654 0.0456357 2.67644 
0.998856 0.594125 -0.00176402 2.67269 
0.999021 0.593855 -0.00135811 2.67307 
0.999425 0.592965 -0.00107432 2.67389 
0.997527 0.595814 -0.000586467 2.66929 
0.998082 0.594874 -0.000587475 2.67057 
0.998485 0.594757 -0.00183089 2.67183 
0.967727 0.642538 -0.0105589 2.60124 
0.970941 0.637711 -0.0162306 2.60852 
0.974237 0.633718 -0.0299414 2.61695 
0.998623 0.594107 0.000386503 2.67191 
0.998099 0.594884 0.000712036 2.67063 
0.997409 0.596173 0.00315713 2.66911 
0.957627 0.655583 -0.0100139 2.57746 
0.956847 0.65715 -0.0204864 2.57619 
0.951867 0.663033 -0.0374036 2.56503 
1.00028 0.59117 -0.00678544 2.67574 
0.999829 0.591614 -0.00766872 2.6745 
0.998598 0.593525 -0.00675802 2.67153 
0.999133 0.593104 0.000958474 2.673 
0.999084 0.593194 0.00147734 2.6729 
0.999514 0.592445 0.00219867 2.67388 
1.00034 0.590684 0.0101309 2.67565 
1.00022 0.591149 0.00831312 2.67551 
0.999156 0.592933 0.0057752 2.673 
1.02499 0.54317 0.052959 2.73326 
1.02202 0.545599 0.0466524 2.72419 
1.0138 0.563873 0.0413836 2.70609 
0.99805 0.581514 0.137681 2.67226 
1.00149 0.573323 0.126431 2.67743 
0.999668 0.583483 0.102169 2.67439 
1.00982 0.558835 -0.121816 2.69805 
1.0018 0.570011 -0.126651 2.678 
0.98836 0.599808 -0.111216 2.64773 
0.981887 0.621304 0.0213106 2.63364 
0.979327 0.624278 0.0248008 2.62724 
0.978823 0.625497 0.0412103 2.62694 
1.00219 0.587067 0.0229286 2.67988 
1.00379 0.584379 0.0250684 2.68369 
1.00761 0.577112 0.0234729 2.69223 
0.92552 0.688532 -0.0931707 2.50412 
0.915676 0.698883 -0.0910619 2.48134 
0.899266 0.717652 -0.0609979 2.44321 
0.952375 0.662237 0.00868769 2.56524 
0.947253 0.668444 0.00464703 2.55327 
0.929125 0.690892 0.0105814 2.5126 
1.00661 0.579652 0.0049321 2.69007 
1.00609 0.580458 0.00617321 2.68881 
1.00621 0.580359 0.0102229 2.6892 
1.01351 0.563375 -0.0323416 2.70451 
1.01118 0.568913 -0.0331604 2.69989 
1.00705 0.578021 -0.025697 2.69109 
1.01123 0.568893 -0.00555986 2.70095 
1.01175 0.566818 -0.00806822 2.70135 
1.01069 0.570518 -0.0163955 2.69874 
1.00132 0.58694 -0.000283986 2.67801 
1.00156 0.586597 -0.000424595 2.67839 
1.00199 0.586982 -0.0016323 2.679 
1.00481 0.582226 -0.00660679 2.68565 
1.00574 0.580224 -0.00680024 2.68757 
1.00741 0.576771 -0.0107014 2.69123 
0.999634 0.591669 -0.00423268 2.67386 
0.999454 0.591983 -0.00380663 2.67344 
0.999438 0.592659 -0.00233779 2.67378 
1.00228 0.58753 0.000284452 2.6802 
1.00205 0.587966 0.000417777 2.67969 
1.00175 0.588452 0.00123108 2.67898 
0.956724 0.654836 0.0454973 2.57513 
0.955253 0.657425 0.0387841 2.57188 
0.943763 0.672946 0.029021 2.54587 
0.994674 0.600191 -0.0205255 2.6627 
0.99291 0.603619 -0.0202807 2.65894 
0.990998 0.60621 -0.0141592 2.65409 
0.999321 0.592821 0.00473892 2.67347 
0.999619 0.592236 0.00428899 2.67411 
0.999949 0.591694 0.00247198 2.67488 
0.910622 0.706494 0.059099 2.46893 
0.908853 0.706768 0.072747 2.46475 
0.926855 0.68452 0.105474 2.50671 
1.01499 0.564317 0.00783212 2.70951 
1.01284 0.567616 0.00758347 2.70414 
1.00942 0.573955 0.0107414 2.69627 
0.859938 0.742289 -0.0596367 2.34753 
0.865305 0.744303 -0.0498181 2.36432 
0.885146 0.730715 -0.0339213 2.4099 
1.00046 0.590669 -0.00203184 2.67605 
1.00034 0.591043 -0.0022799 2.67587 
0.999899 0.591267 -0.0020652 2.67449 
1.00061 0.590468 0.0027422 2.67635 
1.00053 0.590629 0.00228281 2.6762 
1.00019 0.591274 0.00171235 2.67542 
0.976014 0.615207 0.13065 2.61919 
0.977233 0.617049 0.120697 2.623 
0.96681 0.633116 0.109079 2.59806 
1.00076 0.590157 -0.00108109 2.6768 
1.00093 0.589538 -0.00101614 2.67697 
1.00135 0.588574 -0.00137932 2.67779 
1.00114 0.589568 0.000757874 2.6776 
1.00109 0.589674 0.000988988 2.67749 
1.0012 0.589491 0.00158804 2.67775 
0.999966 0.591852 -0.000143278 2.67503 
0.999985 0.591882 -0.000220127 2.67512 
0.999945 0.591733 -0.000305985 2.6749 
1.00004 0.591533 3.6659e-05 2.6751 
1.00002 0.591574 4.16745e-05 2.67504 
0.99998 0.591643 0.000105546 2.67496 
1.00351 0.585331 0.00347615 2.68301 
1.00323 0.585777 0.00267866 2.68235 
1.00235 0.587432 0.00201893 2.68035 
1.00315 0.584496 -0.00215439 2.68143 
1.00303 0.585286 -0.00293178 2.68146 
1.00205 0.588093 -0.00316093 2.67991 
1.00009 0.591203 -0.000879442 2.67511 
1.0001 0.59119 -0.00100452 2.67514 
0.999976 0.591167 -0.0013874 2.67469 
1.00036 0.590985 0.00101121 2.67583 
1.00027 0.591126 0.000991795 2.67561 
1.00008 0.591481 0.00110499 2.67519 
0.999924 0.589527 -4.48247e-05 2.67465 
0.999983 0.58954 -6.06539e-05 2.67472 
1.00022 0.590541 -0.000216527 2.67523 
1.00047 0.590783 2.83335e-05 2.67609 
1.00042 0.590851 5.9931e-05 2.67596 
1.00034 0.590991 0.000147653 2.67578 
1.00047 0.589783 -0.000355695 2.67557 
1.00043 0.590462 -0.000505013 2.67585 
1.00022 0.591177 -0.000466428 2.67563 
1.00063 0.590495 0.00064498 2.67644 
1.00058 0.590573 0.000469341 2.67633 
1.00042 0.590873 0.000268536 2.67596 
0.960762 0.638687 -0.134012 2.58577 
0.961511 0.639047 -0.122213 2.58662 
0.976738 0.621332 -0.100971 2.62188 
0.999984 0.591318 -0.000331307 2.6748 
0.999979 0.591328 -0.000378652 2.67479 
0.999916 0.591591 -0.000465672 2.67473 
1.00012 0.591397 0.000306303 2.67528 
1.00011 0.591428 0.00025251 2.67525 
1.00005 0.591526 0.00023713 2.67511 
0.883882 0.732832 0.0150825 2.40728 
0.89305 0.725172 0.0140324 2.42848 
0.905082 0.714885 -0.00543838 2.45657 
1.01378 0.560992 0.0715819 2.70611 
1.01063 0.567333 0.0685811 2.69888 
1.0012 0.584634 0.0744846 2.67765 
1.00352 0.585238 0.0107087 2.68303 
1.00343 0.58542 0.0126779 2.68287 
1.00476 0.583123 0.016717 2.68604 
1.0129 0.566539 0.0355243 2.70432 
1.01365 0.564972 0.0307019 2.70582 
1.01141 0.570304 0.0192162 2.70101 
0.960061 0.648852 -0.0743309 2.58364 
0.965259 0.643283 -0.0724417 2.5965 
0.977918 0.623508 -0.0799839 2.62525 
1.00006 0.591518 0.00054136 2.67514 
1.00002 0.591571 0.00055898 2.67505 
0.999942 0.59172 0.000883912 2.67487 
0.999893 0.591675 -0.000532035 2.6747 
0.9999 0.591551 -0.000620358 2.67466 
0.999856 0.591556 -0.0009776 2.67451 
1.00167 0.588107 -0.0134398 2.67869 
1.00242 0.586863 -0.0124269 2.68049 
1.00467 0.582989 -0.012451 2.68577 
0.977965 0.62211 0.0878302 2.62505 
0.972617 0.630095 0.0865415 2.61265 
0.958543 0.64916 0.0906041 2.58021 
1.00173 0.588175 -0.00550698 2.67889 
1.00142 0.588622 -0.00490526 2.67813 
1.00129 0.589056 -0.00345484 2.67793 
1.00185 0.588171 -0.0279067 2.67968 
1.00158 0.588335 -0.0246061 2.67877 
1.00351 0.584916 -0.0190713 2.6831 
1.00138 0.589067 0.00495128 2.67811 
1.00181 0.588448 0.00489345 2.67916 
1.00211 0.587775 0.00337587 2.67977 
0.998014 0.594593 -0.00735671 2.67022 
0.997707 0.595021 -0.00890999 2.66948 
0.995384 0.599215 -0.0119631 2.66432 
0.951194 0.661317 0.0669879 2.56313 
0.945132 0.669002 0.0677816 2.5493 
0.938515 0.676513 0.0833544 2.53504 
1.00059 0.590256 -0.00275448 2.67627 
1.00068 0.589961 -0.0023783 2.67642 
1.00094 0.589852 -0.00200007 2.67728 
1.00078 0.590253 0.00203902 2.67679 
1.00085 0.590078 0.00241471 2.67693 
1.00134 0.589239 0.00302048 2.67807 
0.999815 0.591925 0.000369623 2.67457 
0.999766 0.592048 0.000451691 2.67448 
0.999666 0.5922 0.00090519 2.67424 
0.99959 0.592442 -0.000366488 2.67413 
0.999635 0.592574 -0.000439165 2.67435 
0.999732 0.592117 -0.000847047 2.67442 
1.00023 0.591129 -0.00091515 2.67559 
1.00016 0.591242 -0.000773713 2.6754 
1.00011 0.591318 -0.000470028 2.67533 
1.00027 0.591125 0.000735088 2.6756 
1.00033 0.591031 0.000729908 2.67575 
1.00037 0.590941 0.000464428 2.67582 
0.982846 0.61674 0.0572762 2.63536 
0.980563 0.619462 0.0627096 2.62993 
0.980203 0.618903 0.0817439 2.62981 
0.950502 0.665267 -0.0450256 2.56258 
0.954034 0.660077 -0.0503551 2.5705 
0.95563 0.656542 -0.0675513 2.57416 
0.935448 0.680819 -0.0500323 2.52619 
0.934007 0.68287 -0.0572006 2.52353 
0.921815 0.695888 -0.061371 2.49542 
0.996011 0.598744 -0.00283157 2.66602 
0.996232 0.598785 -0.00384519 2.66677 
0.99548 0.599309 -0.0070899 2.66463 
1.00045 0.588263 0.0516373 2.6759 
0.99748 0.593578 0.0545119 2.66931 
0.990777 0.603527 0.0677994 2.65394 
0.922036 0.696166 0.00425996 2.49434 
0.923571 0.694947 -0.00629284 2.49823 
0.919507 0.699534 -0.0274898 2.48939 
1.00029 0.591093 2.28285e-05 2.67565 
1.00028 0.591109 2.0438e-05 2.67564 
1.00029 0.5911 8.71998e-05 2.67565 
1.00023 0.59119 2.14245e-05 2.67552 
1.00022 0.591217 4.10075e-05 2.67551 
1.00022 0.591219 0.000156804 2.67551 
0.999719 0.589895 -3.4412e-05 2.67419 
0.999806 0.589884 -4.06114e-05 2.67432 
1.0001 0.590693 -0.000163064 2.67491 
0.999984 0.59157 -0.000198384 2.67502 
0.999997 0.591555 -0.000184528 2.67507 
1.00005 0.591152 -0.000209304 2.67502 
0.996047 0.598554 0.0193198 2.66622 
0.99792 0.595411 0.0163916 2.6705 
0.998665 0.593977 0.0119439 2.67204 
0.977708 0.628964 -0.00262017 2.62465 
0.977233 0.629065 -0.0104177 2.62324 
0.975532 0.631262 -0.0112449 2.61913 
1.02436 0.542788 -0.0606731 2.73269 
1.01761 0.547482 -0.0695627 2.71268 
1.01184 0.562357 -0.0655223 2.70017 
0.986435 0.614618 0.00148952 2.64413 
0.986438 0.614419 0.000468408 2.64401 
0.986138 0.615129 -0.00105723 2.64347 
0.999999 0.591331 -0.000326415 2.67487 
1 0.591345 -0.000306562 2.67489 
1.00001 0.59138 -0.000307789 2.67494 
1.00015 0.591344 0.000300411 2.67533 
1.00017 0.591296 0.000393935 2.67539 
1.00021 0.591229 0.000406787 2.67549 
1.00055 0.590674 -0.00697846 2.67638 
1.00078 0.590407 -0.00576781 2.67698 
1.001 0.589365 -0.00562032 2.67711 
1.0011 0.589723 0.0103957 2.67761 
1.00123 0.589232 0.0125807 2.67778 
1.00199 0.587902 0.0125406 2.6795 
0.980384 0.623102 -0.0284595 2.63012 
0.982697 0.62019 -0.0280983 2.63581 
0.984591 0.616217 -0.0328813 2.63969 
0.986617 0.614213 -0.00249355 2.64448 
0.987279 0.613399 -0.00197383 2.64615 
0.987719 0.612561 -0.00280914 2.64707 
0.989099 0.610413 0.00144207 2.65029 
0.987859 0.612195 0.000996606 2.64731 
0.987445 0.61291 0.00235039 2.64639 
0.995475 0.599435 -0.0233589 2.66498 
0.997696 0.595409 -0.0216087 2.6699 
0.998673 0.592382 -0.0233166 2.67142 
0.992345 0.604894 0.0090415 2.65765 
0.991885 0.605044 0.011628 2.65625 
0.993521 0.602379 0.0119602 2.66004 
0.992622 0.601699 -0.0555805 2.6583 
0.996349 0.59514 -0.054101 2.66661 
0.99681 0.593631 -0.0579259 2.66751 
0.991335 0.605787 0.0220207 2.65508 
0.989096 0.609875 0.0212281 2.65018 
0.98793 0.611751 0.0238573 2.64757 
1.00948 0.569396 -0.0705358 2.69631 
1.01267 0.561996 -0.0821261 2.70404 
1.00967 0.56618 -0.0911773 2.69711 
0.999866 0.591704 -3.21889e-05 2.67461 
0.999915 0.59164 -5.39841e-05 2.67474 
0.99991 0.591725 -9.4607e-05 2.67477 
0.999822 0.591916 3.44566e-05 2.67459 
0.999739 0.592073 0.000128505 2.67441 
0.999758 0.592069 0.000217688 2.67447 
1.00447 0.583573 0.000701054 2.68519 
1.00398 0.584502 0.00101114 2.68408 
1.00384 0.584676 0.00184724 2.68373 
1.00514 0.580107 -0.00139596 2.68673 
1.00566 0.578998 -0.00220105 2.68762 
1.0057 0.579652 -0.00396594 2.68733 
0.91282 0.689261 -0.135521 2.47197 
0.908026 0.701539 -0.121049 2.4644 
0.91396 0.697519 -0.110909 2.47758 
0.969286 0.638499 0.0368223 2.60421 
0.965045 0.645378 0.0313152 2.59484 
0.963095 0.648718 0.0340877 2.59094 
0.862895 0.740864 0.0712056 2.35522 
0.877123 0.735421 0.0752591 2.39295 
0.890523 0.72479 0.0671901 2.42319 
1.00057 0.588467 -0.0002029 2.67611 
1.00069 0.588387 -0.000307982 2.67632 
1.00085 0.588838 -0.000619354 2.67641 
1.00082 0.590157 0.000126541 2.67686 
1.00075 0.590295 0.000196304 2.67671 
1.00073 0.590327 0.000353027 2.67667 
0.938283 0.660407 0.156927 2.53238 
0.951428 0.646671 0.154717 2.56432 
0.95446 0.645782 0.144991 2.5717 
0.99153 0.60581 -0.00126429 2.65548 
0.993188 0.603414 -0.00145919 2.65949 
0.993543 0.602524 -0.00289836 2.66013 
0.996734 0.595584 0.0355593 2.66713 
0.995439 0.597707 0.0427619 2.66443 
0.996285 0.596455 0.0461162 2.66664 
0.999071 0.593423 -0.000792363 2.67299 
0.999232 0.593037 -0.000574912 2.67329 
0.999299 0.592994 -0.000653637 2.67349 
0.998515 0.594122 -0.00031429 2.67156 
0.998835 0.593533 -0.000378731 2.67227 
0.998792 0.593642 -0.000809665 2.67219 
0.974664 0.632147 -0.0168904 2.61698 
0.977514 0.627809 -0.0196863 2.6235 
0.977423 0.627744 -0.0235939 2.62326 
0.997627 0.59588 0.000611413 2.66966 
0.996806 0.597098 0.00102082 2.66766 
0.99671 0.597397 0.00201168 2.66753 
0.959664 0.653346 -0.0299541 2.58283 
0.96066 0.6502 -0.0402669 2.58435 
0.959139 0.651568 -0.0425432 2.58057 
1.00006 0.59155 -0.00935293 2.67526 
0.999378 0.592326 -0.010442 2.67345 
0.998862 0.593109 -0.00924673 2.67218 
0.998858 0.593565 0.00204288 2.67237 
0.998866 0.593642 0.00284724 2.67244 
0.999139 0.593088 0.00294915 2.67302 
1.00045 0.590672 0.00722533 2.67596 
1.00028 0.59106 0.00595441 2.67564 
0.999822 0.591804 0.00562518 2.67454 
1.02413 0.545936 0.0360379 2.73103 
1.0209 0.549439 0.0320365 2.72186 
1.01767 0.556148 0.0343937 2.71463 
1.01072 0.562899 0.118164 2.70146 
1.01219 0.557177 0.108002 2.70201 
1.00912 0.565323 0.103594 2.69577 
0.997204 0.577894 -0.13957 2.66899 
0.987324 0.592648 -0.14143 2.64519 
0.983996 0.602867 -0.130551 2.63798 
0.976256 0.629956 0.0245516 2.62084 
0.972182 0.63643 0.0280626 2.61196 
0.97209 0.635972 0.0335723 2.61153 
1.00409 0.583313 0.0281799 2.68416 
1.00588 0.580416 0.0314643 2.68857 
1.00733 0.577134 0.0304424 2.6915 
0.908852 0.705451 -0.0963005 2.46601 
0.894554 0.717937 -0.0910192 2.43216 
0.891539 0.722559 -0.0772333 2.42529 
0.946064 0.670288 -0.00059461 2.55079 
0.94063 0.678371 -0.00772411 2.5395 
0.933709 0.687061 -0.00613987 2.52408 
1.00532 0.582022 0.00604087 2.68715 
1.00483 0.58297 0.00686812 2.68606 
1.00508 0.582432 0.008091 2.68658 
1.00893 0.572745 -0.0384684 2.69475 
1.00645 0.578965 -0.0377998 2.69001 
1.00588 0.579765 -0.0333617 2.68842 
1.01425 0.563199 -0.00979929 2.70799 
1.01466 0.56084 -0.0133136 2.70788 
1.01395 0.564 -0.016376 2.70644 
1.00176 0.586138 -0.000347614 2.67899 
1.00205 0.585702 -0.000525926 2.67951 
1.00225 0.585848 -0.0010757 2.67954 
1.0062 0.578818 -0.00537457 2.68832 
1.00728 0.576626 -0.00524815 2.69092 
1.00781 0.575601 -0.00683816 2.69201 
0.999138 0.592631 -0.00420284 2.67277 
0.99898 0.593512 -0.00373143 2.67276 
0.999112 0.593315 -0.00306924 2.67308 
1.00184 0.588321 0.00022786 2.6792 
1.00166 0.588667 0.00032705 2.67879 
1.00163 0.588707 0.00062529 2.67871 
0.957494 0.655138 0.0317435 2.57722 
0.956657 0.656423 0.0245841 2.57521 
0.952863 0.661816 0.0233997 2.56677 
0.990184 0.607513 -0.0219342 2.65235 
0.988339 0.611152 -0.0199427 2.64847 
0.988515 0.610062 -0.0172244 2.64832 
0.99987 0.591901 0.00462537 2.67475 
1.00008 0.591426 0.00407093 2.67518 
1.00011 0.591442 0.00324949 2.67526 
0.899988 0.715163 0.0755334 2.44457 
0.898861 0.714683 0.0920223 2.44246 
0.909169 0.7032 0.105832 2.4663 
1.01188 0.57008 0.00427526 2.70228 
1.01023 0.572775 0.00448025 2.69825 
1.00951 0.57391 0.006421 2.69649 
0.853426 0.748134 -0.0340498 2.33217 
0.857899 0.749793 -0.026627 2.34638 
0.868161 0.743107 -0.0259339 2.37007 
1.00043 0.590861 -0.0027109 2.67605 
1.00028 0.591192 -0.00300332 2.67575 
1.00006 0.59129 -0.00271447 2.67506 
1.00061 0.590483 0.00198552 2.67638 
1.00054 0.590641 0.00165615 2.67621 
1.00039 0.590908 0.00163108 2.67588 
0.981645 0.610806 0.112261 2.63249 
0.98207 0.611616 0.104599 2.63351 
0.97739 0.618829 0.104272 2.6227 
1.00101 0.588853 -0.000802533 2.6768 
1.00109 0.588153 -0.000668887 2.67687 
1.00127 0.588012 -0.000805384 2.67733 
1.00094 0.589946 0.00104798 2.67714 
1.00087 0.590083 0.00120808 2.677 
1.00093 0.589936 0.00138812 2.67712 
0.999984 0.591699 -0.000267588 2.67501 
0.999981 0.591493 -0.000276145 2.67489 
0.999981 0.591504 -0.000290905 2.67489 
1.00001 0.591602 2.16433e-05 2.67502 
0.999989 0.591625 2.06187e-05 2.67497 
0.999985 0.591634 4.05771e-05 2.67497 
1.0034 0.58552 0.0020162 2.68276 
1.00309 0.586052 0.00136368 2.68203 
1.00276 0.586684 0.00148156 2.6813 
1.00318 0.585267 -0.00376351 2.68197 
1.00293 0.586522 -0.00454249 2.68192 
1.00246 0.587376 -0.00421415 2.68088 
1.00019 0.591167 -0.00109457 2.67544 
1.00022 0.591093 -0.00127195 2.67552 
1.00016 0.591287 -0.00139689 2.6754 
1.00024 0.591179 0.000828984 2.67556 
1.00018 0.591286 0.000798559 2.6754 
1.00014 0.591371 0.000868696 2.67531 
0.999997 0.589403 -6.07877e-05 2.67483 
1.00006 0.589402 -8.56344e-05 2.67489 
1.0002 0.589677 -0.000153204 2.67497 
1.0004 0.590903 2.0732e-05 2.67592 
1.00037 0.59095 4.88381e-05 2.67584 
1.00035 0.590986 8.20112e-05 2.6758 
1.00047 0.590664 -0.000646436 2.67613 
1.0004 0.590856 -0.000752894 2.67605 
1.0003 0.591026 -0.000666608 2.67583 
1.00063 0.590486 0.000367861 2.67644 
1.00057 0.590597 0.000224978 2.67629 
1.0005 0.590725 0.000223346 2.67615 
0.954998 0.65004 -0.116168 2.57233 
0.956608 0.648973 -0.106061 2.57553 
0.964839 0.638765 -0.102664 2.59478 
0.999987 0.59131 -0.000415249 2.67481 
0.999977 0.591328 -0.000489574 2.67479 
0.999952 0.591385 -0.000517636 2.67473 
1.00012 0.591407 0.000172143 2.67527 
1.0001 0.591433 0.000129603 2.67524 
1.00008 0.591467 0.000149654 2.67519 
0.900957 0.717686 0.0241215 2.44661 
0.908609 0.710882 0.0225002 2.4645 
0.909382 0.710874 0.0142227 2.46667 
1.01056 0.568966 0.0594678 2.69896 
1.0079 0.574272 0.057049 2.69293 
1.0054 0.578819 0.0614016 2.68741 
1.0026 0.586827 0.0137729 2.68093 
1.00224 0.58745 0.0159016 2.68014 
1.00291 0.586417 0.0170406 2.68179 
1.01618 0.560602 0.0294588 2.71188 
1.01625 0.559832 0.0238332 2.71156 
1.01474 0.563875 0.0202251 2.70862 
0.965398 0.643104 -0.0635906 2.59624 
0.96954 0.637421 -0.0619701 2.60575 
0.973129 0.631956 -0.0673064 2.61418 
1 0.591607 0.000469983 2.67502 
0.999971 0.591656 0.000474471 2.67493 
0.999957 0.591701 0.000587801 2.67491 
0.999936 0.591427 -0.000609467 2.6747 
0.999953 0.591362 -0.000697544 2.67472 
0.999939 0.591392 -0.000802828 2.67469 
1.00257 0.5867 -0.0109598 2.68089 
1.00314 0.585825 -0.0096094 2.68226 
1.00379 0.584514 -0.00983384 2.68369 
0.971207 0.633448 0.081081 2.60981 
0.965872 0.640993 0.077754 2.59725 
0.9619 0.64658 0.0806968 2.58841 
1.00114 0.589092 -0.00489367 2.67744 
1.0009 0.58954 -0.00441004 2.67688 
1.00102 0.589351 -0.00395762 2.67717 
1.00086 0.589494 -0.0216002 2.67695 
1.00072 0.589474 -0.0190912 2.67643 
1.00156 0.588124 -0.0182321 2.67841 
1.00209 0.587804 0.00526988 2.67973 
1.00255 0.58707 0.00508226 2.68084 
1.00252 0.587005 0.00444402 2.68069 
0.99811 0.59427 -0.0101455 2.67038 
0.997842 0.594869 -0.0122949 2.66987 
0.996876 0.596497 -0.0133224 2.66765 
0.939398 0.676881 0.060627 2.53634 
0.932706 0.685435 0.0596779 2.5214 
0.931568 0.686666 0.0668773 2.51932 
1.00057 0.590076 -0.00198956 2.6761 
1.00061 0.590132 -0.00166434 2.67631 
1.00069 0.590144 -0.00169766 2.67659 
1.00082 0.590149 0.00284591 2.67687 
1.00088 0.590003 0.00348716 2.67699 
1.00109 0.589664 0.00356937 2.67748 
0.999678 0.592157 0.000340711 2.67426 
0.999607 0.59233 0.000363706 2.67412 
0.999566 0.592374 0.000560363 2.67401 
0.999725 0.592478 -0.000410898 2.6746 
0.999757 0.59226 -0.000487059 2.67458 
0.999779 0.592145 -0.000596561 2.67459 
1.00012 0.591227 -0.000761501 2.67524 
1.00008 0.591261 -0.000662594 2.67513 
1.00009 0.591305 -0.000565027 2.6752 
1.00038 0.59093 0.000881718 2.67585 
1.00045 0.590795 0.000849533 2.67602 
1.00043 0.590823 0.000678569 2.67597 
0.977172 0.62457 0.0640973 2.62217 
0.973983 0.629452 0.0705423 2.61541 
0.974221 0.628787 0.0762258 2.61619 
0.95937 0.652839 -0.0485246 2.5825 
0.962456 0.647545 -0.0523549 2.58904 
0.961561 0.648868 -0.0580722 2.58738 
0.93714 0.677885 -0.0672823 2.53041 
0.936586 0.677159 -0.0751767 2.52869 
0.931779 0.683159 -0.0741826 2.51793 
0.99691 0.597644 -0.00390951 2.66833 
0.997156 0.596549 -0.0047617 2.66851 
0.996837 0.597008 -0.00565405 2.66774 
0.995005 0.59813 0.0516588 2.66369 
0.991659 0.60377 0.0527162 2.65609 
0.990216 0.605998 0.0576927 2.65297 
0.927334 0.691717 -0.0138011 2.50762 
0.929279 0.689934 -0.0213688 2.51251 
0.927377 0.691554 -0.0263708 2.50784 
1.00027 0.591128 1.62909e-05 2.67561 
1.00026 0.59114 1.3725e-05 2.6756 
1.00027 0.591137 3.1825e-05 2.67562 
1.00019 0.59126 3.47054e-05 2.67544 
1.00017 0.591303 5.07522e-05 2.6754 
1.00018 0.591291 9.4823e-05 2.67541 
0.999774 0.589784 -1.0462e-05 2.6743 
0.999833 0.589812 -4.2932e-05 2.67438 
0.999992 0.589992 -9.23855e-05 2.67449 
0.99997 0.591304 -0.000194458 2.67483 
0.99997 0.590831 -0.000160071 2.67463 
0.999984 0.590716 -0.000178639 2.67469 
0.989572 0.609794 0.016589 2.65161 
0.99231 0.605189 0.0173215 2.65783 
0.994048 0.601566 0.0138122 2.6613 
0.995675 0.598704 0.012441 2.66495 
0.996465 0.597431 0.0134569 2.66681 
0.997679 0.595139 0.0114952 2.66945 
0.996626 0.597691 0.00990823 2.66747 
0.997571 0.595755 0.00850552 2.66943 
0.998119 0.595087 0.00645412 2.67084 
0.984459 0.617883 0.0151684 2.63981 
0.981915 0.622427 0.0136944 2.63431 
0.980529 0.623548 0.0161109 2.63054 
0.977359 0.629705 0.0129479 2.62406 
0.975181 0.631986 0.00583684 2.61839 
0.973544 0.633719 -0.00381895 2.61421 
0.974776 0.631859 0.0159917 2.6171 
0.971104 0.638068 0.0072204 2.60915 
0.96793 0.644714 0.00930946 2.60338 
1.02102 0.550525 -0.0292871 2.72413 
1.01882 0.550254 -0.0351773 2.71655 
1.01584 0.559295 -0.0377298 2.71055 
1.01329 0.563081 -0.044654 2.70409 
1.01544 0.558778 -0.0505442 2.70947 
1.01191 0.564837 -0.0576247 2.70108 
1.01003 0.570627 -0.0440209 2.69744 
1.00681 0.575994 -0.0485014 2.68992 
1.0036 0.583329 -0.046057 2.68335 
0.98497 0.61665 0.0121319 2.64067 
0.983908 0.618276 0.00827069 2.63817 
0.981781 0.621795 0.00683696 2.63341 
0.981874 0.621637 0.00238973 2.63359 
0.984464 0.618151 0.000770014 2.63987 
0.984844 0.617131 -0.00115299 2.64047 
0.980218 0.624116 -0.002229 2.62976 
0.982245 0.621322 -0.00511134 2.63461 
0.981821 0.62085 -0.0115385 2.633 
1.00003 0.591295 -0.000543604 2.67495 
1.00003 0.59131 -0.000478284 2.67498 
1.00006 0.591326 -0.000487094 2.67508 
1.00006 0.59136 -0.000420491 2.67511 
1.00003 0.59137 -0.00036954 2.675 
1.00002 0.591399 -0.000331644 2.67503 
1.00007 0.591373 -0.00041272 2.67521 
1.00007 0.591398 -0.000357945 2.67522 
1.00008 0.591342 -0.000340961 2.67527 
1.00013 0.591374 6.62792e-05 2.67528 
1.00014 0.591347 0.000126393 2.67532 
1.00017 0.59131 0.000144055 2.67538 
1.00019 0.591275 0.000205818 2.67542 
1.00019 0.591282 0.000261157 2.67543 
1.00021 0.591229 0.000331456 2.67548 
1.00021 0.591235 0.000216216 2.67548 
1.00024 0.591174 0.000262172 2.67555 
1.00027 0.591111 0.000256233 2.67561 
1.00001 0.591435 -0.0135418 2.67508 
1.00072 0.590462 -0.0115583 2.67686 
1.00126 0.588743 -0.0116298 2.67766 
1.00162 0.58819 -0.00970458 2.67853 
1.0012 0.58889 -0.00819044 2.67751 
1.00138 0.588736 -0.00666527 2.67803 
1.00212 0.587284 -0.00953421 2.67968 
1.00222 0.587436 -0.00756831 2.68012 
1.0026 0.586648 -0.00713377 2.68093 
1.00086 0.590201 0.00528969 2.67704 
1.00103 0.589691 0.00613587 2.67731 
1.00141 0.589105 0.00596244 2.67824 
1.00172 0.588346 0.00685674 2.67882 
1.0018 0.588379 0.00842336 2.67912 
1.00212 0.58773 0.010236 2.67984 
1.00219 0.587718 0.00652659 2.68002 
1.00263 0.586858 0.00776888 2.68098 
1.00311 0.585822 0.00730087 2.68198 
0.975836 0.629058 -0.0484179 2.61993 
0.978882 0.623359 -0.0458454 2.62609 
0.983457 0.616739 -0.0526896 2.63721 
0.985919 0.611982 -0.0488396 2.64215 
0.983447 0.617045 -0.0409453 2.6368 
0.986123 0.613972 -0.0392067 2.64359 
0.991276 0.604429 -0.0511774 2.65527 
0.992496 0.601926 -0.0472254 2.65759 
0.997021 0.595552 -0.0469523 2.66869 
0.984769 0.617074 -0.0148748 2.64034 
0.985669 0.61519 -0.0119667 2.64206 
0.987623 0.612371 -0.013854 2.64676 
0.988085 0.611367 -0.0111386 2.64762 
0.987379 0.613281 -0.00671281 2.64642 
0.988122 0.61235 -0.00529431 2.64827 
0.989985 0.608706 -0.01206 2.65225 
0.990058 0.608417 -0.00959318 2.65227 
0.991813 0.606194 -0.0101528 2.65671 
0.994021 0.602027 0.00127373 2.66141 
0.992688 0.604103 0.00203538 2.65826 
0.992576 0.604291 0.0041073 2.65801 
0.991122 0.607 0.0052815 2.65487 
0.989676 0.60915 0.00400914 2.65142 
0.98827 0.611668 0.0038766 2.64834 
0.990631 0.607427 0.00781597 2.65353 
0.988904 0.610799 0.00821155 2.64992 
0.98786 0.612271 0.0113192 2.64743 
0.984714 0.617885 -0.0226925 2.64079 
0.987046 0.612821 -0.0267627 2.64541 
0.987246 0.612032 -0.0307321 2.64572 
0.99103 0.604768 -0.0327303 2.65382 
0.994612 0.599884 -0.0295319 2.6626 
0.997458 0.594721 -0.0274951 2.66889 
0.992109 0.603555 -0.0373444 2.65684 
0.996548 0.595939 -0.0355706 2.66689 
0.998103 0.592027 -0.039224 2.66989 
0.994966 0.600186 0.00172432 2.66342 
0.994892 0.600354 0.00320561 2.66328 
0.995778 0.598908 0.00330018 2.66535 
0.995803 0.59883 0.00480494 2.66539 
0.994907 0.600494 0.00687764 2.66344 
0.994942 0.600413 0.00884997 2.66352 
0.996652 0.597364 0.004703 2.66732 
0.996853 0.597099 0.00608451 2.66784 
0.997552 0.595673 0.00568372 2.6693 
0.973892 0.63113 -0.0556717 2.61528 
0.977955 0.6245 -0.0607394 2.62459 
0.977247 0.625595 -0.0652363 2.62332 
0.982348 0.616374 -0.0688521 2.63442 
0.988969 0.607263 -0.0652229 2.65031 
0.993373 0.600006 -0.0639662 2.6603 
0.982222 0.617348 -0.0747036 2.63501 
0.988303 0.606146 -0.0750888 2.64803 
0.987932 0.601453 -0.0801723 2.64431 
0.999248 0.592636 0.019657 2.6733 
0.997609 0.595431 0.0227285 2.66959 
0.9977 0.595253 0.0254909 2.66985 
0.995374 0.599316 0.0289326 2.66467 
0.992558 0.603641 0.0275998 2.65795 
0.989788 0.60865 0.027142 2.65185 
0.995006 0.59956 0.0326127 2.66371 
0.991473 0.605377 0.033906 2.65559 
0.990515 0.60861 0.0391115 2.65463 
1.00238 0.586513 -0.0490185 2.68132 
1.00272 0.584657 -0.0556308 2.68168 
1.00124 0.587452 -0.0590363 2.67862 
1.00102 0.585459 -0.0671149 2.67713 
1.00342 0.578895 -0.072393 2.68165 
1.00511 0.575399 -0.0832636 2.68613 
0.999269 0.589272 -0.0703201 2.67382 
0.998295 0.587263 -0.0802332 2.67008 
0.995523 0.593473 -0.084304 2.66496 
0.999511 0.592323 -6.75742e-05 2.6738 
0.999632 0.592131 -9.53919e-05 2.67409 
0.999626 0.592217 -0.000203884 2.67412 
0.999745 0.592117 -0.000189466 2.67445 
0.999819 0.591902 -0.000131093 2.67457 
0.999878 0.591894 -0.00012689 2.67476 
0.999746 0.592356 -0.000272633 2.67459 
0.999832 0.592259 -0.000247078 2.67482 
0.99983 0.592147 -0.000305164 2.67475 
0.999975 0.59165 3.32419e-06 2.67494 
0.999961 0.591677 2.89345e-05 2.67491 
0.999967 0.591668 4.61902e-05 2.67493 
0.999942 0.591706 9.31005e-05 2.67487 
0.999898 0.591791 9.88116e-05 2.67477 
0.999837 0.591903 0.000203877 2.67463 
0.999957 0.591695 0.000120159 2.67491 
0.999918 0.591763 0.000226215 2.67482 
0.999943 0.591709 0.000270236 2.67487 
1.00725 0.578427 0.0017489 2.69151 
1.00634 0.580165 0.00212763 2.68947 
1.00602 0.58066 0.00361331 2.68867 
1.00528 0.582097 0.0037103 2.68702 
1.00478 0.582954 0.00250042 2.68586 
1.00423 0.584036 0.00267526 2.68466 
1.00494 0.582628 0.00487245 2.68622 
1.00432 0.583857 0.00471952 2.68485 
1.00395 0.584612 0.00557822 2.68407 
1.00307 0.583865 -0.000719018 2.68195 
1.00343 0.5832 -0.00108161 2.68262 
1.00359 0.583556 -0.00212457 2.68256 
1.00394 0.583099 -0.00294397 2.68323 
1.00454 0.581823 -0.00283305 2.68471 
1.00491 0.581252 -0.00396098 2.68542 
1.00374 0.5841 -0.00398092 2.68314 
1.00387 0.584007 -0.00502585 2.68352 
1.00351 0.585445 -0.00594209 2.68326 
0.958789 0.632649 -0.158407 2.58031 
0.950157 0.646805 -0.151291 2.56086 
0.950528 0.650019 -0.139544 2.56167 
0.943368 0.662806 -0.129978 2.54617 
0.93147 0.674957 -0.12914 2.51755 
0.925729 0.685817 -0.115392 2.50544 
0.945214 0.66127 -0.118902 2.54934 
0.939978 0.670585 -0.107833 2.53794 
0.942956 0.668063 -0.0987528 2.54454 
0.985398 0.613636 0.0478586 2.64127 
0.981542 0.619704 0.0493014 2.63249 
0.981028 0.620557 0.0524693 2.63154 
0.9761 0.628954 0.0535496 2.62086 
0.970873 0.635983 0.0481117 2.60822 
0.965985 0.643398 0.0428413 2.597 
0.975052 0.629097 0.0572839 2.61777 
0.969188 0.638278 0.0554077 2.60456 
0.967941 0.642765 0.0596995 2.60386 
0.850945 0.750162 0.0241115 2.32613 
0.864679 0.747276 0.0298246 2.36384 
0.880128 0.735211 0.0275231 2.39858 
0.887775 0.728337 0.0373306 2.41587 
0.884408 0.731398 0.0471618 2.40901 
0.892761 0.723055 0.0559259 2.42756 
0.8985 0.718999 0.034996 2.44056 
0.905852 0.712312 0.0418288 2.45791 
0.914525 0.704343 0.0384731 2.47812 
1.00025 0.589074 -0.000131838 2.67537 
1.00034 0.589034 -0.000196255 2.67551 
1.00052 0.589463 -0.000376769 2.67571 
1.00061 0.589614 -0.000506768 2.67593 
1.00067 0.58918 -0.000469509 2.67604 
1.00077 0.589323 -0.000652485 2.67628 
1.00057 0.590337 -0.000696539 2.67624 
1.00058 0.590461 -0.000861348 2.67637 
1.0005 0.590629 -0.00102262 2.67625 
1.00121 0.589438 0.000244997 2.67776 
1.0011 0.589673 0.000308237 2.67751 
1.00106 0.589746 0.000582461 2.67741 
1.00093 0.589956 0.000642231 2.67713 
1.00086 0.59008 0.000445472 2.67696 
1.00077 0.590247 0.000497609 2.67677 
1.00088 0.590058 0.00086442 2.67702 
1.00077 0.590249 0.000865485 2.67677 
1.00071 0.590379 0.00103319 2.67662 
0.890577 0.713919 0.119398 2.42007 
0.907649 0.702293 0.127192 2.46396 
0.914354 0.697317 0.118782 2.47934 
0.926302 0.682685 0.124481 2.50611 
0.934258 0.672107 0.136598 2.52489 
0.94533 0.657783 0.137841 2.54992 
0.93159 0.679062 0.116296 2.51878 
0.941228 0.666129 0.120034 2.54029 
0.945528 0.661705 0.111402 2.54959 
0.987548 0.612667 -0.000386426 2.64657 
0.988244 0.611639 -0.0011019 2.64823 
0.988345 0.611343 -0.00212277 2.64838 
0.989653 0.609298 -0.00343866 2.65143 
0.990917 0.60724 -0.00295398 2.65433 
0.992428 0.604643 -0.00378004 2.65774 
0.989823 0.609463 -0.0048749 2.65208 
0.991603 0.606433 -0.00634624 2.65611 
0.991891 0.604934 -0.00790221 2.65617 
1.00037 0.590613 0.0202518 2.67585 
1.00025 0.590408 0.0242461 2.67542 
1.00147 0.588627 0.025464 2.67846 
1.00136 0.587846 0.0302939 2.67778 
1.00006 0.590409 0.0340276 2.67506 
0.999128 0.592044 0.0425177 2.67329 
1.00313 0.585399 0.0318431 2.68228 
1.00283 0.585322 0.040339 2.68158 
1.0049 0.580783 0.0427176 2.68591 
0.998628 0.594008 -0.00307292 2.67188 
0.998836 0.593627 -0.002435 2.67234 
0.999047 0.5932 -0.002453 2.67279 
0.999207 0.592959 -0.00191393 2.67318 
0.999158 0.593469 -0.00143374 2.6733 
0.999322 0.593281 -0.00104354 2.67373 
0.999382 0.592609 -0.00189462 2.67356 
0.999472 0.592469 -0.00143428 2.67377 
0.999612 0.592221 -0.00137768 2.67409 
0.99607 0.59848 -0.000466116 2.66605 
0.996699 0.597192 -0.000813407 2.66737 
0.996593 0.597424 -0.00177691 2.66715 
0.997365 0.596247 -0.00181876 2.66901 
0.998043 0.595016 -0.0012779 2.67052 
0.998472 0.594406 -0.00124399 2.67158 
0.997345 0.596701 -0.00274721 2.66921 
0.998022 0.595555 -0.00253141 2.67077 
0.998033 0.594835 -0.00330272 2.67039 
0.961686 0.651083 0.00293479 2.58742 
0.963196 0.649425 -0.0065226 2.59124 
0.960996 0.651842 -0.0111202 2.58575 
0.96457 0.647153 -0.0205754 2.59432 
0.970659 0.63877 -0.0222877 2.60846 
0.974182 0.63299 -0.0250751 2.61617 
0.963194 0.647532 -0.0275714 2.59027 
0.969168 0.6403 -0.0316354 2.60488 
0.968838 0.636958 -0.0392643 2.60187 
0.999241 0.593006 0.000191681 2.67331 
0.998929 0.593464 0.000437879 2.67254 
0.998925 0.593529 0.00082752 2.67257 
0.998523 0.594204 0.0014418 2.67163 
0.998042 0.595021 0.00136882 2.67052 
0.99743 0.596096 0.00222824 2.66914 
0.998559 0.594166 0.00201144 2.67173 
0.998054 0.594991 0.00308132 2.67055 
0.998207 0.594899 0.00386888 2.671 
0.96037 0.652781 0.00767034 2.58433 
0.957121 0.656779 -0.00119144 2.57661 
0.954288 0.660562 -0.000696936 2.57018 
0.952208 0.663578 -0.011317 2.56567 
0.953687 0.661047 -0.0211649 2.56876 
0.954254 0.657895 -0.0347561 2.56894 
0.948547 0.666944 -0.0111934 2.55636 
0.94756 0.668249 -0.0263088 2.55461 
0.944437 0.677076 -0.0289098 2.5511 
1.00033 0.591126 -0.00488009 2.67585 
1.00003 0.591304 -0.00560411 2.67496 
0.999706 0.591702 -0.00514424 2.67412 
0.999358 0.592158 -0.00575602 2.67324 
0.999397 0.592208 -0.00694396 2.6734 
0.998937 0.592891 -0.00768183 2.67228 
0.99909 0.592699 -0.00511032 2.67266 
0.998698 0.593465 -0.00557121 2.67181 
0.998477 0.594514 -0.00484076 2.67169 
0.999387 0.592673 0.000306397 2.67359 
0.999324 0.592793 0.00065192 2.67346 
0.99946 0.59259 0.000774704 2.67379 
0.999426 0.592612 0.00114171 2.67369 
0.999297 0.592884 0.0015828 2.67342 
0.999311 0.592854 0.00215194 2.67345 
0.999578 0.592377 0.00121872 2.67405 
0.99961 0.592318 0.00160301 2.67413 
0.999748 0.592038 0.00161329 2.67442 
0.999593 0.592085 0.0141156 2.67403 
0.999844 0.591953 0.0108606 2.67474 
0.999084 0.592769 0.00985048 2.67269 
0.999209 0.593079 0.00852282 2.67328 
0.999597 0.592177 0.00782616 2.67403 
0.99958 0.592349 0.0062806 2.67406 
0.998648 0.593739 0.00768145 2.6718 
0.99883 0.593671 0.00621477 2.67235 
0.998395 0.594161 0.00546675 2.6712 
1.0235 0.544945 0.0734023 2.73044 
1.02115 0.545134 0.0645672 2.72197 
1.01692 0.555214 0.0640428 2.71306 
1.01627 0.558259 0.0546263 2.71193 
1.01818 0.554064 0.0479607 2.71577 
1.01698 0.558152 0.0408356 2.71363 
1.01284 0.564861 0.053699 2.70401 
1.01229 0.567012 0.0465531 2.70297 
1.0097 0.572088 0.0456254 2.69711 
0.980724 0.608787 0.149967 2.63341 
0.986944 0.595939 0.140199 2.64446 
0.98512 0.603161 0.129888 2.64141 
0.990378 0.595315 0.119623 2.65259 
0.998527 0.581397 0.119493 2.67136 
1.00217 0.576645 0.108105 2.67937 
0.988505 0.601493 0.111124 2.64917 
0.992672 0.595094 0.10278 2.65811 
0.99112 0.599346 0.0956602 2.65483 
1.01774 0.546303 -0.102475 2.71594 
1.01157 0.554759 -0.108416 2.70004 
1.00772 0.566049 -0.103161 2.6919 
1.00238 0.577701 -0.108545 2.68099 
0.998164 0.581297 -0.118534 2.67043 
0.991015 0.595096 -0.121219 2.65498 
0.998544 0.584401 -0.102123 2.67121 
0.993641 0.593885 -0.104822 2.66087 
0.990785 0.59815 -0.0976978 2.65315 
0.985454 0.615765 0.0181516 2.6418 
0.984141 0.617521 0.0213996 2.63866 
0.985082 0.616142 0.0241175 2.64094 
0.983368 0.617898 0.0284091 2.63653 
0.980749 0.62341 0.0285585 2.63144 
0.977055 0.62932 0.0351066 2.62342 
0.984914 0.616188 0.0318445 2.64064 
0.982821 0.619813 0.0385059 2.63632 
0.984955 0.61536 0.0431194 2.64069 
1.00084 0.589453 0.018555 2.67669 
1.00197 0.587825 0.020179 2.67953 
1.0026 0.586306 0.0195622 2.68073 
1.00408 0.583827 0.0207548 2.68423 
1.00479 0.582362 0.0238669 2.68582 
1.00662 0.57896 0.025342 2.69003 
1.00463 0.582524 0.0193674 2.68531 
1.00654 0.579224 0.020071 2.68978 
1.00706 0.578174 0.0180004 2.69089 
0.938781 0.674887 -0.0886254 2.53516 
0.930619 0.683143 -0.0881391 2.51561 
0.927753 0.687729 -0.0799373 2.50926 
0.918833 0.697112 -0.0762752 2.48836 
0.912614 0.703297 -0.0809699 2.47432 
0.900709 0.714471 -0.0743199 2.44616 
0.916323 0.701081 -0.0662381 2.4828 
0.907293 0.709905 -0.0596155 2.46152 
0.906111 0.711954 -0.0478701 2.45874 
0.959119 0.653073 0.0150109 2.58058 
0.954394 0.659595 0.0133247 2.56992 
0.951601 0.664141 0.0168929 2.56423 
0.945747 0.671482 0.0155829 2.55076 
0.942775 0.674776 0.00790965 2.54363 
0.93601 0.684955 0.00486749 2.52969 
0.942189 0.675899 0.0207739 2.5428 
0.934004 0.686818 0.0206924 2.52497 
0.927764 0.691545 0.0286755 2.50917 
1.00812 0.576817 0.00282772 2.6935 
1.0076 0.577581 0.00454697 2.69219 
1.00835 0.576366 0.00615508 2.69403 
1.0076 0.577484 0.0077522 2.69217 
1.00661 0.579671 0.00766135 2.69009 
1.00594 0.580917 0.00870917 2.68858 
1.00824 0.576533 0.00981495 2.69379 
1.00724 0.578362 0.0110963 2.69149 
1.00755 0.577734 0.0132083 2.69219 
1.01686 0.555114 -0.0230887 2.71229 
1.01517 0.560836 -0.0258367 2.7089 
1.01322 0.564118 -0.0219709 2.70388 
1.01143 0.568785 -0.0237285 2.7004 
1.01004 0.571161 -0.0288595 2.69719 
1.00797 0.576544 -0.0291559 2.6934 
1.00991 0.571319 -0.0205021 2.69662 
1.00839 0.575912 -0.0217351 2.69425 
1.0072 0.577752 -0.0191764 2.69128 
1.00866 0.573434 -0.00306414 2.69491 
1.00932 0.571764 -0.00468992 2.69593 
1.00917 0.572964 -0.00698618 2.69529 
1.0096 0.571932 -0.00962192 2.69595 
1.01129 0.568919 -0.0107647 2.70015 
1.01157 0.567971 -0.0144223 2.70038 
1.00884 0.573927 -0.011605 2.6944 
1.00897 0.573599 -0.0146834 2.69466 
1.00804 0.576693 -0.0159706 2.69338 
1.00096 0.587478 -0.000182569 2.67718 
1.00118 0.587284 -0.000289939 2.67751 
1.00136 0.587354 -0.000622612 2.67747 
1.00158 0.587233 -0.000862829 2.67792 
1.00174 0.586744 -0.000857319 2.67838 
1.002 0.586493 -0.00116937 2.67888 
1.00156 0.587701 -0.00123645 2.67798 
1.00173 0.587727 -0.00160615 2.67853 
1.00164 0.588676 -0.00195989 2.67885 
1.0037 0.585242 -0.00700739 2.68377 
1.00436 0.583836 -0.00747928 2.68515 
1.00449 0.583608 -0.00865817 2.68546 
1.00539 0.581943 -0.00941378 2.68751 
1.00597 0.579812 -0.00824324 2.68814 
1.00722 0.577247 -0.00863602 2.69084 
1.00557 0.581582 -0.0110034 2.68793 
1.00666 0.579391 -0.0118656 2.69029 
1.00674 0.579245 -0.0140187 2.6905 
1.0001 0.591266 -0.00399672 2.67517 
0.999906 0.591419 -0.00371206 2.67461 
0.999865 0.591354 -0.00306241 2.67443 
0.99973 0.591496 -0.00278456 2.67407 
0.99951 0.591911 -0.00312951 2.67358 
0.999377 0.592728 -0.0028124 2.67362 
0.999717 0.591478 -0.00227405 2.67401 
0.999621 0.592221 -0.0021079 2.67413 
0.999636 0.592217 -0.00170796 2.67417 
1.00286 0.586491 0.000370721 2.6815 
1.00255 0.587072 0.000547837 2.68083 
1.0025 0.587127 0.0010219 2.68067 
1.00223 0.587637 0.00114084 2.68008 
1.00201 0.588004 0.000786867 2.67958 
1.0018 0.588402 0.000889304 2.67909 
1.00215 0.587739 0.00153475 2.67987 
1.00193 0.58819 0.00155519 2.67939 
1.00183 0.588409 0.00190373 2.67922 
0.959623 0.650361 0.060293 2.58222 
0.955837 0.656367 0.0542141 2.57381 
0.951387 0.662235 0.0588923 2.56388 
0.94739 0.667591 0.0493658 2.55443 
0.951282 0.663793 0.0397454 2.56366 
0.948886 0.666358 0.0309087 2.55752 
0.940781 0.675529 0.0520929 2.53922 
0.937617 0.679598 0.0393638 2.53167 
0.929838 0.688879 0.0391602 2.51399 
0.997857 0.595056 -0.0167541 2.67011 
0.996373 0.597642 -0.0178443 2.66674 
0.99576 0.598188 -0.0156252 2.665 
0.994424 0.600763 -0.0158053 2.66213 
0.992631 0.603445 -0.0175072 2.65785 
0.991055 0.606389 -0.0165122 2.65443 
0.994098 0.600968 -0.0137109 2.66114 
0.992872 0.603596 -0.0132339 2.65867 
0.992681 0.604238 -0.0114629 2.6584 
0.998776 0.593907 0.0045456 2.67231 
0.999123 0.593111 0.00429373 2.67299 
0.999325 0.592814 0.00346792 2.67348 
0.999549 0.592368 0.00314412 2.67396 
0.999716 0.592093 0.00342095 2.67435 
0.999912 0.591724 0.00305445 2.67478 
0.999666 0.592227 0.00256224 2.67426 
0.999813 0.591909 0.00229773 2.67456 
0.999876 0.591849 0.00185549 2.67473 
0.919383 0.699275 0.0454303 2.48955 
0.917787 0.699305 0.0573633 2.48532 
0.923367 0.692793 0.0678823 2.4984 
0.924149 0.690622 0.079348 2.50011 
0.91704 0.69802 0.085045 2.48422 
0.918138 0.695524 0.0978215 2.48704 
0.930901 0.681931 0.0862479 2.51538 
0.933289 0.678046 0.0976815 2.52113 
0.940276 0.66836 0.102132 2.53667 
1.01847 0.557484 0.0142844 2.71756 
1.0158 0.561455 0.012974 2.71073 
1.01413 0.564403 0.0157061 2.70677 
1.01257 0.568261 0.0136974 2.70365 
1.0117 0.569525 0.00989888 2.70139 
1.01036 0.572601 0.00895441 2.69862 
1.0111 0.570546 0.01557 2.70001 
1.01 0.573212 0.0135806 2.69781 
1.00879 0.575184 0.0149256 2.69491 
0.870657 0.733212 -0.0828453 2.37329 
0.872796 0.736639 -0.0736037 2.38156 
0.882368 0.730879 -0.0690776 2.40422 
0.882769 0.731481 -0.05613 2.40473 
0.875607 0.737683 -0.0481843 2.3884 
0.87701 0.736989 -0.0358708 2.39115 
0.891783 0.724806 -0.0523109 2.42587 
0.89209 0.724671 -0.0411272 2.42603 
0.899751 0.718242 -0.0381941 2.44394 
1.00044 0.590609 -0.00147303 2.67599 
1.00035 0.59086 -0.00169454 2.6758 
1.00019 0.591206 -0.00162182 2.67546 
1.00011 0.591313 -0.00181339 2.67524 
1.00014 0.591266 -0.00210468 2.67531 
1.00002 0.591304 -0.00234579 2.67493 
0.999998 0.59119 -0.00158666 2.67478 
0.999871 0.591237 -0.00175824 2.67438 
0.999797 0.591756 -0.00161343 2.67444 
1.00051 0.590631 0.00369744 2.67612 
1.00047 0.590767 0.00304536 2.67607 
1.00024 0.591167 0.00285975 2.67553 
1.00023 0.591235 0.00240306 2.67555 
1.00035 0.590976 0.00220238 2.67579 
1.00031 0.59106 0.00181988 2.67572 
1.00007 0.591473 0.00220156 2.67514 
1.00008 0.59148 0.00183716 2.6752 
0.999964 0.591647 0.00165572 2.6749 
0.967557 0.62322 0.153431 2.60038 
0.969818 0.624471 0.141365 2.60655 
0.962462 0.634325 0.139413 2.58894 
0.96453 0.635149 0.12874 2.59456 
0.971284 0.625714 0.11936 2.60898 
0.972306 0.625221 0.110908 2.61096 
0.957124 0.644458 0.125497 2.57657 
0.960057 0.64233 0.115604 2.5832 
0.953646 0.650736 0.111701 2.56792 
1.00055 0.590531 -0.00118623 2.67638 
1.0007 0.590481 -0.00124274 2.67683 
1.00074 0.590315 -0.00141946 2.67688 
1.00094 0.590073 -0.00142831 2.67737 
1.001 0.589465 -0.00121506 2.67716 
1.00123 0.588687 -0.00113424 2.67745 
1.001 0.589887 -0.00165005 2.67748 
1.00126 0.589429 -0.00164357 2.67806 
1.00135 0.589229 -0.001954 2.67824 
1.00135 0.589218 0.00029476 2.67809 
1.00132 0.589256 0.000584837 2.678 
1.00145 0.589021 0.000725228 2.67831 
1.00139 0.589113 0.00103329 2.67815 
1.0012 0.589487 0.00118496 2.67773 
1.00112 0.589667 0.00140413 2.67758 
1.00153 0.588871 0.00128004 2.67849 
1.00142 0.589134 0.00155772 2.67825 
1.00154 0.588868 0.00184814 2.67851 
0.999988 0.591597 -1.06513e-05 2.67495 
0.999979 0.591801 -8.6166e-05 2.67504 
0.999952 0.591846 -8.26645e-05 2.67498 
0.999959 0.592019 -0.000185149 2.67511 
0.999951 0.591898 -0.000239916 2.67501 
0.999963 0.591713 -0.000267507 2.67495 
0.999922 0.592046 -0.000194553 2.675 
0.999929 0.591941 -0.000261197 2.67496 
0.999898 0.591979 -0.000306092 2.67488 
1.00009 0.591445 3.74723e-05 2.67521 
1.00007 0.591486 5.27529e-05 2.67515 
1.00007 0.59149 9.97658e-05 2.67515 
1.00004 0.591536 0.000113089 2.67508 
1.00002 0.591582 8.34737e-05 2.67504 
0.999992 0.591624 8.07835e-05 2.67498 
1.00003 0.591551 0.000175 2.67507 
0.999991 0.59162 0.000162634 2.67498 
0.999973 0.591644 0.000226024 2.67493 
1.00353 0.585465 0.00519429 2.68315 
1.00326 0.585728 0.00416008 2.68242 
1.00288 0.586585 0.00403676 2.68164 
1.00266 0.586895 0.00316387 2.68109 
1.00287 0.586494 0.00263933 2.68156 
1.00264 0.586847 0.00200975 2.68098 
1.00237 0.587506 0.00303607 2.68048 
1.0022 0.587733 0.00244825 2.68004 
1.00198 0.588209 0.00237712 2.67958 
1.00266 0.584582 -0.000766299 2.68088 
1.00284 0.584834 -0.00150221 2.68088 
1.00251 0.58556 -0.00153653 2.68002 
1.00246 0.586217 -0.00215532 2.68011 
1.00261 0.586231 -0.00279606 2.6806 
1.00241 0.58738 -0.0034237 2.68069 
1.00212 0.586994 -0.00208832 2.67942 
1.002 0.588028 -0.00258858 2.67968 
1.0017 0.588648 -0.00242785 2.67908 
1.00002 0.591282 -0.000734843 2.67492 
1.00004 0.59127 -0.000830027 2.67496 
0.99998 0.591333 -0.00090634 2.6748 
0.999999 0.591322 -0.00104012 2.67486 
1.00005 0.59121 -0.00109535 2.67497 
1.00006 0.59121 -0.00124147 2.675 
0.999913 0.591436 -0.00113565 2.67463 
0.999919 0.591444 -0.00131722 2.67466 
0.999808 0.591745 -0.0013742 2.67447 
1.00052 0.590686 0.00118894 2.67618 
1.0004 0.590894 0.00120521 2.6759 
1.00035 0.591 0.00136034 2.6758 
1.00024 0.591171 0.00130541 2.67554 
1.00022 0.591219 0.00110086 2.6755 
1.00014 0.591355 0.00103829 2.67532 
1.00017 0.591308 0.00142532 2.67539 
1.00008 0.591485 0.00132759 2.67518 
0.999986 0.591639 0.00138994 2.67497 
0.999888 0.589676 -5.63994e-05 2.67456 
0.99992 0.589649 -8.1279e-05 2.67458 
1.0001 0.58997 -0.000114842 2.67474 
1.00012 0.590073 -0.000165211 2.67478 
1.00013 0.589807 -0.000120412 2.6748 
1.0002 0.589953 -0.000165373 2.67495 
1.00018 0.590691 -0.000185251 2.67517 
1.00017 0.590824 -0.000226848 2.67521 
1.00016 0.5912 -0.000262412 2.67541 
1.00056 0.590631 2.57252e-05 2.6763 
1.0005 0.590718 7.98669e-05 2.67613 
1.00047 0.590779 0.000140812 2.67606 
1.00042 0.590867 0.000150576 2.67597 
1.0004 0.590895 0.000111178 2.67591 
1.00037 0.590963 0.000119967 2.67584 
1.00039 0.590909 0.00018939 2.67589 
1.00036 0.590982 0.000186085 2.67582 
1.00033 0.591042 0.000205918 2.67576 
1.00018 0.589228 -0.000121714 2.67517 
1.00034 0.589587 -0.000228806 2.67532 
1.00028 0.589846 -0.000217731 2.67515 
1.00031 0.590488 -0.000334621 2.67548 
1.00035 0.59075 -0.000439529 2.67572 
1.00028 0.591029 -0.000517195 2.67575 
1.00024 0.590736 -0.000287793 2.67538 
1.0002 0.591112 -0.000367216 2.67551 
1.00015 0.591244 -0.000318339 2.67541 
1.0006 0.590532 0.000953315 2.67637 
1.00057 0.590607 0.000733872 2.6763 
1.0005 0.590742 0.000630069 2.67615 
1.00047 0.590787 0.000482283 2.67606 
1.00051 0.590713 0.000409997 2.67617 
1.00047 0.590768 0.000291081 2.67607 
1.00041 0.590897 0.000430376 2.67595 
1.00039 0.590935 0.000319771 2.67589 
1.00035 0.591012 0.000278381 2.6758 
0.968956 0.620618 -0.149464 2.60363 
0.968332 0.626029 -0.13707 2.60244 
0.977062 0.617301 -0.128916 2.62381 
0.976199 0.618989 -0.118554 2.62064 
0.970241 0.628746 -0.116724 2.60734 
0.970274 0.629701 -0.106794 2.60684 
0.982574 0.611221 -0.110193 2.63559 
0.981538 0.613304 -0.10172 2.63255 
0.986339 0.608505 -0.0961806 2.64476 
0.999984 0.591289 -0.000291723 2.67479 
0.999983 0.591315 -0.000298429 2.67479 
0.99997 0.591347 -0.000308808 2.67477 
0.999961 0.591422 -0.000340009 2.67478 
0.999963 0.59138 -0.000394845 2.67477 
0.999941 0.59144 -0.000454035 2.67473 
0.999939 0.591566 -0.000344483 2.67479 
0.999916 0.591679 -0.000399982 2.67478 
0.999886 0.591895 -0.000395041 2.6748 
1.00013 0.59139 0.000478449 2.67531 
1.00011 0.591425 0.000406151 2.67526 
1.00008 0.591487 0.000430509 2.67518 
1.00007 0.591505 0.000357639 2.67516 
1.00008 0.591471 0.000274011 2.67518 
1.00007 0.59149 0.000218419 2.67517 
1.00003 0.591564 0.000368799 2.67507 
1.00003 0.591565 0.000296043 2.67507 
1 0.591616 0.000307938 2.67501 
0.862091 0.74915 0.00306107 2.35755 
0.874567 0.740483 0.00228176 2.38623 
0.876152 0.739363 -0.0105797 2.38991 
0.887151 0.730158 -0.00998127 2.41486 
0.893774 0.72394 0.00360335 2.4295 
0.902634 0.71641 0.00325999 2.45036 
0.89064 0.727453 -0.0212581 2.42325 
0.899283 0.718993 -0.0190077 2.44249 
0.903808 0.715653 -0.0272898 2.45376 
1.01758 0.549261 0.0866025 2.71378 
1.01384 0.558505 0.0831523 2.70592 
1.00995 0.56471 0.0911323 2.69689 
1.00648 0.573043 0.0861521 2.68959 
1.00761 0.572984 0.0740417 2.69229 
1.00474 0.57855 0.070126 2.68564 
1.00162 0.580496 0.0916405 2.67809 
0.999399 0.586322 0.0854118 2.67356 
0.994155 0.594971 0.0879505 2.6615 
1.0039 0.584581 0.00770948 2.6839 
1.00401 0.584306 0.00935303 2.68413 
1.00464 0.583088 0.00943793 2.68551 
1.00482 0.582792 0.0116672 2.68597 
1.00401 0.584152 0.0132714 2.68406 
1.00394 0.584376 0.0156928 2.684 
1.00564 0.581235 0.0118661 2.68779 
1.00578 0.580974 0.0147818 2.68816 
1.00687 0.579198 0.0152752 2.69077 
1.00969 0.573392 0.0400657 2.69757 
1.01061 0.570474 0.0357557 2.69884 
1.00997 0.57301 0.0316927 2.69802 
1.01039 0.571619 0.0271852 2.69851 
1.01251 0.567895 0.0264243 2.70349 
1.01264 0.567272 0.0220803 2.7035 
1.00971 0.573919 0.0238759 2.69746 
1.00977 0.573055 0.0205034 2.69709 
1.00899 0.575399 0.0182022 2.69577 
0.954016 0.653842 -0.0883579 2.56877 
0.960126 0.645793 -0.0851506 2.58261 
0.965405 0.637425 -0.0927922 2.59473 
0.970344 0.630658 -0.0880864 2.60588 
0.969056 0.635818 -0.0781758 2.60427 
0.973525 0.630978 -0.0755506 2.61541 
0.975953 0.621905 -0.0922614 2.61884 
0.9794 0.617281 -0.0876816 2.62678 
0.984807 0.610227 -0.0895733 2.64018 
1.00012 0.5914 0.00061182 2.67527 
1.00008 0.591474 0.000637351 2.6752 
1.00008 0.591475 0.000795599 2.67519 
1.00004 0.591569 0.000817651 2.6751 
1.00002 0.591599 0.000689274 2.67504 
0.999964 0.591669 0.000702533 2.67492 
1.00002 0.591592 0.000999806 2.67506 
0.999965 0.591672 0.0010335 2.67492 
0.999942 0.591721 0.00124797 2.67488 
0.999864 0.591994 -0.000443217 2.67478 
0.999864 0.59186 -0.000522324 2.67471 
0.999828 0.591933 -0.000604727 2.67463 
0.999836 0.591808 -0.000723058 2.67459 
0.999875 0.591609 -0.000721494 2.67461 
0.999896 0.591486 -0.000833655 2.67461 
0.999804 0.591882 -0.000835673 2.67453 
0.99981 0.591757 -0.000978972 2.67448 
0.99975 0.591864 -0.00112303 2.67434 
1.00014 0.591217 -0.0154567 2.67544 
1.00111 0.588958 -0.0149875 2.67734 
1.00156 0.587844 -0.0161416 2.67823 
1.00263 0.586179 -0.0152382 2.68084 
1.00316 0.585687 -0.0132083 2.6823 
1.00381 0.584433 -0.0118003 2.68373 
1.00332 0.585205 -0.0165879 2.68261 
1.00441 0.583189 -0.0149721 2.68505 
1.0053 0.581414 -0.0158899 2.68699 
0.98519 0.610945 0.0913721 2.642 
0.97987 0.618632 0.0921735 2.62944 
0.97707 0.622882 0.0969419 2.62347 
0.970718 0.63167 0.0964357 2.60843 
0.968869 0.635016 0.0907798 2.60409 
0.96317 0.643559 0.0872301 2.59102 
0.967189 0.636624 0.100468 2.60065 
0.960129 0.646055 0.0975498 2.58387 
0.955269 0.653151 0.101189 2.57351 
1.00263 0.586867 -0.00611519 2.68118 
1.00209 0.58754 -0.00540435 2.67975 
1.00222 0.587651 -0.0046127 2.68023 
1.0018 0.588177 -0.00413261 2.67916 
1.00152 0.588613 -0.00428184 2.67844 
1.00123 0.589021 -0.00392484 2.67771 
1.00185 0.58833 -0.00351481 2.67941 
1.00151 0.588796 -0.00326334 2.67856 
1.00152 0.588945 -0.00277923 2.67867 
1.0027 0.585886 -0.0363766 2.68148 
1.00287 0.585491 -0.0317514 2.68165 
1.00434 0.582608 -0.0307749 2.68483 
1.00428 0.582924 -0.0262752 2.68469 
1.0026 0.586237 -0.0234679 2.68093 
1.00258 0.586579 -0.0203408 2.68097 
1.00567 0.5808 -0.0245302 2.68804 
1.00496 0.581877 -0.0209466 2.68622 
1.00614 0.580483 -0.0189973 2.68933 
1.00082 0.590083 0.00439443 2.67685 
1.00119 0.589519 0.00446147 2.67773 
1.00122 0.58933 0.00402042 2.67773 
1.00154 0.588866 0.00391634 2.67853 
1.00179 0.588322 0.00432435 2.67904 
1.00218 0.587652 0.00403862 2.67993 
1.00153 0.588825 0.00338227 2.67847 
1.00183 0.588296 0.00317267 2.67915 
1.00178 0.588392 0.00264453 2.67902 
0.998046 0.595266 -0.00523111 2.67071 
0.997749 0.595657 -0.00635384 2.66996 
0.997141 0.596846 -0.00670779 2.66866 
0.996598 0.597631 -0.0081657 2.66734 
0.996904 0.596504 -0.00957764 2.66771 
0.996337 0.597317 -0.0114817 2.66633 
0.995812 0.599173 -0.0084195 2.66566 
0.995047 0.60028 -0.0100868 2.66381 
0.994017 0.602187 -0.0101265 2.66156 
0.961304 0.645966 0.0701658 2.58519 
0.956113 0.653766 0.072292 2.57402 
0.956586 0.654607 0.0775072 2.57655 
0.951482 0.660392 0.080017 2.56439 
0.944998 0.669047 0.0744673 2.54943 
0.938411 0.677462 0.0759848 2.53472 
0.952063 0.658244 0.0864624 2.56532 
0.945797 0.666501 0.08994 2.55148 
0.947057 0.664272 0.0970231 2.55464 
1.00053 0.590771 -0.00373146 2.67635 
1.00067 0.590177 -0.00330107 2.67647 
1.00081 0.589577 -0.00337134 2.67662 
1.00091 0.589523 -0.00286234 2.67695 
1.00079 0.589706 -0.00243729 2.67665 
1.00082 0.58992 -0.00201035 2.67691 
1.00107 0.589388 -0.00293878 2.6774 
1.00111 0.58955 -0.00239642 2.67766 
1.00127 0.589323 -0.00234678 2.67804 
1.00071 0.590348 0.0014354 2.67662 
1.00078 0.590193 0.00171697 2.67677 
1.00091 0.589973 0.00170658 2.67705 
1.00102 0.589748 0.00201663 2.67729 
1.00102 0.589797 0.00240967 2.67732 
1.00113 0.589567 0.0030136 2.67755 
1.00117 0.589506 0.00198869 2.67766 
1.00132 0.589215 0.00247963 2.67798 
1.00152 0.588828 0.00241485 2.6784 
0.999926 0.591731 0.000354211 2.67483 
0.999888 0.591816 0.000438585 2.67475 
0.999894 0.591796 0.000559099 2.67476 
0.999847 0.591897 0.000689628 2.67466 
0.999751 0.592048 0.00062631 2.67443 
0.999677 0.592214 0.00070406 2.67428 
0.999861 0.591858 0.000853605 2.67468 
0.999797 0.591994 0.000997832 2.67455 
0.99983 0.591946 0.00120147 2.67464 
0.999439 0.592524 -0.00021077 2.67368 
0.999475 0.59257 -0.000380319 2.67382 
0.999461 0.59277 -0.000570572 2.67389 
0.99952 0.592805 -0.000677581 2.67411 
0.999648 0.592654 -0.000600085 2.67445 
0.999698 0.592295 -0.000696785 2.67441 
0.999542 0.592833 -0.000902467 2.6742 
0.999635 0.592308 -0.000997379 2.67421 
0.999658 0.592074 -0.00117441 2.67416 
1.00038 0.590772 -0.00099769 2.67591 
1.00027 0.590919 -0.000869179 2.67563 
1.00026 0.59099 -0.000712312 2.67566 
1.00019 0.591084 -0.000618842 2.67547 
1.00016 0.591229 -0.000651595 2.67543 
1.00012 0.591307 -0.000561526 2.67531 
1.00019 0.591145 -0.000497192 2.6755 
1.00013 0.591222 -0.000439565 2.67537 
1.00012 0.591257 -0.000357257 2.67535 
1.0002 0.591257 0.00059171 2.67544 
1.00024 0.591181 0.000601727 2.67555 
1.00025 0.591166 0.000500301 2.67557 
1.00029 0.591104 0.000497197 2.67567 
1.00032 0.591031 0.000595545 2.67573 
1.00038 0.590935 0.000575379 2.67587 
1.00029 0.591093 0.00040908 2.67566 
1.00033 0.591021 0.000389581 2.67575 
1.00032 0.591034 0.000308489 2.67571 
0.986486 0.610145 0.0503418 2.64281 
0.985579 0.612474 0.0559774 2.6416 
0.986666 0.611341 0.0594295 2.64468 
0.985015 0.612878 0.0655694 2.64059 
0.981936 0.618184 0.0670477 2.6339 
0.978972 0.622321 0.0755038 2.62748 
0.986344 0.610084 0.0703156 2.64354 
0.984341 0.61301 0.0790831 2.63946 
0.985875 0.609206 0.0848563 2.6426 
0.94064 0.677037 -0.0366701 2.53926 
0.944015 0.672611 -0.0443921 2.54713 
0.941353 0.674584 -0.0507121 2.54036 
0.945532 0.668743 -0.0577586 2.54987 
0.952695 0.661237 -0.0573561 2.56741 
0.956654 0.655694 -0.0609574 2.57646 
0.943444 0.670189 -0.0655863 2.54473 
0.948787 0.663196 -0.0702884 2.55711 
0.947283 0.66269 -0.0787633 2.55254 
0.936209 0.678739 -0.034251 2.52643 
0.934472 0.683283 -0.0397372 2.52442 
0.930126 0.68849 -0.0364581 2.51452 
0.927461 0.691102 -0.0435475 2.50838 
0.928663 0.687899 -0.0542402 2.51034 
0.927171 0.688344 -0.0628843 2.50648 
0.922321 0.69579 -0.0392252 2.49575 
0.919235 0.698674 -0.0476705 2.48867 
0.913807 0.705995 -0.043936 2.47744 
0.995447 0.599594 -0.0012749 2.66466 
0.995411 0.599639 -0.00249885 2.66457 
0.994946 0.60065 -0.00305727 2.66364 
0.995011 0.600903 -0.00443163 2.66401 
0.995716 0.599538 -0.00463961 2.66552 
0.996024 0.598389 -0.00587412 2.66587 
0.994542 0.601817 -0.00539463 2.66301 
0.994724 0.600781 -0.00692574 2.66301 
0.993901 0.60201 -0.0079532 2.66105 
1.00582 0.579323 0.0484413 2.6884 
1.00311 0.583569 0.0529004 2.68203 
1.00293 0.583627 0.0586804 2.68181 
0.999425 0.589242 0.0631286 2.67368 
0.996269 0.594693 0.0605834 2.66632 
0.992449 0.601407 0.0617425 2.65777 
0.998633 0.590261 0.070015 2.67212 
0.993805 0.597955 0.0722956 2.66085 
0.992144 0.60154 0.0804273 2.65819 
0.919142 0.699641 0.0229001 2.48825 
0.918482 0.700355 0.0122085 2.48657 
0.914435 0.705856 0.00863272 2.47815 
0.914849 0.704943 -0.00435651 2.47878 
0.920483 0.698804 -0.0113312 2.49154 
0.921941 0.696244 -0.0217818 2.49435 
0.910648 0.709634 -0.00965398 2.46943 
0.912918 0.707008 -0.0221155 2.47466 
0.909102 0.709229 -0.0286688 2.46475 
1.00031 0.591036 4.122e-05 2.6757 
1.00031 0.591065 3.54274e-05 2.6757 
1.00032 0.591041 7.39311e-05 2.67573 
1.0003 0.591064 8.43633e-05 2.67569 
1.00029 0.591099 4.65824e-05 2.67566 
1.00028 0.591115 5.15856e-05 2.67563 
1.00032 0.591043 0.000130123 2.67572 
1.0003 0.591072 0.00013548 2.67568 
1.00031 0.591087 0.000186264 2.67572 
1.00025 0.591155 4.38282e-06 2.67557 
1.00025 0.591163 2.01188e-05 2.67557 
1.00026 0.59115 3.28704e-05 2.67558 
1.00025 0.591156 7.01896e-05 2.67558 
1.00023 0.591202 7.89398e-05 2.67551 
1.00021 0.591241 0.00010687 2.67549 
1.00027 0.591129 9.15927e-05 2.6756 
1.00026 0.591149 0.000141614 2.6756 
1.00028 0.591115 0.000182707 2.67564 
0.999653 0.589785 -1.87774e-05 2.674 
0.99977 0.589943 -7.76599e-06 2.6742 
0.999906 0.590064 -3.1573e-05 2.67424 
1.00001 0.590276 -8.88804e-05 2.67455 
0.999976 0.590069 -9.30054e-05 2.67447 
1.00004 0.590206 -0.000115785 2.6746 
1.00007 0.59075 -0.00012524 2.67484 
1.0001 0.590941 -0.000183815 2.67505 
1.0001 0.591245 -0.00021689 2.67526 
0.999992 0.591384 -0.000260358 2.67489 
0.999991 0.591477 -0.000254857 2.67497 
1 0.591463 -0.000259517 2.675 
1.00001 0.591527 -0.000251069 2.67512 
0.99999 0.591489 -0.000179657 2.67501 
1.00005 0.591251 -0.000171326 2.67507 
1.00002 0.591478 -0.00024913 2.67511 
1.00006 0.591414 -0.000241226 2.67524 
1.00007 0.591346 -0.000270199 2.67522 
