0.998971 0.59321 0.0172792 2.67269 
0.979599 0.625094 -0.0150803 2.62847 
1.0213 0.545902 -0.0844619 2.72553 
0.987031 0.613665 3.81412e-05 2.64549 
0.999992 0.591317 -0.000285484 2.67483 
1.00016 0.591293 0.000477313 2.67536 
1.00052 0.59085 -0.00491771 2.67635 
1.00091 0.590048 0.0152708 2.67724 
0.9827 0.621156 -0.022758 2.63627 
0.98719 0.613348 -0.000539583 2.64582 
0.987523 0.612878 0.000647585 2.64662 
0.998508 0.593772 -0.0184252 2.67155 
0.989906 0.608681 0.0142273 2.65198 
0.99896 0.59067 -0.0484816 2.67233 
0.98761 0.612334 0.0178726 2.64675 
1.01738 0.548227 -0.0876729 2.71375 
0.999951 0.591514 -1.72063e-05 2.67478 
0.999616 0.592319 7.66237e-05 2.67415 
1.00357 0.585199 0.000513333 2.68312 
1.00671 0.577252 -0.00222759 2.69035 
0.888428 0.715092 -0.107283 2.41395 
0.962938 0.647032 0.0225463 2.58893 
0.870956 0.732727 0.093344 2.37402 
1.00077 0.58805 -0.00026676 2.67657 
1.00068 0.590391 0.000121666 2.67653 
0.959488 0.632049 0.161996 2.58134 
0.994047 0.601476 -0.00112262 2.66116 
0.9923 0.603184 0.0447643 2.65743 
0.999326 0.592758 -0.000221197 2.67344 
0.999138 0.592981 -0.000216057 2.67295 
0.980267 0.624601 -0.0185955 2.63039 
0.996119 0.59855 0.000834551 2.66626 
0.965068 0.642948 -0.0447464 2.59385 
0.999538 0.592478 -0.0127374 2.6741 
0.998541 0.594004 0.0037838 2.67158 
1.00042 0.590722 0.00521322 2.67588 
1.02174 0.551078 0.0232576 2.7253 
1.01914 0.549798 0.0985386 2.72048 
0.978998 0.60441 -0.152335 2.62666 
0.967897 0.641761 0.0227835 2.60141 
1.00608 0.579112 0.0372347 2.68869 
0.88477 0.725778 -0.0949307 2.41003 
0.940544 0.678763 -0.0172911 2.53967 
1.00412 0.58417 0.00650992 2.68437 
1.00357 0.58327 -0.0417316 2.68303 
1.01798 0.556232 -0.0164077 2.71682 
1.00235 0.585084 -0.000440781 2.68035 
1.00738 0.575691 -0.00318935 2.69155 
0.9986 0.594249 -0.00403911 2.67194 
1.00148 0.588943 0.000180933 2.67836 
0.959566 0.651686 0.0196576 2.58116 
0.985186 0.615642 -0.0198514 2.64089 
1.00036 0.590939 0.00430386 2.6758 
0.88738 0.7246 0.0987094 2.41681 
1.00932 0.574791 0.00233737 2.69635 
0.848054 0.752282 -0.010806 2.31969 
1.00036 0.591075 -0.00353435 2.67593 
1.00057 0.590543 0.00143035 2.67628 
0.985301 0.607112 0.0971615 2.64055 
1.00095 0.587856 -0.000312161 2.67692 
1.00071 0.590285 0.00120364 2.67659 
0.999995 0.591358 -0.000283577 2.67486 
0.999998 0.591614 7.13095e-06 2.675 
1.00319 0.585905 0.000740295 2.68227 
1.003 0.586439 -0.00555244 2.68215 
1.00033 0.590763 -0.00126297 2.67569 
1.00016 0.591302 0.000679096 2.67537 
1.00009 0.58924 -8.86092e-05 2.67505 
1.00036 0.590969 2.50541e-05 2.67584 
1.00042 0.590765 -0.000962636 2.67609 
1.0006 0.590533 0.000131638 2.67635 
0.951274 0.657549 -0.0987338 2.56356 
0.999991 0.591306 -0.00055654 2.67482 
1.00013 0.59139 6.92813e-05 2.6753 
0.916119 0.704434 0.0308641 2.48278 
1.00783 0.575403 0.0496962 2.69293 
1.0013 0.589346 0.0167463 2.67813 
1.01877 0.554798 0.0211202 2.71728 
0.970668 0.637136 -0.0537062 2.60867 
0.999972 0.59166 0.000403898 2.67494 
0.999989 0.591316 -0.000669415 2.67482 
1.00301 0.586 -0.00804997 2.68193 
0.965163 0.639555 0.0722339 2.59355 
1.0007 0.590499 -0.00438609 2.67674 
1.00024 0.59153 -0.0170363 2.67598 
1.00293 0.586317 0.00561111 2.68167 
0.998503 0.59388 -0.0139249 2.6715 
0.927589 0.693053 0.0477621 2.51044 
1.0005 0.590259 -0.0014113 2.67603 
1.00079 0.590328 0.00399146 2.67688 
0.999499 0.592462 0.000175641 2.67384 
0.999833 0.592153 -0.000425849 2.67477 
1.00005 0.591274 -0.000653663 2.67503 
1.00051 0.590636 0.00102311 2.67613 
0.969345 0.635401 0.0700102 2.60417 
0.967405 0.641693 -0.048482 2.6008 
0.940864 0.671699 -0.084092 2.53898 
0.997765 0.595547 -0.00451805 2.66994 
0.989666 0.606177 0.0487889 2.65077 
0.932665 0.683025 -0.0261006 2.51816 
1.00028 0.59112 1.09447e-05 2.67563 
1.00016 0.591324 3.77474e-05 2.67536 
0.999796 0.589728 -3.43884e-05 2.67435 
0.999855 0.590332 -0.000122146 2.67443 
0.992775 0.604195 0.0193912 2.6588 
0.995198 0.600125 0.0178012 2.66433 
0.998232 0.594851 0.00902535 2.67109 
0.979869 0.624766 0.00892403 2.62907 
0.977873 0.629222 0.0039779 2.62536 
0.970752 0.638682 -0.00329783 2.60841 
1.02316 0.545557 -0.0424287 2.72921 
1.01941 0.547271 -0.0498146 2.71752 
1.00718 0.574279 -0.0550944 2.6905 
0.985768 0.615907 0.0051217 2.64276 
0.985348 0.616107 0.00291923 2.64149 
0.98437 0.618221 -0.00396204 2.63961 
1.00001 0.591316 -0.000415405 2.6749 
1.00001 0.591334 -0.000372699 2.67492 
1.00003 0.591432 -0.000331047 2.67511 
1.00015 0.591337 0.000172809 2.67533 
1.00017 0.591304 0.000252144 2.67537 
1.00026 0.591142 0.00033919 2.67559 
1.00043 0.59086 -0.00978069 2.67609 
1.00085 0.590244 -0.00824991 2.67714 
1.00164 0.588257 -0.00636501 2.67864 
1.00103 0.589939 0.00739074 2.67747 
1.00118 0.589296 0.00864689 2.6776 
1.00275 0.586537 0.00992327 2.68122 
0.977862 0.626652 -0.0364885 2.62446 
0.980971 0.623162 -0.0357399 2.63233 
0.989813 0.607526 -0.0423533 2.65188 
0.985529 0.616265 -0.00642677 2.6422 
0.986601 0.614852 -0.00520192 2.64483 
0.98927 0.6107 -0.00620032 2.65104 
0.99156 0.606288 0.00160855 2.65587 
0.990045 0.608596 0.00189263 2.65229 
0.987454 0.612828 0.00597112 2.64638 
0.990692 0.607935 -0.0257264 2.65438 
0.993322 0.602556 -0.026187 2.65981 
0.998889 0.59205 -0.03024 2.67217 
0.993896 0.602206 0.0049291 2.66111 
0.993691 0.602392 0.00682288 2.66056 
0.996046 0.598262 0.00873485 2.66588 
0.983627 0.61627 -0.0591141 2.63784 
0.988238 0.608051 -0.0600505 2.64798 
0.993907 0.597271 -0.0686342 2.66071 
0.995426 0.598827 0.0222766 2.66439 
0.993469 0.602655 0.0240111 2.66026 
0.988458 0.610107 0.0306633 2.64847 
1.00511 0.57896 -0.0595163 2.68654 
1.00609 0.575223 -0.06725 2.68807 
1.00151 0.580914 -0.0899612 2.67791 
0.999738 0.591934 -7.62438e-05 2.67432 
0.999823 0.591822 -6.06914e-05 2.67454 
0.999888 0.592137 -0.000190602 2.67493 
0.999934 0.591719 1.86446e-05 2.67485 
0.999889 0.591793 5.65494e-05 2.67474 
0.999856 0.591883 0.000273653 2.67468 
1.00566 0.581394 0.00100882 2.6879 
1.00499 0.582641 0.00141457 2.68638 
1.00397 0.584402 0.00354096 2.68399 
1.00395 0.582225 -0.000953003 2.68399 
1.00441 0.581377 -0.00147769 2.68482 
1.00458 0.582514 -0.00528286 2.68504 
0.936874 0.660555 -0.150675 2.52836 
0.928834 0.675134 -0.141262 2.51188 
0.930103 0.68128 -0.105439 2.5145 
0.97748 0.625661 0.0458555 2.62287 
0.973032 0.633324 0.0440179 2.61321 
0.963921 0.646805 0.0469224 2.59284 
0.855006 0.747224 0.0478608 2.33623 
0.869663 0.742749 0.0533987 2.3756 
0.903403 0.713882 0.0515127 2.45221 
1.00038 0.588786 -0.000152393 2.67566 
1.00049 0.588743 -0.000236422 2.67585 
1.00069 0.590101 -0.000895741 2.67652 
1.00099 0.589833 0.000164443 2.67723 
1.00089 0.590017 0.000241788 2.67702 
1.00072 0.590314 0.000669262 2.67664 
0.914344 0.68808 0.144097 2.47587 
0.929304 0.675502 0.145899 2.51348 
0.948977 0.656342 0.128705 2.55905 
0.989075 0.609964 -0.00106507 2.64993 
0.99058 0.60785 -0.00144794 2.65359 
0.992977 0.604119 -0.00542554 2.65923 
0.999094 0.592599 0.0268917 2.67294 
0.998522 0.592556 0.0319609 2.67116 
1.00062 0.588662 0.0456414 2.67639 
0.99887 0.594134 -0.00176486 2.67274 
0.999034 0.593863 -0.00135866 2.67312 
0.999436 0.59297 -0.00107532 2.67393 
0.997539 0.595828 -0.000586601 2.66934 
0.998095 0.594886 -0.000587497 2.67062 
0.998498 0.594767 -0.0018317 2.67188 
0.967743 0.642542 -0.0105476 2.6013 
0.970954 0.637718 -0.0162202 2.60857 
0.974241 0.633728 -0.0299345 2.61697 
0.99862 0.594106 0.000387382 2.6719 
0.998099 0.594883 0.000714002 2.67063 
0.997414 0.596173 0.00316389 2.66913 
0.957642 0.655582 -0.0100015 2.57751 
0.956858 0.657146 -0.0204757 2.57622 
0.951872 0.663029 -0.0373949 2.56505 
1.00029 0.59117 -0.006787 2.67577 
0.999839 0.591614 -0.0076713 2.67453 
0.998608 0.593529 -0.00676089 2.67156 
0.999126 0.593104 0.00096223 2.67298 
0.999079 0.593194 0.00148333 2.67288 
0.999506 0.592446 0.00220999 2.67386 
1.00034 0.590687 0.0101531 2.67564 
1.00022 0.591152 0.00833515 2.67551 
0.999156 0.592936 0.0057928 2.673 
1.02496 0.543168 0.0529592 2.73316 
1.02199 0.545598 0.0466531 2.72409 
1.01377 0.563875 0.0413886 2.70599 
0.998039 0.581509 0.13768 2.67222 
1.00148 0.573319 0.12643 2.67738 
0.999654 0.583479 0.102166 2.67434 
1.0098 0.558837 -0.121817 2.69799 
1.00178 0.570012 -0.126652 2.67793 
0.98834 0.599811 -0.111218 2.64766 
0.981909 0.621309 0.0213149 2.63372 
0.97935 0.62428 0.0248047 2.62731 
0.978841 0.625494 0.0412107 2.62699 
1.00218 0.587074 0.0229479 2.67985 
1.00377 0.584387 0.0250866 2.68365 
1.00759 0.577119 0.023489 2.69216 
0.92551 0.688529 -0.0931692 2.50409 
0.91567 0.698878 -0.0910604 2.48131 
0.899272 0.717641 -0.0609981 2.44322 
0.952394 0.662232 0.00869865 2.5653 
0.94727 0.668437 0.00465511 2.55331 
0.929134 0.690889 0.0105842 2.51263 
1.00659 0.579646 0.00494127 2.69002 
1.00608 0.580453 0.0061856 2.68876 
1.0062 0.580357 0.0102402 2.68914 
1.0135 0.563373 -0.0323446 2.70448 
1.01118 0.568911 -0.0331639 2.69986 
1.00705 0.578024 -0.0257014 2.69108 
1.01122 0.568893 -0.00555979 2.70094 
1.01175 0.566818 -0.00806824 2.70134 
1.01068 0.570514 -0.0163975 2.69872 
1.00133 0.586919 -0.000284137 2.67801 
1.00156 0.586578 -0.000424822 2.67839 
1.002 0.586973 -0.001632 2.67901 
1.00482 0.582219 -0.00660667 2.68566 
1.00574 0.580217 -0.00679998 2.68757 
1.00741 0.576765 -0.0107029 2.69123 
0.999646 0.59167 -0.00423302 2.6739 
0.999466 0.591985 -0.00380722 2.67348 
0.99945 0.592663 -0.00233876 2.67382 
1.00228 0.587521 0.000286304 2.68017 
1.00205 0.587957 0.000420364 2.67966 
1.00175 0.588445 0.00124067 2.67894 
0.956749 0.654826 0.045503 2.5752 
0.955277 0.657415 0.0387908 2.57195 
0.943781 0.672938 0.029028 2.54592 
0.994675 0.600202 -0.0205302 2.66271 
0.992912 0.603633 -0.020283 2.65895 
0.991004 0.606227 -0.0141585 2.65412 
0.99932 0.592823 0.00475511 2.67347 
0.999615 0.592237 0.004306 2.6741 
0.999941 0.591693 0.00248753 2.67486 
0.910627 0.706482 0.0591048 2.46894 
0.908862 0.706754 0.0727519 2.46477 
0.926876 0.684502 0.105476 2.50676 
1.01496 0.564314 0.00783443 2.70941 
1.01281 0.567614 0.00758702 2.70405 
1.0094 0.573954 0.0107529 2.6962 
0.85995 0.742276 -0.0596359 2.34756 
0.865317 0.744289 -0.0498184 2.36434 
0.885153 0.730702 -0.0339246 2.40992 
1.00046 0.590665 -0.00203245 2.67607 
1.00035 0.59104 -0.00227997 2.67589 
0.999909 0.591267 -0.00206538 2.67452 
1.0006 0.590465 0.00276071 2.67632 
1.00052 0.590625 0.00230027 2.67616 
1.00018 0.591271 0.00172761 2.67538 
0.976015 0.615197 0.130649 2.61919 
0.977234 0.61704 0.120696 2.623 
0.966821 0.633103 0.109077 2.59808 
1.00076 0.590153 -0.00108357 2.6768 
1.00093 0.589533 -0.00101852 2.67697 
1.00135 0.588568 -0.00138047 2.6778 
1.00113 0.589563 0.000766908 2.67756 
1.00108 0.589669 0.0010008 2.67745 
1.00119 0.589484 0.00160377 2.67771 
0.999966 0.591855 -0.000145446 2.67503 
0.999986 0.591883 -0.000222832 2.67512 
0.999947 0.591733 -0.000309513 2.67491 
1.00006 0.59151 3.74894e-05 2.67513 
1.00003 0.591552 4.25114e-05 2.67507 
0.999987 0.591625 0.000108388 2.67497 
1.0035 0.585322 0.00348847 2.68298 
1.00323 0.585768 0.00268932 2.68232 
1.00234 0.587424 0.00203017 2.68032 
1.00316 0.584485 -0.00215282 2.68145 
1.00304 0.585277 -0.00293052 2.68148 
1.00206 0.588085 -0.00316101 2.67993 
1.00009 0.5912 -0.000883449 2.67511 
1.0001 0.591188 -0.00100801 2.67514 
0.999982 0.591167 -0.00138916 2.67471 
1.00035 0.590975 0.0010246 2.67579 
1.00026 0.591117 0.00100501 2.67558 
1.00007 0.591475 0.00111826 2.67515 
0.999917 0.589529 -4.52465e-05 2.67463 
0.999976 0.589541 -6.16991e-05 2.6747 
1.00022 0.590538 -0.000219639 2.67521 
1.00048 0.590772 3.05659e-05 2.67609 
1.00043 0.590838 6.20573e-05 2.67597 
1.00036 0.590967 0.000150663 2.6758 
1.00047 0.589778 -0.00035897 2.67555 
1.00043 0.590458 -0.000508594 2.67583 
1.00021 0.591173 -0.0004701 2.67561 
1.00062 0.590484 0.000655099 2.67641 
1.00058 0.590562 0.000477414 2.6763 
1.00042 0.590854 0.00027413 2.67596 
0.960741 0.638688 -0.134012 2.5857 
0.961491 0.639049 -0.122212 2.58656 
0.976719 0.621336 -0.100971 2.62182 
0.999985 0.591318 -0.00033548 2.67481 
0.99998 0.591327 -0.000383651 2.67479 
0.999919 0.591592 -0.000469449 2.67474 
1.00013 0.591376 0.000312296 2.6753 
1.00012 0.591407 0.000257663 2.67527 
1.00006 0.591506 0.00024244 2.67513 
0.88387 0.732824 0.0150805 2.40724 
0.893042 0.725165 0.0140299 2.42844 
0.905083 0.714877 -0.00544245 2.45657 
1.01376 0.560992 0.0715816 2.70603 
1.01061 0.567333 0.0685811 2.69879 
1.00119 0.584632 0.0744831 2.67759 
1.00351 0.585237 0.0107295 2.683 
1.00342 0.585421 0.0126989 2.68284 
1.00475 0.583127 0.0167369 2.68599 
1.01287 0.566541 0.0355315 2.70422 
1.01362 0.564974 0.0307092 2.70572 
1.01138 0.570306 0.0192274 2.70092 
0.96005 0.648853 -0.0743275 2.5836 
0.965247 0.643285 -0.0724387 2.59646 
0.977903 0.623511 -0.0799825 2.6252 
1.00006 0.591504 0.000550886 2.67513 
1.00002 0.591558 0.000568639 2.67504 
0.999934 0.591712 0.000895265 2.67484 
0.999897 0.591676 -0.000535106 2.67472 
0.999904 0.591553 -0.00062386 2.67467 
0.999862 0.591559 -0.000980355 2.67454 
1.00167 0.588111 -0.0134435 2.6787 
1.00243 0.586867 -0.0124291 2.6805 
1.00467 0.582989 -0.0124528 2.68577 
0.977971 0.622101 0.0878264 2.62506 
0.972628 0.630084 0.086539 2.61268 
0.958561 0.649146 0.0906052 2.58026 
1.00174 0.588174 -0.00550758 2.67892 
1.00143 0.588622 -0.00490576 2.67816 
1.00129 0.589053 -0.00345541 2.67796 
1.00185 0.588177 -0.0279127 2.67967 
1.00157 0.58834 -0.0246117 2.67876 
1.00351 0.584922 -0.0190746 2.6831 
1.00138 0.589065 0.00497369 2.67809 
1.0018 0.588445 0.00491504 2.67914 
1.0021 0.587767 0.00339356 2.67975 
0.998023 0.594599 -0.00735994 2.67026 
0.997715 0.595028 -0.00891372 2.66951 
0.995389 0.599228 -0.0119656 2.66435 
0.951217 0.661306 0.0669932 2.5632 
0.945154 0.66899 0.0677884 2.54936 
0.938536 0.676497 0.0833598 2.53509 
1.0006 0.590254 -0.00275434 2.6763 
1.00069 0.589958 -0.00237881 2.67644 
1.00095 0.589847 -0.00200162 2.6773 
1.00077 0.590248 0.00205665 2.67675 
1.00084 0.590074 0.00243332 2.67689 
1.00133 0.589234 0.00304014 2.67804 
0.999809 0.591918 0.000374671 2.67455 
0.999759 0.592043 0.000456969 2.67446 
0.999657 0.592197 0.000912814 2.67421 
0.9996 0.592448 -0.000366366 2.67417 
0.999644 0.592579 -0.000439582 2.67439 
0.99974 0.592121 -0.000848529 2.67445 
1.00023 0.591126 -0.000918896 2.67559 
1.00016 0.591239 -0.000777749 2.67539 
1.00011 0.591315 -0.000473498 2.67532 
1.00026 0.591112 0.000746638 2.67559 
1.00032 0.591017 0.000741466 2.67573 
1.00037 0.590922 0.000472926 2.67581 
0.982854 0.616744 0.0572743 2.63539 
0.980572 0.619462 0.0627077 2.62996 
0.980207 0.618895 0.0817395 2.62982 
0.950504 0.665264 -0.0450186 2.56258 
0.954033 0.660075 -0.0503485 2.57049 
0.95562 0.656542 -0.0675469 2.57413 
0.93545 0.680813 -0.0500276 2.5262 
0.934008 0.682865 -0.0571966 2.52353 
0.921817 0.695882 -0.0613693 2.49542 
0.996021 0.59876 -0.00283258 2.66606 
0.996242 0.598802 -0.00384654 2.66681 
0.995488 0.599325 -0.00709153 2.66467 
1.00044 0.58827 0.0516414 2.67586 
0.997469 0.593585 0.0545145 2.66927 
0.990771 0.603529 0.0677975 2.65393 
0.922041 0.696163 0.00425957 2.49436 
0.923578 0.694943 -0.00629349 2.49825 
0.919514 0.699527 -0.0274916 2.48941 
1.00031 0.591069 2.23868e-05 2.6757 
1.0003 0.591082 2.03337e-05 2.67569 
1.0003 0.59107 8.87976e-05 2.67569 
1.00025 0.591161 2.1741e-05 2.67556 
1.00024 0.591188 4.1479e-05 2.67555 
1.00024 0.591191 0.000160321 2.67554 
0.999719 0.589893 -3.45884e-05 2.67418 
0.999804 0.589882 -4.0673e-05 2.67431 
1.00009 0.590688 -0.000164442 2.67489 
0.999984 0.591568 -0.00019801 2.67502 
0.999997 0.59155 -0.000183742 2.67507 
1.00005 0.591146 -0.000209866 2.67501 
0.996052 0.598562 0.0193309 2.66624 
0.997923 0.595418 0.016407 2.67051 
0.998669 0.593984 0.0119615 2.67205 
0.977729 0.628973 -0.00261003 2.62472 
0.97725 0.629075 -0.0104066 2.6233 
0.975548 0.63127 -0.0112336 2.61919 
1.02435 0.542791 -0.0606748 2.73265 
1.01759 0.547485 -0.0695647 2.71263 
1.01183 0.562357 -0.0655249 2.70012 
0.986459 0.614623 0.00149283 2.64421 
0.986462 0.614426 0.000471105 2.64409 
0.98616 0.615137 -0.0010536 2.64355 
1 0.59133 -0.00033027 2.67487 
1 0.591345 -0.000309399 2.67489 
1.00001 0.591381 -0.000310237 2.67494 
1.00015 0.591322 0.000307076 2.67535 
1.00018 0.591277 0.000402313 2.67539 
1.00022 0.591209 0.000415584 2.67549 
1.00056 0.590675 -0.00698006 2.67641 
1.00079 0.590408 -0.00576846 2.67701 
1.00101 0.589367 -0.00562103 2.67714 
1.0011 0.589725 0.0104181 2.67761 
1.00123 0.589235 0.0126024 2.67777 
1.00198 0.587903 0.0125621 2.67949 
0.980388 0.623112 -0.0284542 2.63013 
0.9827 0.620201 -0.028093 2.63582 
0.98459 0.616227 -0.0328783 2.63969 
0.986637 0.614223 -0.00249019 2.64455 
0.9873 0.613409 -0.00197103 2.64622 
0.987737 0.612573 -0.00280607 2.64714 
0.989124 0.610415 0.00144269 2.65037 
0.987884 0.612199 0.000998079 2.64739 
0.98747 0.612915 0.00235272 2.64648 
0.995475 0.599444 -0.0233641 2.66498 
0.997695 0.595416 -0.0216158 2.6699 
0.998672 0.592387 -0.0233238 2.67142 
0.992363 0.604898 0.00904786 2.65771 
0.991903 0.605049 0.0116347 2.65631 
0.993535 0.602385 0.0119684 2.66009 
0.992611 0.601707 -0.0555852 2.65827 
0.996337 0.595149 -0.0541057 2.66658 
0.996798 0.593639 -0.0579298 2.66747 
0.991347 0.605796 0.0220263 2.65512 
0.989111 0.609883 0.021232 2.65024 
0.987945 0.61176 0.0238604 2.64763 
1.00946 0.569396 -0.0705384 2.69626 
1.01265 0.561997 -0.0821288 2.70398 
1.00965 0.566181 -0.0911798 2.69705 
0.99987 0.591712 -3.25111e-05 2.67463 
0.999917 0.591647 -5.45108e-05 2.67475 
0.999913 0.591731 -9.55777e-05 2.67478 
0.999819 0.591906 3.54477e-05 2.67457 
0.999733 0.592066 0.000129749 2.67438 
0.999752 0.592064 0.000220628 2.67444 
1.00446 0.583565 0.000703473 2.68516 
1.00397 0.584493 0.00101438 2.68405 
1.00383 0.584667 0.0018537 2.68369 
1.00514 0.580094 -0.00139509 2.68674 
1.00566 0.578988 -0.00219975 2.68763 
1.0057 0.579643 -0.00396427 2.68734 
0.912804 0.689258 -0.13552 2.47192 
0.908015 0.701534 -0.121048 2.46436 
0.913949 0.697515 -0.110907 2.47754 
0.96931 0.638497 0.0368277 2.60429 
0.965069 0.645376 0.0313237 2.59492 
0.96312 0.648715 0.0340955 2.59101 
0.862882 0.740853 0.0712068 2.35517 
0.877119 0.735409 0.0752607 2.39292 
0.890521 0.724778 0.0671935 2.42317 
1.00056 0.588457 -0.000204037 2.67609 
1.00069 0.588376 -0.000310038 2.6763 
1.00084 0.588831 -0.000622222 2.6764 
1.00081 0.590151 0.000128933 2.67683 
1.00074 0.590288 0.000199853 2.67669 
1.00072 0.590322 0.000359411 2.67664 
0.938301 0.660389 0.156924 2.53243 
0.951442 0.646655 0.154714 2.56436 
0.954474 0.645766 0.144989 2.57173 
0.991542 0.605828 -0.00126373 2.65553 
0.993197 0.603433 -0.00145948 2.65954 
0.993552 0.602543 -0.00289866 2.66018 
0.996729 0.595592 0.0355669 2.66712 
0.995435 0.597715 0.0427648 2.66442 
0.996278 0.596463 0.0461187 2.66662 
0.999085 0.593431 -0.000792488 2.67304 
0.999245 0.593045 -0.000575029 2.67334 
0.999311 0.593001 -0.000653959 2.67353 
0.998529 0.594133 -0.000314459 2.67161 
0.998849 0.593543 -0.000378598 2.67232 
0.998806 0.593651 -0.000809733 2.67224 
0.974676 0.632155 -0.0168805 2.61702 
0.977524 0.627819 -0.0196775 2.62354 
0.97743 0.627754 -0.0235861 2.62329 
0.99763 0.59588 0.000612304 2.66967 
0.996814 0.597098 0.00102277 2.66769 
0.996718 0.597396 0.00201565 2.66755 
0.959672 0.653344 -0.0299432 2.58285 
0.960663 0.650197 -0.0402575 2.58436 
0.959141 0.651566 -0.0425346 2.58057 
1.00007 0.591551 -0.00935657 2.67529 
0.999386 0.592328 -0.0104466 2.67347 
0.99887 0.593112 -0.00925087 2.67221 
0.998854 0.593565 0.00204937 2.67235 
0.998863 0.593644 0.00285664 2.67243 
0.999135 0.593091 0.00296014 2.67301 
1.00044 0.590674 0.00724794 2.67595 
1.00028 0.591061 0.00597581 2.67563 
0.99982 0.591805 0.00564513 2.67454 
1.0241 0.545935 0.0360388 2.73092 
1.02087 0.549438 0.032038 2.72176 
1.01764 0.556148 0.0343971 2.71452 
1.01071 0.562897 0.118163 2.7014 
1.01217 0.557175 0.108001 2.70194 
1.00911 0.565321 0.103593 2.6957 
0.997183 0.577895 -0.139571 2.66892 
0.987303 0.592649 -0.14143 2.64512 
0.983975 0.602869 -0.130552 2.63792 
0.97628 0.629955 0.0245568 2.62092 
0.972206 0.636426 0.028068 2.61204 
0.972113 0.635967 0.0335769 2.6116 
1.00407 0.583322 0.0281967 2.68411 
1.00586 0.580423 0.0314785 2.6885 
1.00731 0.577141 0.0304562 2.69143 
0.908846 0.705444 -0.0962993 2.46599 
0.894554 0.717928 -0.091018 2.43215 
0.891544 0.722549 -0.0772323 2.42529 
0.946078 0.67028 -0.000586474 2.55083 
0.940642 0.678365 -0.00771934 2.53953 
0.933719 0.687056 -0.00613693 2.52411 
1.00531 0.582016 0.0060543 2.6871 
1.00482 0.582964 0.00688423 2.68602 
1.00506 0.582428 0.00810835 2.68653 
1.00892 0.572746 -0.0384721 2.69472 
1.00644 0.578971 -0.0378045 2.68999 
1.00587 0.579771 -0.0333665 2.6884 
1.01425 0.563201 -0.00979957 2.70797 
1.01465 0.560843 -0.0133142 2.70786 
1.01395 0.563998 -0.0163773 2.70642 
1.00177 0.586117 -0.000347368 2.67899 
1.00205 0.585682 -0.000525558 2.67952 
1.00226 0.585833 -0.00107496 2.67956 
1.0062 0.57881 -0.00537352 2.68833 
1.00728 0.57662 -0.00524692 2.69092 
1.00781 0.575595 -0.00683774 2.69201 
0.99915 0.592634 -0.00420424 2.67282 
0.998992 0.593517 -0.00373296 2.67281 
0.999125 0.59332 -0.00307068 2.67313 
1.00184 0.588313 0.000229668 2.67916 
1.00165 0.588659 0.000329667 2.67875 
1.00162 0.5887 0.000630639 2.67867 
0.957519 0.655131 0.0317515 2.57729 
0.95668 0.656417 0.0245936 2.57528 
0.952885 0.661808 0.0234084 2.56683 
0.990186 0.607528 -0.0219347 2.65236 
0.988343 0.611168 -0.0199402 2.64849 
0.988521 0.610079 -0.017222 2.64835 
0.999866 0.591901 0.00464381 2.67474 
1.00008 0.591425 0.00408956 2.67516 
1.0001 0.591441 0.00326723 2.67523 
0.899995 0.715149 0.0755377 2.44458 
0.898873 0.714666 0.0920248 2.44248 
0.909187 0.703182 0.105833 2.46634 
1.01186 0.570078 0.00427786 2.70219 
1.0102 0.572772 0.00448394 2.69818 
1.00949 0.573907 0.00642806 2.69642 
0.853435 0.74812 -0.0340498 2.33218 
0.857903 0.749781 -0.0266288 2.34638 
0.868164 0.743095 -0.0259369 2.37007 
1.00043 0.590859 -0.00271029 2.67607 
1.00029 0.59119 -0.00300253 2.67578 
1.00007 0.591288 -0.00271383 2.67509 
1.0006 0.590478 0.00200261 2.67634 
1.00052 0.590635 0.00167222 2.67617 
1.00038 0.590903 0.00164668 2.67584 
0.981643 0.610798 0.112259 2.63248 
0.982069 0.611608 0.104597 2.6335 
0.977392 0.618819 0.104269 2.6227 
1.00101 0.588846 -0.000805006 2.67679 
1.00109 0.588143 -0.000671003 2.67687 
1.00127 0.588002 -0.00080722 2.67733 
1.00093 0.589939 0.00106092 2.6771 
1.00086 0.590075 0.00122274 2.67696 
1.00092 0.589928 0.00140377 2.67708 
0.999985 0.591698 -0.000270414 2.67501 
0.999982 0.591491 -0.000279123 2.67489 
0.999982 0.591502 -0.000294608 2.67489 
1.00002 0.59158 2.21824e-05 2.67504 
1 0.591604 2.12106e-05 2.675 
0.999994 0.591614 4.1969e-05 2.67499 
1.0034 0.58551 0.00202383 2.68273 
1.00308 0.586042 0.00136955 2.682 
1.00275 0.586674 0.00148855 2.68127 
1.00319 0.585258 -0.00376287 2.68199 
1.00294 0.586513 -0.00454231 2.68195 
1.00247 0.587368 -0.00421425 2.6809 
1.00019 0.591164 -0.0010979 2.67545 
1.00023 0.59109 -0.00127474 2.67552 
1.00017 0.591284 -0.00139914 2.67541 
1.00024 0.591168 0.000841483 2.67553 
1.00017 0.591276 0.00081068 2.67538 
1.00013 0.591362 0.000881101 2.67529 
0.99999 0.589404 -6.15211e-05 2.67481 
1.00005 0.589401 -8.712e-05 2.67486 
1.0002 0.589676 -0.000155737 2.67494 
1.00041 0.590889 2.26082e-05 2.67594 
1.00038 0.590933 5.02201e-05 2.67587 
1.00036 0.590965 8.38306e-05 2.67583 
1.00047 0.59066 -0.000649674 2.67612 
1.0004 0.590852 -0.000756243 2.67604 
1.0003 0.591023 -0.000670185 2.67581 
1.00062 0.590479 0.00037516 2.67641 
1.00056 0.590589 0.000230531 2.67628 
1.0005 0.590714 0.000228566 2.67614 
0.954979 0.650041 -0.116166 2.57227 
0.956589 0.648975 -0.10606 2.57547 
0.964821 0.638769 -0.102663 2.59472 
0.999988 0.591309 -0.000420393 2.67481 
0.999979 0.591327 -0.000494809 2.67479 
0.999954 0.591385 -0.000522418 2.67474 
1.00013 0.591383 0.000175576 2.6753 
1.00012 0.591409 0.000132232 2.67527 
1.0001 0.591444 0.000152982 2.67522 
0.90095 0.717679 0.0241215 2.44658 
0.908606 0.710875 0.0225008 2.46449 
0.90938 0.710867 0.014222 2.46666 
1.01054 0.568967 0.0594693 2.69887 
1.00788 0.574273 0.0570516 2.69285 
1.00538 0.57882 0.0614031 2.68734 
1.00259 0.586829 0.0137944 2.68091 
1.00223 0.587453 0.0159224 2.68012 
1.0029 0.586422 0.0170613 2.68176 
1.01615 0.560602 0.0294639 2.71178 
1.01622 0.559832 0.0238379 2.71146 
1.01471 0.563875 0.0202317 2.70852 
0.965389 0.643106 -0.0635868 2.59621 
0.969531 0.637423 -0.0619663 2.60572 
0.973118 0.63196 -0.0673035 2.61415 
1 0.591593 0.000478646 2.675 
0.999968 0.591643 0.000483247 2.67492 
0.999952 0.59169 0.00059737 2.67489 
0.999939 0.591427 -0.000613626 2.67471 
0.999956 0.591363 -0.000701923 2.67473 
0.999943 0.591393 -0.000806846 2.67471 
1.00258 0.586703 -0.0109614 2.68091 
1.00314 0.585825 -0.00961035 2.68228 
1.0038 0.584512 -0.00983482 2.68371 
0.97122 0.633436 0.0810786 2.60985 
0.965889 0.64098 0.077753 2.5973 
0.96192 0.646567 0.0806974 2.58847 
1.00115 0.589093 -0.00489398 2.67747 
1.00091 0.58954 -0.00441002 2.67691 
1.00103 0.58935 -0.00395758 2.6772 
1.00086 0.589499 -0.0216065 2.67695 
1.00072 0.589479 -0.0190974 2.67643 
1.00156 0.588129 -0.0182372 2.67842 
1.00208 0.587799 0.00529074 2.67971 
1.00255 0.587064 0.00510148 2.68082 
1.00251 0.586998 0.00446234 2.68066 
0.998117 0.594275 -0.0101499 2.67041 
0.997847 0.594875 -0.0123002 2.66989 
0.99688 0.596506 -0.013327 2.66767 
0.939418 0.676871 0.0606351 2.53639 
0.932722 0.685424 0.0596864 2.52145 
0.931586 0.686652 0.066885 2.51936 
1.00057 0.590072 -0.00199047 2.67612 
1.00062 0.590128 -0.00166584 2.67632 
1.00069 0.59014 -0.0016994 2.6766 
1.00081 0.590146 0.00286519 2.67684 
1.00087 0.590001 0.00350763 2.67697 
1.00108 0.589662 0.0035902 2.67745 
0.99967 0.592153 0.000344187 2.67423 
0.999598 0.592328 0.00036725 2.67409 
0.999557 0.592371 0.00056516 2.67398 
0.999733 0.592483 -0.00041129 2.67463 
0.999764 0.592264 -0.000488127 2.67461 
0.999786 0.592149 -0.000597972 2.67462 
1.00012 0.591224 -0.000765771 2.67523 
1.00008 0.591258 -0.000666942 2.67513 
1.00009 0.591302 -0.000569125 2.67519 
1.00037 0.590918 0.000893966 2.67582 
1.00044 0.590781 0.000861457 2.67599 
1.00043 0.590807 0.000689052 2.67595 
0.977184 0.624568 0.0640953 2.62221 
0.973997 0.629445 0.0705394 2.61545 
0.974233 0.628776 0.0762225 2.61622 
0.959368 0.652838 -0.048518 2.58249 
0.962452 0.647545 -0.0523491 2.58903 
0.961554 0.648869 -0.0580672 2.58736 
0.937136 0.677882 -0.0672781 2.5304 
0.93658 0.677158 -0.0751731 2.52867 
0.931774 0.683156 -0.0741798 2.51791 
0.996921 0.597659 -0.00391115 2.66838 
0.997166 0.596563 -0.00476374 2.66856 
0.996846 0.597022 -0.0056562 2.66778 
0.994997 0.598138 0.0516604 2.66367 
0.991656 0.603777 0.052716 2.65608 
0.990213 0.606004 0.0576918 2.65297 
0.927342 0.691712 -0.013801 2.50764 
0.929288 0.689928 -0.0213667 2.51253 
0.927385 0.691547 -0.0263698 2.50786 
1.00029 0.591102 1.62335e-05 2.67566 
1.00028 0.591111 1.33705e-05 2.67565 
1.00029 0.591106 3.12246e-05 2.67566 
1.00021 0.591232 3.53697e-05 2.67547 
1.00019 0.591275 5.16955e-05 2.67544 
1.0002 0.591263 9.68091e-05 2.67545 
0.999772 0.589784 -1.10914e-05 2.67429 
0.99983 0.589812 -4.32082e-05 2.67437 
0.999988 0.589991 -9.2976e-05 2.67448 
0.99997 0.591298 -0.000193049 2.67482 
0.999969 0.590825 -0.000158936 2.67462 
0.999983 0.59071 -0.000177992 2.67468 
0.98959 0.609798 0.016592 2.65167 
0.992324 0.605195 0.0173269 2.65788 
0.99406 0.601573 0.0138211 2.66135 
0.995684 0.598711 0.0124525 2.66499 
0.996472 0.597439 0.0134699 2.66684 
0.997684 0.595146 0.0115112 2.66948 
0.996635 0.597698 0.0099211 2.6675 
0.997577 0.595762 0.00851993 2.66946 
0.998125 0.595094 0.00646802 2.67086 
0.984482 0.617887 0.0151723 2.63989 
0.981939 0.622433 0.0137004 2.63439 
0.980553 0.623553 0.0161167 2.63062 
0.977383 0.629709 0.0129555 2.62414 
0.975204 0.631991 0.00584572 2.61846 
0.973565 0.633724 -0.00380782 2.61428 
0.9748 0.63186 0.0159988 2.61718 
0.971127 0.638069 0.00723094 2.60923 
0.967953 0.644711 0.00932037 2.60345 
1.02101 0.550529 -0.0292885 2.7241 
1.01881 0.550257 -0.0351791 2.71651 
1.01583 0.559294 -0.0377324 2.71051 
1.01328 0.56308 -0.0446572 2.70405 
1.01543 0.558777 -0.0505468 2.70942 
1.0119 0.564836 -0.0576275 2.70104 
1.01002 0.570627 -0.0440245 2.6974 
1.00679 0.575996 -0.0485049 2.68989 
1.00359 0.583336 -0.0460613 2.68332 
0.984994 0.616652 0.0121363 2.64075 
0.983933 0.618277 0.00827572 2.63825 
0.981806 0.621798 0.00684415 2.63349 
0.981897 0.621641 0.00239696 2.63367 
0.984488 0.618155 0.000776014 2.63995 
0.984865 0.617138 -0.00114767 2.64055 
0.980239 0.624123 -0.00221943 2.62983 
0.982263 0.621331 -0.00510319 2.63468 
0.981836 0.620862 -0.011529 2.63306 
1.00003 0.591294 -0.000548694 2.67495 
1.00003 0.591308 -0.000483212 2.67498 
1.00006 0.591323 -0.000491455 2.67508 
1.00006 0.591358 -0.000424364 2.67511 
1.00002 0.591368 -0.000373425 2.675 
1.00002 0.591398 -0.000334395 2.67503 
1.00007 0.59137 -0.000416038 2.6752 
1.00006 0.591394 -0.000360591 2.67521 
1.00008 0.591338 -0.000343413 2.67525 
1.00014 0.591348 6.76204e-05 2.67531 
1.00016 0.591321 0.000129182 2.67536 
1.00018 0.591283 0.000147081 2.67541 
1.0002 0.591249 0.000210521 2.67545 
1.0002 0.591258 0.000266968 2.67545 
1.00022 0.591207 0.000339061 2.67549 
1.00023 0.591209 0.000221002 2.67551 
1.00025 0.591149 0.000268569 2.67557 
1.00028 0.591085 0.00026255 2.67563 
1.00001 0.591438 -0.0135475 2.6751 
1.00073 0.590466 -0.0115625 2.67688 
1.00126 0.588747 -0.0116332 2.67768 
1.00163 0.588194 -0.00970675 2.67855 
1.0012 0.588893 -0.00819229 2.67754 
1.00139 0.588738 -0.0066663 2.67806 
1.00212 0.587287 -0.0095357 2.67971 
1.00223 0.587437 -0.00756936 2.68015 
1.00261 0.586646 -0.00713459 2.68096 
1.00085 0.590202 0.00531195 2.67702 
1.00102 0.589692 0.00615868 2.6773 
1.00141 0.589105 0.00598508 2.67823 
1.00171 0.588345 0.00687882 2.6788 
1.0018 0.588379 0.00844548 2.67911 
1.00212 0.58773 0.0102578 2.67982 
1.00219 0.587715 0.00654766 2.68 
1.00262 0.586855 0.00778976 2.68096 
1.0031 0.585818 0.00732051 2.68195 
0.975832 0.629064 -0.0484145 2.61992 
0.978878 0.623367 -0.0458437 2.62608 
0.983449 0.616748 -0.052691 2.63719 
0.985911 0.611991 -0.048842 2.64214 
0.983442 0.617055 -0.0409456 2.6368 
0.986119 0.613981 -0.039207 2.64358 
0.991267 0.604438 -0.0511818 2.65524 
0.992488 0.601934 -0.04723 2.65756 
0.997013 0.595561 -0.0469575 2.66867 
0.984781 0.617088 -0.0148673 2.64038 
0.985681 0.615203 -0.0119603 2.64211 
0.987632 0.612386 -0.0138489 2.6468 
0.988096 0.611383 -0.0111345 2.64766 
0.987394 0.613294 -0.00670874 2.64647 
0.988137 0.612363 -0.00529099 2.64833 
0.989994 0.608723 -0.0120571 2.65228 
0.990068 0.608433 -0.00959064 2.65232 
0.991821 0.606211 -0.0101509 2.65675 
0.994039 0.602027 0.00127495 2.66147 
0.992708 0.604103 0.00203725 2.65833 
0.992596 0.604292 0.00411096 2.65808 
0.991143 0.607002 0.00528546 2.65494 
0.989699 0.609153 0.00401185 2.6515 
0.988294 0.611671 0.00387975 2.64842 
0.990652 0.60743 0.00782092 2.6536 
0.988926 0.610802 0.0082156 2.64999 
0.987882 0.612273 0.0113226 2.6475 
0.984719 0.617899 -0.0226871 2.64081 
0.987047 0.612834 -0.0267614 2.64542 
0.987245 0.612042 -0.0307313 2.64572 
0.991027 0.604776 -0.032733 2.65381 
0.994609 0.599891 -0.0295362 2.6626 
0.997455 0.594726 -0.0275015 2.66888 
0.992104 0.603562 -0.0373476 2.65683 
0.996543 0.595945 -0.0355764 2.66687 
0.998096 0.592035 -0.0392302 2.66987 
0.99498 0.600185 0.00172629 2.66347 
0.994906 0.600353 0.00320988 2.66333 
0.99579 0.598908 0.00330574 2.66539 
0.995815 0.598831 0.00481278 2.66543 
0.994921 0.600497 0.00688607 2.66348 
0.994955 0.600418 0.00885981 2.66356 
0.996661 0.597365 0.00471181 2.66735 
0.996861 0.597103 0.00609547 2.66787 
0.997558 0.595678 0.00569542 2.66933 
0.973885 0.631132 -0.0556696 2.61526 
0.977945 0.624503 -0.0607388 2.62456 
0.977235 0.625599 -0.0652354 2.62329 
0.982335 0.61638 -0.0688528 2.63438 
0.988956 0.607271 -0.065225 2.65028 
0.99336 0.600013 -0.0639692 2.66026 
0.982207 0.617352 -0.0747036 2.63496 
0.988287 0.606151 -0.0750902 2.64798 
0.987916 0.601457 -0.0801735 2.64426 
0.999247 0.592645 0.0196735 2.6733 
0.997608 0.595442 0.0227418 2.6696 
0.997699 0.595262 0.0255036 2.66985 
0.995375 0.599326 0.0289412 2.66468 
0.992565 0.603651 0.0276064 2.65798 
0.989798 0.608659 0.0271462 2.65189 
0.995006 0.599569 0.0326201 2.66371 
0.991477 0.605384 0.0339091 2.65561 
0.990519 0.608615 0.0391119 2.65464 
1.00237 0.586522 -0.0490229 2.68129 
1.0027 0.584663 -0.0556337 2.68164 
1.00123 0.587457 -0.0590395 2.67858 
1.001 0.585463 -0.0671174 2.67708 
1.0034 0.578897 -0.0723956 2.6816 
1.00509 0.575401 -0.0832661 2.68608 
0.999253 0.589276 -0.0703224 2.67377 
0.998278 0.587266 -0.0802351 2.67003 
0.995506 0.593477 -0.0843055 2.6649 
0.999522 0.592332 -6.77388e-05 2.67384 
0.999641 0.59214 -9.55687e-05 2.67412 
0.999635 0.592224 -0.000204204 2.67415 
0.999752 0.592124 -0.000190215 2.67448 
0.999825 0.591909 -0.000131898 2.67459 
0.999882 0.5919 -0.000128038 2.67478 
0.999752 0.592361 -0.000273573 2.67462 
0.999837 0.592263 -0.000248433 2.67484 
0.999835 0.592151 -0.000306748 2.67477 
0.999985 0.591631 3.12753e-06 2.67496 
0.999969 0.591659 2.95722e-05 2.67493 
0.999974 0.59165 4.70507e-05 2.67494 
0.999946 0.59169 9.4957e-05 2.67487 
0.999898 0.591778 0.000100731 2.67476 
0.999834 0.591894 0.000207004 2.67462 
0.999962 0.591679 0.000122514 2.67491 
0.999918 0.59175 0.000230619 2.67481 
0.999944 0.591695 0.000275655 2.67487 
1.00724 0.578422 0.00175179 2.69145 
1.00633 0.580159 0.00213145 2.68942 
1.00601 0.580654 0.00362078 2.68863 
1.00526 0.58209 0.00371902 2.68698 
1.00477 0.582946 0.00250738 2.68583 
1.00422 0.584028 0.00268339 2.68463 
1.00493 0.58262 0.0048844 2.68618 
1.00431 0.583849 0.00473249 2.68482 
1.00394 0.584605 0.00559403 2.68404 
1.00307 0.583846 -0.000718105 2.68197 
1.00344 0.583184 -0.00108046 2.68264 
1.0036 0.583544 -0.00212285 2.68258 
1.00394 0.583089 -0.00294235 2.68325 
1.00454 0.581812 -0.00283122 2.68472 
1.00492 0.581244 -0.0039595 2.68544 
1.00375 0.584091 -0.00397977 2.68316 
1.00387 0.583998 -0.00502537 2.68354 
1.00352 0.585438 -0.00594229 2.68328 
0.958767 0.632649 -0.158407 2.58024 
0.950136 0.646805 -0.151291 2.56079 
0.950507 0.650019 -0.139544 2.5616 
0.943349 0.662805 -0.129977 2.54611 
0.931452 0.674956 -0.129139 2.51749 
0.925714 0.685815 -0.11539 2.5054 
0.945195 0.661271 -0.118901 2.54928 
0.939962 0.670584 -0.107832 2.53789 
0.942941 0.668063 -0.0987506 2.5445 
0.985407 0.61364 0.0478564 2.6413 
0.981554 0.619707 0.0493009 2.63253 
0.98104 0.620561 0.0524691 2.63158 
0.976117 0.628955 0.0535505 2.62092 
0.970894 0.635982 0.0481143 2.60828 
0.966008 0.643394 0.0428469 2.59708 
0.975068 0.629095 0.0572843 2.61782 
0.969208 0.638271 0.0554093 2.60462 
0.96796 0.642754 0.0597 2.60392 
0.85093 0.750153 0.0241096 2.32607 
0.864661 0.747267 0.0298235 2.36378 
0.880113 0.735204 0.0275222 2.39853 
0.887762 0.72833 0.0373316 2.41583 
0.884396 0.73139 0.0471634 2.40896 
0.892755 0.723046 0.0559293 2.42754 
0.898493 0.718992 0.0349978 2.44053 
0.905849 0.712303 0.0418325 2.45789 
0.914527 0.704334 0.0384776 2.47812 
1.00024 0.58907 -0.000133147 2.67535 
1.00033 0.589028 -0.000198278 2.67549 
1.00052 0.589458 -0.00037976 2.67569 
1.00061 0.589609 -0.00050986 2.67591 
1.00067 0.589174 -0.000472645 2.67602 
1.00077 0.589317 -0.000655572 2.67627 
1.00056 0.590333 -0.000699535 2.67623 
1.00058 0.590457 -0.000864173 2.67636 
1.0005 0.590625 -0.00102516 2.67625 
1.0012 0.589431 0.000248008 2.67772 
1.00109 0.589667 0.000312226 2.67747 
1.00104 0.589741 0.000590092 2.67737 
1.00092 0.589951 0.00065143 2.67709 
1.00085 0.590075 0.000452363 2.67693 
1.00077 0.590242 0.000505789 2.67674 
1.00087 0.590052 0.000876145 2.67698 
1.00076 0.59024 0.000877444 2.67673 
1.0007 0.590368 0.00104637 2.67658 
0.890594 0.713902 0.119397 2.42011 
0.90767 0.702274 0.127189 2.46401 
0.914375 0.697298 0.118781 2.47939 
0.926324 0.682666 0.12448 2.50617 
0.934279 0.672088 0.136596 2.52494 
0.945348 0.657766 0.137838 2.54996 
0.931612 0.679043 0.116296 2.51884 
0.941248 0.666111 0.120033 2.54034 
0.945548 0.661688 0.111403 2.54964 
0.98757 0.612678 -0.000386025 2.64665 
0.988262 0.611652 -0.00110123 2.64829 
0.988362 0.611356 -0.00212151 2.64844 
0.989666 0.609314 -0.00343751 2.65148 
0.990928 0.607258 -0.00295321 2.65438 
0.992438 0.604663 -0.0037802 2.65778 
0.989835 0.609479 -0.00487337 2.65213 
0.991612 0.606451 -0.00634558 2.65615 
0.9919 0.604952 -0.00790149 2.65621 
1.00037 0.590619 0.0202703 2.67584 
1.00024 0.590415 0.0242627 2.6754 
1.00146 0.588635 0.0254808 2.67844 
1.00135 0.587855 0.0303081 2.67775 
1.00005 0.590418 0.0340386 2.67503 
0.999117 0.592053 0.0425237 2.67326 
1.00312 0.585408 0.0318572 2.68224 
1.00282 0.58533 0.0403482 2.68153 
1.00488 0.580791 0.0427259 2.68585 
0.998641 0.594016 -0.00307458 2.67193 
0.998849 0.593635 -0.00243638 2.67239 
0.99906 0.593207 -0.00245439 2.67284 
0.99922 0.592965 -0.00191512 2.67322 
0.999171 0.593476 -0.00143455 2.67335 
0.999334 0.593288 -0.00104421 2.67378 
0.999394 0.592614 -0.00189574 2.6736 
0.999483 0.592473 -0.00143552 2.67381 
0.999622 0.592225 -0.00137894 2.67413 
0.996081 0.598496 -0.000466104 2.6661 
0.99671 0.597207 -0.000813651 2.66741 
0.996604 0.59744 -0.00177746 2.6672 
0.997377 0.59626 -0.00181947 2.66906 
0.998056 0.595028 -0.00127828 2.67057 
0.998485 0.594416 -0.00124427 2.67163 
0.997356 0.596715 -0.00274836 2.66925 
0.998035 0.595567 -0.00253266 2.67082 
0.998045 0.594846 -0.00330455 2.67044 
0.961708 0.651083 0.00294725 2.58749 
0.963214 0.649427 -0.00651056 2.59129 
0.961011 0.651844 -0.0111083 2.5858 
0.964581 0.647159 -0.0205648 2.59436 
0.97067 0.638777 -0.0222776 2.6085 
0.974189 0.632999 -0.025067 2.6162 
0.963202 0.647536 -0.0275617 2.59029 
0.969172 0.640307 -0.0316278 2.6049 
0.968839 0.636965 -0.0392576 2.60188 
0.999233 0.593005 0.000192714 2.67328 
0.998923 0.593463 0.000439457 2.67252 
0.99892 0.593529 0.000830892 2.67255 
0.998522 0.594204 0.00144625 2.67163 
0.998043 0.59502 0.00137275 2.67053 
0.997435 0.596095 0.002233 2.66915 
0.998557 0.594165 0.00201777 2.67173 
0.998056 0.594991 0.00308868 2.67056 
0.99821 0.594902 0.00387828 2.67101 
0.960392 0.652781 0.00768297 2.5844 
0.95714 0.656777 -0.00117964 2.57667 
0.954306 0.660557 -0.000686237 2.57024 
0.952222 0.663572 -0.0113076 2.56571 
0.953698 0.661042 -0.0211554 2.56879 
0.95426 0.657891 -0.0347469 2.56896 
0.948561 0.666937 -0.0111855 2.5564 
0.947569 0.668243 -0.0263005 2.55463 
0.944446 0.677069 -0.0289025 2.55113 
1.00034 0.591125 -0.00487998 2.67588 
1.00004 0.591303 -0.0056049 2.675 
0.999718 0.591702 -0.00514506 2.67416 
0.999369 0.592159 -0.00575781 2.67327 
0.999407 0.592209 -0.00694637 2.67344 
0.998946 0.592893 -0.00768505 2.67232 
0.999102 0.592701 -0.00511214 2.6727 
0.998709 0.593469 -0.00557367 2.67185 
0.998489 0.59452 -0.00484314 2.67174 
0.999379 0.592671 0.000308019 2.67357 
0.999316 0.592792 0.0006555 2.67343 
0.999452 0.592589 0.000779694 2.67376 
0.999417 0.592612 0.00114852 2.67366 
0.99929 0.592884 0.00159026 2.6734 
0.999305 0.592855 0.00216183 2.67343 
0.999569 0.592376 0.00122684 2.67402 
0.999601 0.592317 0.00161336 2.6741 
0.999738 0.592036 0.00162511 2.67438 
0.999592 0.59209 0.0141359 2.67403 
0.999844 0.591958 0.010882 2.67475 
0.999085 0.592774 0.00987061 2.6727 
0.999211 0.593082 0.0085424 2.67329 
0.999597 0.592179 0.00784684 2.67403 
0.99958 0.592351 0.00630014 2.67406 
0.998651 0.593743 0.00769907 2.67181 
0.998832 0.593675 0.0062316 2.67236 
0.998398 0.594166 0.005481 2.67121 
1.02347 0.544944 0.0734021 2.73035 
1.02112 0.545132 0.0645671 2.72187 
1.01689 0.555213 0.0640432 2.71297 
1.01624 0.558259 0.0546276 2.71183 
1.01815 0.554064 0.0479625 2.71566 
1.01695 0.558153 0.0408389 2.71353 
1.01281 0.564863 0.0537014 2.70392 
1.01226 0.567014 0.0465573 2.70288 
1.00967 0.572091 0.0456312 2.69702 
0.980722 0.608778 0.149966 2.6334 
0.986939 0.595932 0.140198 2.64444 
0.985116 0.603153 0.129886 2.64139 
0.99037 0.595309 0.119622 2.65256 
0.998515 0.581393 0.119492 2.67131 
1.00216 0.576641 0.108103 2.67931 
0.988498 0.601487 0.111122 2.64914 
0.992662 0.595088 0.102777 2.65807 
0.991111 0.59934 0.0956568 2.6548 
1.01772 0.546306 -0.102476 2.71588 
1.01156 0.554761 -0.108417 2.69998 
1.0077 0.56605 -0.103163 2.69184 
1.00236 0.577703 -0.108547 2.68093 
0.998144 0.581299 -0.118535 2.67036 
0.990995 0.595098 -0.12122 2.65492 
0.998525 0.584404 -0.102125 2.67115 
0.993622 0.593888 -0.104824 2.66081 
0.990766 0.598154 -0.0976992 2.65309 
0.985475 0.61577 0.0181549 2.64187 
0.984162 0.617527 0.0214032 2.63873 
0.9851 0.616148 0.0241208 2.64101 
0.983386 0.617902 0.0284114 2.63659 
0.980769 0.623411 0.0285614 2.63151 
0.977075 0.629316 0.0351084 2.62349 
0.984929 0.616191 0.031846 2.64069 
0.982835 0.619812 0.0385056 2.63636 
0.984965 0.615361 0.0431182 2.64072 
1.00083 0.589458 0.0185751 2.67667 
1.00196 0.587831 0.020199 2.6795 
1.00259 0.586311 0.0195823 2.6807 
1.00406 0.583833 0.0207743 2.68419 
1.00477 0.58237 0.0238851 2.68577 
1.0066 0.578968 0.0253584 2.68996 
1.00462 0.58253 0.0193867 2.68526 
1.00652 0.57923 0.0200888 2.68972 
1.00704 0.578178 0.0180176 2.69083 
0.938769 0.674886 -0.0886232 2.53512 
0.930609 0.683141 -0.0881372 2.51558 
0.927746 0.687726 -0.0799354 2.50924 
0.918831 0.697105 -0.0762735 2.48835 
0.912613 0.70329 -0.0809682 2.47431 
0.900713 0.714461 -0.0743188 2.44616 
0.916324 0.701073 -0.0662371 2.48279 
0.907299 0.709895 -0.0596152 2.46152 
0.906119 0.711942 -0.0478716 2.45876 
0.959142 0.653071 0.0150228 2.58065 
0.954415 0.65959 0.013335 2.56998 
0.951621 0.664133 0.0169016 2.56429 
0.945764 0.671475 0.01559 2.55081 
0.942791 0.674768 0.00791605 2.54367 
0.936022 0.68495 0.00487124 2.52973 
0.942206 0.675892 0.0207798 2.54285 
0.934016 0.686814 0.0206973 2.52501 
0.927773 0.691541 0.0286805 2.5092 
1.0081 0.576813 0.00283135 2.69344 
1.00758 0.577576 0.00455438 2.69213 
1.00834 0.576362 0.00616379 2.69397 
1.00759 0.577481 0.00776423 2.69211 
1.00659 0.579667 0.00767512 2.69004 
1.00592 0.580914 0.00872558 2.68853 
1.00823 0.576531 0.009828 2.69372 
1.00722 0.578361 0.011112 2.69143 
1.00753 0.577735 0.0132248 2.69213 
1.01685 0.555117 -0.0230901 2.71226 
1.01516 0.560835 -0.0258387 2.70887 
1.01321 0.564115 -0.0219731 2.70386 
1.01142 0.568781 -0.0237313 2.70038 
1.01003 0.571159 -0.0288632 2.69716 
1.00796 0.576547 -0.0291606 2.69338 
1.0099 0.571315 -0.0205051 2.6966 
1.00839 0.575912 -0.021739 2.69424 
1.0072 0.577751 -0.01918 2.69127 
1.00866 0.57343 -0.00306373 2.69491 
1.00932 0.571761 -0.00468936 2.69592 
1.00917 0.57296 -0.0069857 2.69529 
1.0096 0.571928 -0.00962222 2.69594 
1.01128 0.568916 -0.0107651 2.70014 
1.01157 0.567968 -0.0144236 2.70036 
1.00884 0.573922 -0.0116062 2.69439 
1.00896 0.573594 -0.0146857 2.69465 
1.00803 0.57669 -0.0159736 2.69337 
1.00097 0.58746 -0.000183197 2.67717 
1.00118 0.587265 -0.000290599 2.67751 
1.00137 0.587341 -0.000623654 2.67747 
1.00159 0.587221 -0.000863521 2.67793 
1.00175 0.58673 -0.00085749 2.67839 
1.00201 0.586481 -0.00116906 2.67889 
1.00157 0.587692 -0.0012371 2.67799 
1.00173 0.587719 -0.00160632 2.67854 
1.00164 0.588668 -0.00196024 2.67887 
1.0037 0.585236 -0.00700802 2.68379 
1.00437 0.583828 -0.00747972 2.68517 
1.00449 0.583603 -0.00865895 2.68547 
1.0054 0.581937 -0.00941502 2.68752 
1.00597 0.579805 -0.00824392 2.68815 
1.00722 0.57724 -0.00863645 2.69084 
1.00558 0.581578 -0.0110049 2.68794 
1.00666 0.579387 -0.0118676 2.69029 
1.00674 0.579242 -0.0140212 2.69049 
1.00011 0.591265 -0.0039961 2.67521 
0.999917 0.591418 -0.00371156 2.67465 
0.999876 0.591354 -0.00306192 2.67447 
0.999741 0.591497 -0.00278445 2.6741 
0.999522 0.591913 -0.00313002 2.67362 
0.999389 0.592731 -0.00281326 2.67366 
0.999728 0.59148 -0.00227428 2.67405 
0.999632 0.592225 -0.00210851 2.67417 
0.999646 0.592221 -0.00170903 2.67421 
1.00285 0.586482 0.000372642 2.68147 
1.00255 0.587063 0.000550462 2.6808 
1.00249 0.587118 0.0010273 2.68064 
1.00222 0.587628 0.0011476 2.68005 
1.00201 0.587996 0.000792169 2.67955 
1.00179 0.588394 0.000896078 2.67905 
1.00214 0.587731 0.00154437 2.67983 
1.00192 0.588183 0.00156618 2.67936 
1.00183 0.588402 0.00191732 2.67919 
0.959646 0.650349 0.0602963 2.58228 
0.95586 0.656354 0.0542186 2.57388 
0.951409 0.662224 0.0588983 2.56394 
0.947412 0.667581 0.0493723 2.5545 
0.951304 0.663783 0.0397527 2.56372 
0.948907 0.666348 0.030916 2.55758 
0.9408 0.67552 0.0521011 2.53927 
0.937634 0.679592 0.0393706 2.53172 
0.929851 0.688873 0.0391671 2.51403 
0.99786 0.595062 -0.0167612 2.67012 
0.996376 0.597652 -0.0178498 2.66676 
0.995763 0.598198 -0.0156299 2.66501 
0.994428 0.600776 -0.0158081 2.66215 
0.992634 0.603459 -0.017509 2.65787 
0.99106 0.606406 -0.0165115 2.65446 
0.994103 0.600982 -0.0137131 2.66117 
0.992877 0.603613 -0.0132341 2.6587 
0.992688 0.604255 -0.0114629 2.65843 
0.998777 0.593912 0.00455862 2.67231 
0.999122 0.593114 0.00430811 2.67298 
0.999322 0.592817 0.00348167 2.67347 
0.999544 0.592369 0.00315867 2.67394 
0.99971 0.592093 0.00343716 2.67433 
0.999905 0.591723 0.00307098 2.67476 
0.999659 0.592228 0.0025759 2.67424 
0.999804 0.591908 0.00231192 2.67453 
0.999867 0.591847 0.00186899 2.6747 
0.91939 0.699266 0.0454364 2.48956 
0.917796 0.699293 0.0573693 2.48534 
0.923381 0.692779 0.0678892 2.49843 
0.924165 0.690606 0.0793538 2.50015 
0.917055 0.698004 0.0850496 2.48425 
0.918156 0.695506 0.0978244 2.48709 
0.930921 0.681914 0.0862526 2.51543 
0.93331 0.678027 0.0976847 2.52119 
0.940298 0.668343 0.102133 2.53673 
1.01844 0.557482 0.0142861 2.71746 
1.01577 0.561453 0.012977 2.71063 
1.0141 0.564402 0.0157119 2.70667 
1.01254 0.568261 0.0137052 2.70356 
1.01167 0.569523 0.0099057 2.7013 
1.01033 0.572599 0.008963 2.69854 
1.01107 0.570547 0.0155803 2.69993 
1.00997 0.573212 0.013593 2.69773 
1.00877 0.575185 0.0149404 2.69484 
0.870663 0.733201 -0.0828432 2.3733 
0.872806 0.736627 -0.0736026 2.38158 
0.882377 0.730866 -0.0690765 2.40424 
0.88278 0.731468 -0.0561306 2.40475 
0.875618 0.737669 -0.0481854 2.38842 
0.877018 0.736975 -0.035874 2.39116 
0.891792 0.724794 -0.0523117 2.42589 
0.892099 0.724658 -0.0411299 2.42605 
0.899759 0.718229 -0.0381965 2.44395 
1.00044 0.590606 -0.0014751 2.676 
1.00035 0.590857 -0.00169607 2.67582 
1.0002 0.591204 -0.00162332 2.67547 
1.00012 0.591311 -0.00181424 2.67526 
1.00015 0.591264 -0.00210471 2.67533 
1.00003 0.591303 -0.00234552 2.67496 
1.00001 0.59119 -0.00158779 2.6748 
0.999879 0.591239 -0.00175896 2.67441 
0.999807 0.591759 -0.00161462 2.67447 
1.0005 0.59063 0.00371692 2.67609 
1.00046 0.590766 0.00306395 2.67604 
1.00023 0.591166 0.00287721 2.67551 
1.00022 0.591233 0.00241981 2.67551 
1.00034 0.590973 0.00221911 2.67575 
1.0003 0.591056 0.00183584 2.67568 
1.00006 0.591471 0.00221719 2.67511 
1.00007 0.591478 0.00185228 2.67516 
0.999953 0.591644 0.00166968 2.67487 
0.967562 0.623208 0.153428 2.60039 
0.969823 0.624459 0.141364 2.60656 
0.962472 0.634311 0.139411 2.58896 
0.96454 0.635135 0.128739 2.59459 
0.97129 0.625702 0.119359 2.609 
0.972313 0.625209 0.110906 2.61098 
0.957138 0.644443 0.125496 2.5766 
0.960072 0.642316 0.115604 2.58324 
0.953664 0.650719 0.1117 2.56796 
1.00055 0.590527 -0.00118879 2.67638 
1.0007 0.590477 -0.0012452 2.67683 
1.00075 0.590311 -0.00142182 2.67689 
1.00094 0.590068 -0.0014305 2.67738 
1.001 0.58946 -0.00121708 2.67717 
1.00123 0.58868 -0.00113589 2.67745 
1.001 0.589882 -0.00165197 2.67749 
1.00127 0.589423 -0.00164492 2.67808 
1.00135 0.589223 -0.0019551 2.67825 
1.00134 0.58921 0.000297971 2.67805 
1.00131 0.589249 0.000591112 2.67796 
1.00144 0.589015 0.000732327 2.67827 
1.00138 0.589107 0.00104357 2.67812 
1.00119 0.589482 0.0011978 2.67769 
1.00111 0.58966 0.00141927 2.67754 
1.00152 0.588864 0.00129119 2.67846 
1.00141 0.589127 0.00157174 2.67822 
1.00153 0.588861 0.00186287 2.67847 
0.999988 0.591602 -1.17361e-05 2.67496 
0.99998 0.591805 -8.78853e-05 2.67505 
0.999954 0.591851 -8.46063e-05 2.67499 
0.999961 0.592022 -0.000187608 2.67511 
0.999952 0.5919 -0.000242996 2.67502 
0.999965 0.591713 -0.000270932 2.67496 
0.999924 0.592049 -0.000197002 2.67501 
0.999931 0.591942 -0.000263988 2.67497 
0.999901 0.591981 -0.000308756 2.6749 
1.00011 0.59142 3.81734e-05 2.67524 
1.00008 0.591462 5.36539e-05 2.67518 
1.00008 0.591467 0.000101797 2.67518 
1.00005 0.591514 0.000115526 2.6751 
1.00003 0.591561 8.5291e-05 2.67507 
1 0.591604 8.28277e-05 2.675 
1.00004 0.591531 0.000178799 2.67509 
0.999997 0.591602 0.000166463 2.67499 
0.999976 0.591627 0.000231454 2.67493 
1.00352 0.585458 0.00521094 2.68312 
1.00326 0.58572 0.00417513 2.68239 
1.00287 0.586577 0.00405272 2.68161 
1.00265 0.586886 0.00317833 2.68106 
1.00286 0.586485 0.00265104 2.68153 
1.00263 0.586838 0.00201978 2.68096 
1.00236 0.587498 0.00305143 2.68046 
1.00219 0.587725 0.00246221 2.68001 
1.00197 0.588201 0.00239202 2.67955 
1.00267 0.584564 -0.000765397 2.6809 
1.00285 0.584821 -0.00150091 2.6809 
1.00252 0.585547 -0.0015355 2.68003 
1.00247 0.586207 -0.00215444 2.68013 
1.00262 0.586222 -0.00279531 2.68062 
1.00242 0.587371 -0.00342332 2.68071 
1.00213 0.586985 -0.00208792 2.67944 
1.00201 0.588019 -0.00258843 2.6797 
1.00171 0.58864 -0.00242819 2.6791 
1.00002 0.591281 -0.000739323 2.67492 
1.00004 0.591269 -0.000834432 2.67496 
0.999984 0.591334 -0.000910118 2.67481 
1 0.591322 -0.00104342 2.67487 
1.00006 0.591208 -0.0010984 2.67498 
1.00006 0.591209 -0.00124383 2.67501 
0.999919 0.591438 -0.00113817 2.67465 
0.999926 0.591446 -0.00131927 2.67468 
0.999817 0.591749 -0.00137575 2.6745 
1.00051 0.590677 0.00120309 2.67614 
1.00039 0.590886 0.00121929 2.67587 
1.00034 0.590993 0.00137511 2.67576 
1.00023 0.591165 0.00131983 2.67551 
1.00021 0.591212 0.00111463 2.67547 
1.00013 0.591348 0.00105153 2.67529 
1.00016 0.591304 0.00143997 2.67535 
1.00007 0.59148 0.00134152 2.67515 
0.999976 0.591635 0.00140356 2.67494 
0.999883 0.589678 -5.64873e-05 2.67454 
0.999914 0.58965 -8.17645e-05 2.67456 
1.00009 0.589969 -0.000115997 2.67472 
1.00012 0.590071 -0.000167033 2.67476 
1.00012 0.589807 -0.000122335 2.67478 
1.00019 0.589951 -0.000167952 2.67492 
1.00017 0.590687 -0.000187516 2.67515 
1.00017 0.59082 -0.000229699 2.67519 
1.00015 0.591195 -0.000265295 2.67539 
1.00056 0.590623 2.8117e-05 2.67628 
1.0005 0.590708 8.26484e-05 2.67613 
1.00047 0.590767 0.000145377 2.67605 
1.00043 0.590851 0.000154961 2.67598 
1.00041 0.590878 0.000114406 2.67592 
1.00038 0.590942 0.000122697 2.67586 
1.0004 0.590889 0.000194561 2.6759 
1.00037 0.590958 0.000190274 2.67584 
1.00034 0.591016 0.000210798 2.67578 
1.00017 0.589226 -0.000123371 2.67514 
1.00034 0.589584 -0.000231523 2.6753 
1.00028 0.589843 -0.000220762 2.67513 
1.0003 0.590485 -0.000338185 2.67546 
1.00034 0.590746 -0.000443107 2.6757 
1.00028 0.591026 -0.000520959 2.67573 
1.00024 0.590732 -0.00029132 2.67536 
1.0002 0.591108 -0.000370935 2.67549 
1.00014 0.591239 -0.000321627 2.6754 
1.00059 0.59052 0.000965814 2.67633 
1.00056 0.590593 0.000744438 2.67627 
1.0005 0.590726 0.000639588 2.67613 
1.00046 0.59077 0.000490096 2.67604 
1.00051 0.590699 0.000417146 2.67616 
1.00047 0.590753 0.000296897 2.67606 
1.00041 0.590877 0.000437874 2.67594 
1.00039 0.590914 0.000325762 2.67589 
1.00035 0.590988 0.000283976 2.67581 
0.968934 0.620619 -0.149464 2.60356 
0.96831 0.62603 -0.13707 2.60237 
0.977041 0.617303 -0.128916 2.62375 
0.976178 0.618992 -0.118555 2.62057 
0.970221 0.628749 -0.116724 2.60727 
0.970255 0.629705 -0.106794 2.60678 
0.982554 0.611225 -0.110193 2.63553 
0.981519 0.613308 -0.101721 2.63249 
0.98632 0.608509 -0.0961813 2.64471 
0.999984 0.591288 -0.000294025 2.67479 
0.999983 0.591314 -0.000302168 2.6748 
0.999971 0.591345 -0.00031287 2.67477 
0.999962 0.59142 -0.000344292 2.67478 
0.999965 0.591379 -0.000399674 2.67477 
0.999943 0.591439 -0.000458601 2.67473 
0.99994 0.591565 -0.000348338 2.6748 
0.999919 0.591679 -0.000403368 2.67479 
0.99989 0.591896 -0.000397661 2.67481 
1.00013 0.591374 0.000487097 2.67531 
1.00012 0.591407 0.000413985 2.67526 
1.00008 0.591471 0.000438728 2.67518 
1.00007 0.591487 0.000364683 2.67516 
1.00009 0.591451 0.000279712 2.6752 
1.00008 0.591469 0.000223038 2.67519 
1.00003 0.591548 0.000376129 2.67507 
1.00003 0.591547 0.000302289 2.67507 
1 0.591599 0.00031486 2.67501 
0.86208 0.74914 0.00305861 2.35751 
0.874558 0.740473 0.00227815 2.3862 
0.876149 0.739352 -0.0105842 2.3899 
0.887149 0.730148 -0.00998603 2.41484 
0.893768 0.723932 0.0035999 2.42948 
0.902632 0.716402 0.00325678 2.45035 
0.890643 0.727441 -0.0212631 2.42325 
0.899286 0.718983 -0.0190122 2.44249 
0.903814 0.715642 -0.027294 2.45377 
1.01755 0.54926 0.0866017 2.7137 
1.01382 0.558504 0.0831512 2.70583 
1.00992 0.564708 0.0911304 2.69682 
1.00646 0.573041 0.0861501 2.68952 
1.00759 0.572983 0.0740408 2.69222 
1.00472 0.578549 0.0701256 2.68557 
1.00161 0.580493 0.0916376 2.67803 
0.999384 0.586318 0.0854089 2.6735 
0.994144 0.594966 0.0879463 2.66146 
1.00389 0.584576 0.00772833 2.68387 
1.004 0.584303 0.00937255 2.68409 
1.00463 0.583085 0.00945671 2.68547 
1.00481 0.582792 0.0116866 2.68593 
1.004 0.584154 0.013292 2.68403 
1.00393 0.584379 0.0157132 2.68396 
1.00562 0.581236 0.0118847 2.68775 
1.00576 0.580977 0.0148007 2.68811 
1.00685 0.579201 0.0152932 2.69072 
1.00966 0.573397 0.0400738 2.69749 
1.01058 0.570479 0.0357648 2.69876 
1.00995 0.573015 0.0317038 2.69794 
1.01037 0.571623 0.0271969 2.69842 
1.01248 0.567898 0.0264339 2.7034 
1.01262 0.567273 0.0220895 2.7034 
1.00969 0.573924 0.0238894 2.69738 
1.00975 0.573058 0.0205168 2.697 
1.00897 0.575401 0.0182171 2.69569 
0.954002 0.653843 -0.0883551 2.56873 
0.960111 0.645795 -0.0851482 2.58257 
0.965388 0.637428 -0.0927908 2.59468 
0.970328 0.630661 -0.0880853 2.60583 
0.969042 0.635821 -0.0781739 2.60423 
0.973511 0.630981 -0.0755487 2.61537 
0.975935 0.621909 -0.0922611 2.61879 
0.979383 0.617284 -0.0876812 2.62673 
0.98479 0.610231 -0.0895735 2.64013 
1.00012 0.591387 0.000622252 2.67525 
1.00008 0.591462 0.00064805 2.67518 
1.00008 0.591465 0.000807511 2.67517 
1.00003 0.59156 0.000829448 2.67507 
1.00001 0.591588 0.000699933 2.67502 
0.999958 0.591658 0.000713083 2.67489 
1.00001 0.591586 0.00101238 2.67503 
0.999956 0.591665 0.00104583 2.67489 
0.999933 0.591716 0.00126061 2.67484 
0.999868 0.591996 -0.000445202 2.6748 
0.999868 0.591862 -0.000524713 2.67473 
0.999834 0.591936 -0.000606917 2.67466 
0.999842 0.591811 -0.000725554 2.67461 
0.99988 0.591612 -0.000724644 2.67462 
0.999901 0.591489 -0.000837014 2.67462 
0.999811 0.591886 -0.000837769 2.67456 
0.999817 0.591761 -0.000981228 2.6745 
0.999758 0.591868 -0.00112488 2.67437 
1.00015 0.591221 -0.0154627 2.67545 
1.00111 0.588962 -0.014992 2.67735 
1.00156 0.587849 -0.0161455 2.67824 
1.00263 0.586183 -0.0152408 2.68084 
1.00317 0.58569 -0.0132101 2.68231 
1.00381 0.584434 -0.0118016 2.68374 
1.00333 0.58521 -0.0165903 2.68262 
1.00441 0.583191 -0.0149743 2.68505 
1.0053 0.581416 -0.0158927 2.68699 
0.985187 0.610938 0.0913681 2.64198 
0.979872 0.618623 0.0921701 2.62944 
0.977074 0.622872 0.0969397 2.62348 
0.970728 0.631658 0.0964342 2.60846 
0.968882 0.635004 0.0907784 2.60412 
0.963187 0.643545 0.0872302 2.59106 
0.967202 0.636611 0.100468 2.60068 
0.960146 0.64604 0.0975504 2.58391 
0.955287 0.653135 0.10119 2.57356 
1.00264 0.586862 -0.00611563 2.6812 
1.0021 0.587536 -0.00540485 2.67978 
1.00223 0.587645 -0.00461311 2.68026 
1.00181 0.588172 -0.00413317 2.67919 
1.00153 0.588611 -0.0042824 2.67848 
1.00124 0.589019 -0.00392517 2.67774 
1.00186 0.588323 -0.00351527 2.67943 
1.00152 0.58879 -0.00326408 2.67858 
1.00153 0.588938 -0.00277986 2.67869 
1.0027 0.585895 -0.036382 2.68146 
1.00287 0.5855 -0.031757 2.68163 
1.00433 0.582616 -0.0307799 2.68481 
1.00427 0.582932 -0.0262796 2.68468 
1.0026 0.586243 -0.0234725 2.68092 
1.00257 0.586584 -0.020345 2.68097 
1.00566 0.580806 -0.0245344 2.68803 
1.00495 0.581883 -0.02095 2.68622 
1.00614 0.580486 -0.0190005 2.68933 
1.00082 0.590083 0.00441619 2.67683 
1.00118 0.589518 0.00448364 2.67771 
1.00122 0.589328 0.00404197 2.67771 
1.00154 0.588862 0.00393732 2.6785 
1.00179 0.588317 0.00434505 2.67902 
1.00217 0.587645 0.00405758 2.67991 
1.00153 0.58882 0.0034022 2.67844 
1.00182 0.588289 0.00319117 2.67912 
1.00177 0.588385 0.0026616 2.67899 
0.998057 0.595275 -0.00523382 2.67075 
0.997758 0.595666 -0.00635658 2.67 
0.997151 0.596857 -0.0067103 2.6687 
0.996606 0.597642 -0.00816838 2.66737 
0.996912 0.596514 -0.00958098 2.66774 
0.996343 0.597327 -0.0114853 2.66636 
0.99582 0.599187 -0.00842152 2.6657 
0.995053 0.600294 -0.0100886 2.66384 
0.994023 0.602203 -0.0101271 2.66159 
0.961325 0.645955 0.0701667 2.58525 
0.956135 0.653754 0.0722951 2.57408 
0.956607 0.654594 0.0775097 2.57661 
0.951504 0.660377 0.080021 2.56445 
0.94502 0.669033 0.0744731 2.54949 
0.938432 0.677447 0.0759915 2.53477 
0.952084 0.658229 0.0864654 2.56538 
0.945818 0.666485 0.0899437 2.55154 
0.947078 0.664255 0.0970256 2.5547 
1.00054 0.590769 -0.00373084 2.67639 
1.00068 0.590175 -0.00330062 2.6765 
1.00082 0.589576 -0.00337146 2.67665 
1.00092 0.589521 -0.00286301 2.67697 
1.0008 0.589703 -0.00243831 2.67667 
1.00083 0.589916 -0.00201189 2.67692 
1.00107 0.589384 -0.0029397 2.67742 
1.00112 0.589545 -0.00239764 2.67768 
1.00127 0.589316 -0.0023478 2.67806 
1.0007 0.590339 0.00145075 2.67658 
1.00077 0.590185 0.0017336 2.67673 
1.0009 0.589966 0.00172334 2.67701 
1.00101 0.589742 0.00203425 2.67726 
1.00101 0.589792 0.00242836 2.67729 
1.00112 0.589563 0.00303348 2.67752 
1.00116 0.5895 0.00200612 2.67763 
1.00131 0.58921 0.00249786 2.67795 
1.00151 0.588822 0.00243214 2.67837 
0.999924 0.591719 0.000360503 2.67481 
0.999883 0.591806 0.000445351 2.67473 
0.999889 0.591787 0.000567548 2.67474 
0.999839 0.591891 0.000698071 2.67463 
0.999743 0.592043 0.000633139 2.6744 
0.999668 0.592211 0.000710451 2.67425 
0.999852 0.591852 0.000863603 2.67465 
0.999787 0.59199 0.00100738 2.67452 
0.99982 0.591943 0.00121261 2.6746 
0.999451 0.592533 -0.000210612 2.67372 
0.999486 0.592577 -0.000380405 2.67386 
0.999472 0.592776 -0.000570859 2.67394 
0.999531 0.59281 -0.000678214 2.67415 
0.999658 0.592659 -0.000600825 2.67448 
0.999706 0.592299 -0.000697967 2.67444 
0.999552 0.592838 -0.000903508 2.67424 
0.999645 0.592312 -0.000998671 2.67425 
0.999667 0.592078 -0.00117586 2.67419 
1.00038 0.590768 -0.00100099 2.67591 
1.00027 0.590916 -0.000872814 2.67563 
1.00026 0.590987 -0.000716134 2.67565 
1.00019 0.591081 -0.000622695 2.67546 
1.00016 0.591225 -0.00065564 2.67542 
1.00012 0.591304 -0.00056531 2.67531 
1.00018 0.591142 -0.000501019 2.67549 
1.00013 0.591218 -0.000442926 2.67535 
1.00012 0.591253 -0.00036053 2.67534 
1.0002 0.591242 0.000602325 2.67543 
1.00024 0.591166 0.000612548 2.67554 
1.00025 0.591148 0.000510217 2.67556 
1.00029 0.591086 0.000507028 2.67567 
1.00032 0.591015 0.000606004 2.67572 
1.00038 0.590918 0.000585285 2.67585 
1.00029 0.591072 0.000417696 2.67566 
1.00033 0.590999 0.00039759 2.67575 
1.00032 0.59101 0.000315297 2.67572 
0.986491 0.61015 0.0503395 2.64283 
0.985584 0.612479 0.0559758 2.64162 
0.986668 0.611346 0.0594283 2.64469 
0.985017 0.612879 0.0655674 2.6406 
0.981942 0.618182 0.0670456 2.63392 
0.978979 0.622313 0.0754999 2.6275 
0.986342 0.610083 0.0703131 2.64353 
0.984341 0.613004 0.0790789 2.63946 
0.985872 0.6092 0.0848519 2.64259 
0.940647 0.677031 -0.0366639 2.53928 
0.944018 0.672606 -0.0443856 2.54713 
0.941354 0.674579 -0.0507063 2.54036 
0.945529 0.66874 -0.0577532 2.54986 
0.952691 0.661235 -0.0573502 2.5674 
0.956647 0.655693 -0.0609522 2.57643 
0.943439 0.670186 -0.0655814 2.54471 
0.948778 0.663195 -0.0702842 2.55708 
0.947272 0.66269 -0.0787594 2.5525 
0.936217 0.678732 -0.0342456 2.52645 
0.934478 0.683276 -0.0397333 2.52444 
0.930133 0.688483 -0.0364561 2.51454 
0.927467 0.691096 -0.0435461 2.5084 
0.928666 0.687894 -0.054238 2.51034 
0.92717 0.68834 -0.0628821 2.50647 
0.922328 0.695784 -0.0392255 2.49576 
0.919241 0.698666 -0.0476707 2.48868 
0.913813 0.705985 -0.0439366 2.47745 
0.995457 0.599611 -0.00127525 2.6647 
0.995421 0.599656 -0.00249948 2.66461 
0.994955 0.600669 -0.00305803 2.66368 
0.99502 0.600921 -0.00443258 2.66405 
0.995725 0.599555 -0.00464096 2.66556 
0.996033 0.598405 -0.00587578 2.66591 
0.994551 0.601836 -0.00539534 2.66305 
0.994732 0.600799 -0.00692661 2.66305 
0.993908 0.602028 -0.00795379 2.66108 
1.0058 0.57933 0.048447 2.68833 
1.00309 0.583576 0.0529047 2.68198 
1.00292 0.583631 0.0586828 2.68175 
0.999411 0.589245 0.0631298 2.67364 
0.996258 0.594698 0.0605845 2.66628 
0.992443 0.601412 0.0617422 2.65776 
0.998619 0.590261 0.0700145 2.67207 
0.993796 0.597954 0.0722935 2.66081 
0.992135 0.601536 0.0804238 2.65816 
0.919147 0.699636 0.022902 2.48826 
0.918486 0.700351 0.0122087 2.48657 
0.914436 0.705851 0.00863146 2.47815 
0.914853 0.704938 -0.00435907 2.47878 
0.920489 0.698799 -0.0113335 2.49156 
0.921949 0.696238 -0.0217828 2.49437 
0.910651 0.709627 -0.00965735 2.46944 
0.912924 0.707 -0.0221183 2.47467 
0.909108 0.709221 -0.0286716 2.46476 
1.00033 0.591016 4.05172e-05 2.67575 
1.00032 0.591042 3.59542e-05 2.67574 
1.00034 0.591016 7.48749e-05 2.67577 
1.00032 0.591037 8.55323e-05 2.67573 
1.00031 0.591071 4.66516e-05 2.67571 
1.0003 0.591085 5.17828e-05 2.67568 
1.00033 0.591015 0.000132326 2.67576 
1.00032 0.591042 0.000138133 2.67572 
1.00032 0.591059 0.000190856 2.67575 
1.00027 0.591126 3.4181e-06 2.67561 
1.00027 0.591133 1.94098e-05 2.67562 
1.00028 0.591119 3.25237e-05 2.67563 
1.00027 0.591125 7.09412e-05 2.67562 
1.00024 0.591172 8.03559e-05 2.67555 
1.00023 0.591213 0.000109046 2.67553 
1.00028 0.591099 9.33882e-05 2.67564 
1.00028 0.59112 0.00014481 2.67563 
1.0003 0.591087 0.000187616 2.67567 
0.999653 0.589782 -1.87464e-05 2.674 
0.99977 0.58994 -7.66258e-06 2.6742 
0.999905 0.59006 -3.16745e-05 2.67423 
1.00001 0.590272 -8.92182e-05 2.67454 
0.999973 0.590067 -9.32094e-05 2.67446 
1.00004 0.590203 -0.000116486 2.67459 
1.00007 0.590745 -0.000126132 2.67483 
1.0001 0.590936 -0.000185246 2.67503 
1.0001 0.591239 -0.000219075 2.67524 
0.999992 0.591385 -0.000260952 2.67489 
0.999991 0.591478 -0.000255289 2.67497 
1 0.591463 -0.000260986 2.675 
1.00001 0.591523 -0.00025182 2.67511 
0.99999 0.591484 -0.000179779 2.675 
1.00005 0.591244 -0.000171177 2.67506 
1.00002 0.591474 -0.000250748 2.67511 
1.00006 0.591408 -0.000242292 2.67523 
1.00007 0.591341 -0.000272101 2.67521 
