0.998969 0.593206 0.0172704 2.67268 
0.97959 0.625084 -0.0150857 2.62843 
1.02131 0.545902 -0.0844607 2.72557 
0.987014 0.613658 3.76442e-05 2.64543 
0.999992 0.591317 -0.000282845 2.67483 
1.00016 0.591309 0.000469169 2.67536 
1.00051 0.590851 -0.00491474 2.67632 
1.00091 0.590046 0.015259 2.67724 
0.982696 0.621145 -0.0227608 2.63625 
0.987175 0.61334 -0.000540365 2.64576 
0.987505 0.612872 0.000647225 2.64656 
0.998506 0.593769 -0.0184153 2.67155 
0.98989 0.608678 0.0142276 2.65192 
0.998968 0.590664 -0.0484745 2.67236 
0.987595 0.61233 0.0178746 2.6467 
1.01739 0.548227 -0.0876712 2.71379 
0.99995 0.591509 -1.69206e-05 2.67478 
0.999619 0.592325 7.57154e-05 2.67416 
1.00358 0.585209 0.000511927 2.68315 
1.0067 0.577261 -0.00222797 2.69035 
0.888423 0.715099 -0.107283 2.41394 
0.962917 0.647034 0.0225434 2.58886 
0.870944 0.732736 0.0933436 2.37399 
1.00077 0.588064 -0.000265136 2.67657 
1.00069 0.590398 0.000120026 2.67657 
0.959478 0.632058 0.161999 2.58132 
0.99404 0.601461 -0.00112212 2.66113 
0.992301 0.603179 0.0447724 2.65743 
0.999316 0.592751 -0.000220738 2.6734 
0.999127 0.592974 -0.000215858 2.67291 
0.980261 0.62459 -0.0185992 2.63037 
0.996107 0.598552 0.000834235 2.66622 
0.965067 0.64295 -0.0447499 2.59385 
0.999532 0.592476 -0.012729 2.67408 
0.998536 0.594004 0.0037782 2.67157 
1.00042 0.590725 0.00519993 2.67589 
1.02177 0.551079 0.0232568 2.72539 
1.01916 0.549797 0.0985394 2.72055 
0.979012 0.604412 -0.152336 2.62671 
0.967878 0.641765 0.0227818 2.60135 
1.0061 0.579106 0.0372307 2.68874 
0.884761 0.725787 -0.094931 2.41001 
0.940534 0.678768 -0.0172914 2.53964 
1.00412 0.584178 0.00649955 2.68439 
1.00357 0.583264 -0.0417254 2.68305 
1.01799 0.556231 -0.0164066 2.71684 
1.00234 0.585104 -0.000441147 2.68033 
1.00738 0.575698 -0.00318985 2.69154 
0.998589 0.594245 -0.00403558 2.6719 
1.00149 0.588952 0.000179509 2.6784 
0.959545 0.651689 0.0196547 2.5811 
0.985183 0.615629 -0.0198523 2.64087 
1.00036 0.590943 0.00429198 2.6758 
0.887362 0.724611 0.0987094 2.41676 
1.00934 0.574796 0.00233592 2.69641 
0.848054 0.752288 -0.0108045 2.3197 
1.00035 0.591077 -0.00353239 2.6759 
1.00058 0.590552 0.00142009 2.67631 
0.985305 0.607115 0.0971702 2.64056 
1.00095 0.587871 -0.000310072 2.67693 
1.00072 0.590296 0.00119393 2.67664 
0.999995 0.59136 -0.00028103 2.67486 
0.999987 0.591633 6.7229e-06 2.67497 
1.0032 0.585916 0.000738537 2.6823 
1.00299 0.586446 -0.00554991 2.68213 
1.00032 0.590767 -0.00125826 2.67569 
1.00017 0.591314 0.000670125 2.67538 
1.0001 0.589243 -8.72575e-05 2.67507 
1.00036 0.590986 2.44652e-05 2.67582 
1.00042 0.59077 -0.000957954 2.6761 
1.0006 0.590541 0.000128823 2.67638 
0.951282 0.657549 -0.0987336 2.56359 
0.99999 0.591308 -0.000550514 2.67482 
1.00011 0.591413 6.78917e-05 2.67527 
0.916112 0.704439 0.030864 2.48276 
1.00785 0.575398 0.0496965 2.69299 
1.0013 0.589344 0.016735 2.67814 
1.0188 0.554799 0.021119 2.71737 
0.970672 0.637137 -0.0537076 2.60869 
0.999971 0.591674 0.000397437 2.67494 
0.999988 0.591317 -0.000663541 2.67482 
1.003 0.586004 -0.00804648 2.68191 
0.965145 0.639563 0.0722431 2.5935 
1.00069 0.5905 -0.00438362 2.67671 
1.00024 0.591528 -0.017027 2.67597 
1.00294 0.586325 0.00559879 2.68169 
0.998499 0.593876 -0.013916 2.67149 
0.927574 0.69306 0.0477601 2.5104 
1.0005 0.590263 -0.00140727 2.67602 
1.00079 0.590331 0.00397868 2.67689 
0.999502 0.592467 0.000174421 2.67385 
0.999829 0.592151 -0.000423743 2.67476 
1.00005 0.591277 -0.00064789 2.67503 
1.00052 0.590648 0.00101422 2.67617 
0.969329 0.635408 0.0700208 2.60412 
0.967408 0.641695 -0.0484839 2.60081 
0.940867 0.671701 -0.0840921 2.53899 
0.997755 0.595538 -0.00451446 2.6699 
0.989666 0.606171 0.0487976 2.65077 
0.932656 0.683031 -0.0260997 2.51814 
1.00026 0.591147 1.06649e-05 2.67559 
1.00015 0.591349 3.68402e-05 2.67533 
0.999798 0.589729 -3.38187e-05 2.67436 
0.999855 0.59034 -0.000123057 2.67444 
0.992765 0.60419 0.0193908 2.65877 
0.995191 0.60012 0.0177977 2.6643 
0.998225 0.594849 0.00901593 2.67107 
0.979851 0.624762 0.00892232 2.62901 
0.977856 0.629217 0.00397465 2.6253 
0.970737 0.638679 -0.00330274 2.60836 
1.02317 0.545556 -0.0424272 2.72925 
1.01942 0.547271 -0.0498126 2.71756 
1.00719 0.574279 -0.0550907 2.69054 
0.985749 0.615905 0.00512032 2.6427 
0.98533 0.616102 0.00291767 2.64143 
0.984357 0.618213 -0.00396437 2.63957 
1.00001 0.591318 -0.000409887 2.6749 
1.00001 0.591336 -0.000367783 2.67492 
1.00003 0.591436 -0.000328134 2.67511 
1.00014 0.591359 0.000169162 2.67531 
1.00016 0.591326 0.00024707 2.67535 
1.00025 0.591163 0.00033233 2.67558 
1.00042 0.59086 -0.0097741 2.67606 
1.00085 0.590243 -0.00824473 2.67711 
1.00163 0.588257 -0.00636152 2.67861 
1.00103 0.58994 0.00737618 2.67747 
1.00118 0.589297 0.00863258 2.67761 
1.00275 0.586539 0.00991063 2.68124 
0.977862 0.626645 -0.0364882 2.62445 
0.980972 0.623154 -0.0357392 2.63233 
0.989818 0.607519 -0.0423483 2.6519 
0.985518 0.616255 -0.00642867 2.64216 
0.98659 0.614841 -0.00520326 2.64479 
0.989262 0.610686 -0.006201 2.651 
0.991542 0.606288 0.00160809 2.65581 
0.990026 0.608594 0.00189195 2.65222 
0.987435 0.612825 0.0059701 2.64632 
0.990693 0.607924 -0.0257228 2.65438 
0.993324 0.602548 -0.0261809 2.65981 
0.998893 0.592046 -0.0302313 2.67218 
0.993881 0.602207 0.00492634 2.66106 
0.993676 0.602391 0.00681927 2.66051 
0.996035 0.598259 0.00872858 2.66584 
0.983636 0.616268 -0.0591104 2.63787 
0.988247 0.608048 -0.0600463 2.648 
0.993918 0.597269 -0.0686307 2.66075 
0.995422 0.598819 0.0222735 2.66437 
0.993463 0.602647 0.0240104 2.66023 
0.98845 0.610102 0.0306682 2.64844 
1.00512 0.578959 -0.0595129 2.68657 
1.0061 0.575224 -0.067247 2.68811 
1.00152 0.580913 -0.0899589 2.67795 
0.999733 0.591926 -7.60784e-05 2.6743 
0.999819 0.591815 -6.01e-05 2.67452 
0.999885 0.592134 -0.000188919 2.67492 
0.999929 0.591734 1.82754e-05 2.67484 
0.999886 0.591806 5.57973e-05 2.67474 
0.999856 0.591892 0.000270121 2.67469 
1.00567 0.581403 0.00100725 2.68794 
1.005 0.58265 0.00141256 2.68641 
1.00397 0.584413 0.00353393 2.68402 
1.00395 0.58224 -0.000953499 2.68398 
1.0044 0.58139 -0.00147837 2.6848 
1.00458 0.582523 -0.00528185 2.68502 
0.936883 0.660558 -0.150676 2.52839 
0.928841 0.675137 -0.141263 2.51191 
0.930106 0.681284 -0.105439 2.51451 
0.977466 0.625661 0.0458628 2.62283 
0.973014 0.633325 0.044023 2.61316 
0.9639 0.646812 0.0469265 2.59278 
0.855016 0.747228 0.0478609 2.33627 
0.869668 0.742754 0.0533984 2.37562 
0.903397 0.713888 0.0515113 2.45219 
1.00038 0.588794 -0.000150897 2.67567 
1.00049 0.588752 -0.000234087 2.67587 
1.00069 0.590106 -0.000891712 2.67653 
1.001 0.58984 0.000162514 2.67728 
1.0009 0.590023 0.000238857 2.67706 
1.00073 0.590322 0.000662157 2.67668 
0.914319 0.688093 0.144099 2.4758 
0.929281 0.675515 0.145902 2.51342 
0.948958 0.656353 0.128709 2.559 
0.989065 0.609949 -0.00106575 2.64989 
0.990572 0.607834 -0.0014477 2.65356 
0.992971 0.604103 -0.005424 2.6592 
0.999097 0.592594 0.0268864 2.67295 
0.998527 0.59255 0.0319583 2.67118 
1.00063 0.588655 0.0456429 2.67643 
0.998858 0.594127 -0.0017631 2.6727 
0.999023 0.593856 -0.00135718 2.67308 
0.999427 0.592966 -0.00107318 2.6739 
0.997529 0.595817 -0.000586176 2.66929 
0.998083 0.594877 -0.000587159 2.67058 
0.998487 0.594759 -0.00183011 2.67184 
0.967731 0.642539 -0.0105525 2.60125 
0.970945 0.637713 -0.0162246 2.60853 
0.974239 0.63372 -0.0299366 2.61696 
0.998618 0.59411 0.000386993 2.67189 
0.998094 0.594887 0.000712855 2.67061 
0.997405 0.596176 0.00316015 2.6691 
0.957629 0.655584 -0.0100069 2.57747 
0.956849 0.65715 -0.0204798 2.57619 
0.951866 0.663033 -0.0373977 2.56503 
1.00028 0.591171 -0.00678236 2.67574 
0.999829 0.591615 -0.00766571 2.6745 
0.998598 0.593526 -0.00675579 2.67153 
0.999126 0.593107 0.000960054 2.67299 
0.999079 0.593197 0.00147985 2.67288 
0.999508 0.592448 0.00220315 2.67387 
1.00034 0.590686 0.0101394 2.67564 
1.00022 0.591152 0.00832158 2.6755 
0.999153 0.592936 0.00578225 2.67299 
1.02499 0.543168 0.0529595 2.73325 
1.02202 0.545598 0.0466533 2.72418 
1.01379 0.563873 0.0413873 2.70607 
0.998048 0.581511 0.137681 2.67225 
1.00149 0.57332 0.126431 2.67742 
0.999666 0.58348 0.102172 2.67438 
1.00981 0.558838 -0.121817 2.69804 
1.0018 0.570014 -0.126652 2.67798 
0.988353 0.59981 -0.111216 2.64771 
0.981892 0.621306 0.021317 2.63366 
0.979332 0.624279 0.0248078 2.62726 
0.978826 0.625497 0.0412181 2.62695 
1.00219 0.587069 0.0229384 2.67987 
1.00379 0.584381 0.025078 2.68368 
1.00761 0.577114 0.023481 2.69222 
0.925511 0.688534 -0.0931687 2.50409 
0.915667 0.698884 -0.09106 2.48131 
0.899262 0.71765 -0.0609953 2.44319 
0.952378 0.662237 0.00869521 2.56525 
0.947255 0.668443 0.00465368 2.55327 
0.929124 0.690891 0.0105858 2.5126 
1.00661 0.579654 0.00493605 2.69006 
1.00609 0.58046 0.00617843 2.6888 
1.00621 0.580361 0.0102303 2.68919 
1.01351 0.563377 -0.0323409 2.70451 
1.01118 0.568914 -0.0331594 2.69988 
1.00705 0.578022 -0.0256953 2.69109 
1.01123 0.568894 -0.0055595 2.70095 
1.01175 0.56682 -0.00806773 2.70134 
1.01069 0.57052 -0.0163941 2.69873 
1.00132 0.586939 -0.000283784 2.67801 
1.00156 0.586596 -0.000424321 2.67839 
1.00199 0.586981 -0.00163118 2.679 
1.00481 0.582227 -0.00660465 2.68565 
1.00574 0.580225 -0.00679829 2.68756 
1.00741 0.576772 -0.0106996 2.69123 
0.999636 0.591671 -0.00423003 2.67386 
0.999455 0.591985 -0.00380433 2.67345 
0.99944 0.59266 -0.00233614 2.67378 
1.00229 0.587532 0.000284978 2.68021 
1.00205 0.587967 0.000418579 2.67969 
1.00176 0.588452 0.00123378 2.67898 
0.956726 0.654835 0.0455056 2.57513 
0.955255 0.657424 0.0387921 2.57189 
0.943763 0.672946 0.0290277 2.54587 
0.994674 0.600192 -0.0205232 2.6627 
0.992912 0.603621 -0.0202781 2.65894 
0.991001 0.606212 -0.0141561 2.6541 
0.999317 0.592824 0.00474552 2.67346 
0.999614 0.592238 0.00429579 2.6741 
0.999945 0.591696 0.00247783 2.67487 
0.910616 0.706491 0.0591027 2.46891 
0.908846 0.706764 0.0727504 2.46473 
0.926852 0.684515 0.105478 2.5067 
1.01498 0.564316 0.00783306 2.70949 
1.01283 0.567617 0.00758491 2.70413 
1.00942 0.573957 0.0107463 2.69626 
0.859936 0.742285 -0.0596359 2.34752 
0.865304 0.744299 -0.0498173 2.36431 
0.885145 0.730711 -0.0339196 2.4099 
1.00046 0.590668 -0.00202939 2.67606 
1.00034 0.591042 -0.00227737 2.67587 
0.999901 0.591268 -0.00206296 2.6745 
1.00061 0.590471 0.00274921 2.67635 
1.00053 0.590631 0.00228926 2.67619 
1.00018 0.591276 0.0017174 2.67541 
0.976014 0.615202 0.130652 2.61919 
0.977232 0.617044 0.1207 2.623 
0.96681 0.633111 0.109084 2.59805 
1.00076 0.590158 -0.00107976 2.6768 
1.00093 0.589538 -0.00101507 2.67697 
1.00135 0.588575 -0.00137823 2.67779 
1.00114 0.589568 0.000760183 2.6776 
1.00109 0.589674 0.000992193 2.67749 
1.0012 0.589492 0.00159261 2.67774 
0.999966 0.591854 -0.000143136 2.67503 
0.999986 0.591884 -0.000219917 2.67512 
0.999945 0.591734 -0.000305527 2.6749 
1.00004 0.591531 3.66957e-05 2.6751 
1.00002 0.591572 4.16594e-05 2.67504 
0.99998 0.591642 0.000105921 2.67495 
1.00351 0.585332 0.0034805 2.683 
1.00323 0.585779 0.00268232 2.68234 
1.00235 0.587433 0.00202229 2.68035 
1.00315 0.584496 -0.00215319 2.68143 
1.00303 0.585286 -0.00293022 2.68146 
1.00205 0.588093 -0.00315912 2.67991 
1.00009 0.591203 -0.00087802 2.67511 
1.0001 0.591191 -0.00100292 2.67514 
0.999977 0.591168 -0.00138553 2.67469 
1.00036 0.590985 0.00101484 2.67582 
1.00027 0.591126 0.000995256 2.6756 
1.00008 0.591481 0.00110859 2.67518 
0.999921 0.589529 -4.47105e-05 2.67465 
0.99998 0.589542 -6.04772e-05 2.67471 
1.00022 0.590544 -0.00021597 2.67522 
1.00048 0.590782 2.87084e-05 2.6761 
1.00043 0.59085 6.0354e-05 2.67597 
1.00035 0.59099 0.000148246 2.67579 
1.00047 0.589784 -0.000355058 2.67556 
1.00043 0.590464 -0.000504156 2.67584 
1.00022 0.591178 -0.000465409 2.67563 
1.00063 0.590495 0.000648177 2.67645 
1.00059 0.590573 0.000471775 2.67633 
1.00042 0.590872 0.000269833 2.67598 
0.960753 0.638689 -0.134012 2.58574 
0.961502 0.639049 -0.122212 2.58659 
0.976732 0.621334 -0.10097 2.62186 
0.999984 0.591319 -0.000330759 2.67481 
0.999979 0.591329 -0.000378109 2.67479 
0.999917 0.591592 -0.000464658 2.67473 
1.00012 0.591395 0.000306945 2.67529 
1.00011 0.591427 0.000252964 2.67525 
1.00005 0.591525 0.000237776 2.67511 
0.883875 0.732828 0.0150832 2.40726 
0.893045 0.725169 0.0140336 2.42846 
0.90508 0.714882 -0.00543653 2.45656 
1.01378 0.56099 0.0715841 2.7061 
1.01063 0.567331 0.0685841 2.69886 
1.0012 0.584632 0.074489 2.67764 
1.00352 0.585239 0.0107174 2.68302 
1.00343 0.585422 0.012687 2.68286 
1.00476 0.583125 0.0167266 2.68603 
1.01289 0.566538 0.0355288 2.7043 
1.01364 0.564972 0.030706 2.7058 
1.01141 0.570305 0.0192214 2.70099 
0.960056 0.648855 -0.0743277 2.58362 
0.965254 0.643286 -0.0724386 2.59648 
0.977913 0.623511 -0.0799819 2.62523 
1.00006 0.591517 0.000543204 2.67513 
1.00002 0.591571 0.000560935 2.67505 
0.999939 0.591721 0.000886869 2.67486 
0.999894 0.591675 -0.000530768 2.67471 
0.999901 0.591552 -0.000619027 2.67466 
0.999858 0.591557 -0.000976012 2.67452 
1.00167 0.58811 -0.0134368 2.67869 
1.00242 0.586865 -0.0124239 2.68049 
1.00467 0.58299 -0.0124483 2.68576 
0.977966 0.622106 0.0878369 2.62505 
0.972618 0.630091 0.0865487 2.61265 
0.958543 0.649156 0.0906112 2.5802 
1.00173 0.588176 -0.00550456 2.67889 
1.00142 0.588623 -0.00490281 2.67813 
1.00129 0.589057 -0.0034526 2.67793 
1.00185 0.588173 -0.0279044 2.67968 
1.00158 0.588336 -0.0246036 2.67876 
1.00351 0.584918 -0.0190684 2.6831 
1.00138 0.589069 0.00495893 2.67811 
1.0018 0.588449 0.00490061 2.67915 
1.00211 0.587776 0.00338133 2.67977 
0.998014 0.594595 -0.00735464 2.67023 
0.997708 0.595022 -0.00890772 2.66948 
0.995385 0.599217 -0.0119606 2.66432 
0.951194 0.661315 0.066996 2.56313 
0.945132 0.669 0.0677894 2.54929 
0.938513 0.676509 0.0833606 2.53503 
1.00059 0.590256 -0.0027519 2.67628 
1.00068 0.589961 -0.00237585 2.67642 
1.00094 0.589852 -0.00199818 2.67728 
1.00078 0.590255 0.00204524 2.67679 
1.00085 0.590081 0.00242127 2.67692 
1.00134 0.58924 0.00302701 2.67807 
0.999811 0.591926 0.000370851 2.67456 
0.999761 0.592049 0.000453084 2.67447 
0.999661 0.592202 0.000907534 2.67422 
0.999592 0.592443 -0.000365878 2.67414 
0.999637 0.592575 -0.000438318 2.67436 
0.999734 0.592118 -0.000845561 2.67443 
1.00023 0.591129 -0.000913532 2.67559 
1.00016 0.591243 -0.000772272 2.67539 
1.00011 0.591319 -0.000468891 2.67533 
1.00027 0.591125 0.000737656 2.67561 
1.00033 0.59103 0.000732525 2.67575 
1.00037 0.59094 0.000466226 2.67583 
0.982847 0.61674 0.0572841 2.63537 
0.980564 0.619461 0.0627175 2.62994 
0.980203 0.618899 0.0817506 2.62981 
0.9505 0.665268 -0.0450203 2.56257 
0.954032 0.660078 -0.0503501 2.57049 
0.955624 0.656545 -0.0675473 2.57415 
0.935445 0.680819 -0.050027 2.52618 
0.934003 0.682871 -0.0571956 2.52352 
0.92181 0.695888 -0.061367 2.4954 
0.996012 0.598747 -0.00283071 2.66602 
0.996233 0.598789 -0.00384407 2.66678 
0.995481 0.599312 -0.00708808 2.66464 
1.00045 0.588263 0.0516442 2.6759 
0.997478 0.593578 0.0545189 2.6693 
0.990776 0.603526 0.067806 2.65394 
0.922034 0.696165 0.00426335 2.49433 
0.92357 0.694946 -0.00628914 2.49822 
0.919506 0.699532 -0.027486 2.48938 
1.00029 0.591093 2.31178e-05 2.67566 
1.00028 0.591108 2.0452e-05 2.67565 
1.00029 0.591098 8.69513e-05 2.67566 
1.00023 0.591189 2.12915e-05 2.67552 
1.00022 0.591215 4.07935e-05 2.67551 
1.00022 0.591217 0.000156852 2.67551 
0.999718 0.589898 -3.4617e-05 2.67418 
0.999804 0.589886 -4.06654e-05 2.67431 
1.00009 0.590695 -0.000162593 2.6749 
0.999984 0.591572 -0.000197673 2.67502 
0.999997 0.591556 -0.000183875 2.67507 
1.00005 0.591154 -0.000208799 2.67502 
0.996046 0.598556 0.0193266 2.66622 
0.997919 0.595413 0.016399 2.67049 
0.998664 0.59398 0.0119514 2.67203 
0.977714 0.628967 -0.00261452 2.62467 
0.977238 0.629067 -0.0104121 2.62325 
0.975536 0.631263 -0.011239 2.61915 
1.02436 0.542791 -0.0606733 2.73268 
1.01761 0.547485 -0.0695628 2.71267 
1.01184 0.562359 -0.0655221 2.70016 
0.986441 0.614617 0.00149156 2.64415 
0.986445 0.614419 0.000470077 2.64403 
0.986145 0.615129 -0.00105496 2.64349 
0.999999 0.591332 -0.000325845 2.67487 
1 0.591346 -0.000305948 2.67489 
1.00001 0.591382 -0.000307156 2.67494 
1.00015 0.591342 0.000301039 2.67533 
1.00017 0.591295 0.000395041 2.67539 
1.00022 0.591228 0.000407948 2.67549 
1.00055 0.590675 -0.00697544 2.67638 
1.00078 0.590408 -0.0057649 2.67698 
1.001 0.589366 -0.00561758 2.67711 
1.0011 0.589724 0.0104043 2.67761 
1.00123 0.589234 0.0125896 2.67778 
1.00198 0.587903 0.0125496 2.6795 
0.980386 0.623103 -0.0284552 2.63012 
0.982699 0.620192 -0.0280941 2.63581 
0.984592 0.616219 -0.0328775 2.63969 
0.986624 0.614213 -0.00249131 2.6445 
0.987286 0.613399 -0.00197216 2.64617 
0.987725 0.612561 -0.00280736 2.64709 
0.989105 0.610413 0.00144249 2.65031 
0.987865 0.612195 0.000997392 2.64733 
0.987452 0.61291 0.00235179 2.64641 
0.995475 0.599437 -0.0233567 2.66498 
0.997696 0.595411 -0.0216066 2.6699 
0.998673 0.592383 -0.0233144 2.67142 
0.992348 0.604896 0.00904493 2.65766 
0.991888 0.605045 0.0116321 2.65626 
0.993522 0.60238 0.0119649 2.66004 
0.99262 0.601702 -0.0555792 2.6583 
0.996346 0.595144 -0.0540998 2.6666 
0.996808 0.593634 -0.0579247 2.6675 
0.991337 0.605789 0.0220269 2.65509 
0.989099 0.609877 0.0212339 2.65019 
0.987933 0.611753 0.0238635 2.64758 
1.00948 0.569398 -0.0705356 2.6963 
1.01266 0.561998 -0.0821262 2.70402 
1.00967 0.566182 -0.0911775 2.6971 
0.999868 0.591706 -3.21618e-05 2.67462 
0.999916 0.591642 -5.39566e-05 2.67474 
0.999911 0.591726 -9.45334e-05 2.67477 
0.999819 0.591917 3.4619e-05 2.67458 
0.999734 0.592074 0.000128906 2.67439 
0.999753 0.592071 0.000218514 2.67445 
1.00447 0.583575 0.000701984 2.68519 
1.00398 0.584504 0.0010125 2.68408 
1.00384 0.584678 0.00184973 2.68372 
1.00513 0.580106 -0.0013955 2.68672 
1.00565 0.578998 -0.00220035 2.68762 
1.0057 0.579652 -0.00396466 2.68732 
0.912809 0.689263 -0.135521 2.47194 
0.908016 0.70154 -0.121049 2.46437 
0.91395 0.69752 -0.110908 2.47755 
0.96929 0.638499 0.0368306 2.60422 
0.965048 0.645378 0.0313234 2.59485 
0.963099 0.648718 0.0340958 2.59095 
0.862884 0.74086 0.071206 2.35518 
0.877114 0.735416 0.0752599 2.39291 
0.890514 0.724786 0.067192 2.42316 
1.00056 0.588468 -0.000202673 2.6761 
1.00069 0.588387 -0.000307709 2.67631 
1.00084 0.588839 -0.000618763 2.6764 
1.00082 0.590157 0.00012706 2.67687 
1.00075 0.590295 0.000197084 2.67672 
1.00073 0.590327 0.000354632 2.67667 
0.938282 0.660401 0.156926 2.53238 
0.951428 0.646665 0.154717 2.56432 
0.954459 0.645775 0.144992 2.5717 
0.991534 0.605812 -0.00126377 2.65549 
0.99319 0.603417 -0.00145878 2.6595 
0.993545 0.602527 -0.00289751 2.66014 
0.996733 0.595586 0.0355671 2.66713 
0.995438 0.597709 0.0427693 2.66443 
0.996284 0.596456 0.0461235 2.66664 
0.999074 0.593425 -0.000791659 2.673 
0.999234 0.593039 -0.000574322 2.6733 
0.999302 0.592995 -0.000652871 2.6735 
0.998517 0.594125 -0.000314061 2.67157 
0.998838 0.593535 -0.000378476 2.67228 
0.998794 0.593644 -0.000809193 2.6722 
0.974668 0.632148 -0.0168848 2.61699 
0.977518 0.627811 -0.0196813 2.62352 
0.977425 0.627746 -0.0235891 2.62327 
0.997623 0.595883 0.00061189 2.66964 
0.996803 0.597101 0.00102165 2.66766 
0.996708 0.597399 0.00201342 2.66752 
0.959665 0.653347 -0.0299478 2.58284 
0.96066 0.650201 -0.0402613 2.58435 
0.959138 0.651569 -0.0425377 2.58056 
1.00006 0.591551 -0.00934997 2.67526 
0.999379 0.592327 -0.0104392 2.67345 
0.998862 0.59311 -0.00924407 2.67218 
0.998852 0.593568 0.00204577 2.67235 
0.998861 0.593646 0.00285132 2.67243 
0.999134 0.593092 0.0029538 2.67301 
1.00044 0.590675 0.00723377 2.67595 
1.00028 0.591063 0.00596264 2.67563 
0.999819 0.591807 0.00563302 2.67453 
1.02412 0.545935 0.0360386 2.73101 
1.02089 0.549438 0.0320375 2.72185 
1.01766 0.556147 0.0343958 2.71461 
1.01072 0.562897 0.118164 2.70145 
1.01219 0.557174 0.108002 2.70199 
1.00912 0.56532 0.103596 2.69576 
0.997197 0.577897 -0.139571 2.66897 
0.987317 0.592651 -0.141431 2.64517 
0.983989 0.60287 -0.130551 2.63796 
0.976261 0.629956 0.0245589 2.62086 
0.972187 0.63643 0.0280703 2.61198 
0.972094 0.635971 0.0335803 2.61155 
1.00409 0.583316 0.028189 2.68415 
1.00588 0.580417 0.0314725 2.68855 
1.00733 0.577135 0.0304501 2.69149 
0.908843 0.705451 -0.0962991 2.46599 
0.894546 0.717937 -0.0910179 2.43213 
0.891533 0.722558 -0.0772314 2.42527 
0.946065 0.670287 -0.00058808 2.55079 
0.940631 0.67837 -0.00771865 2.5395 
0.933709 0.687059 -0.006135 2.52408 
1.00532 0.582024 0.00604646 2.68714 
1.00483 0.582972 0.00687464 2.68605 
1.00507 0.582434 0.00809817 2.68657 
1.00893 0.572747 -0.0384674 2.69474 
1.00645 0.578967 -0.0377986 2.69001 
1.00588 0.579767 -0.0333602 2.68842 
1.01425 0.563201 -0.00979901 2.70798 
1.01466 0.560843 -0.0133132 2.70787 
1.01395 0.564002 -0.0163752 2.70643 
1.00176 0.586137 -0.000347374 2.67899 
1.00205 0.585701 -0.000525593 2.67951 
1.00225 0.585847 -0.001075 2.67954 
1.0062 0.578818 -0.00537302 2.68832 
1.00728 0.576627 -0.00524691 2.69092 
1.00781 0.575602 -0.00683679 2.69201 
0.999139 0.592632 -0.0042008 2.67278 
0.998981 0.593514 -0.00372978 2.67277 
0.999114 0.593317 -0.00306775 2.67309 
1.00185 0.588323 0.000228328 2.6792 
1.00166 0.588668 0.000327756 2.67879 
1.00163 0.588707 0.000626717 2.67871 
0.957497 0.655137 0.0317515 2.57723 
0.95666 0.656423 0.024592 2.57522 
0.952865 0.661815 0.0234072 2.56678 
0.990186 0.607516 -0.0219313 2.65236 
0.988341 0.611154 -0.0199392 2.64848 
0.988518 0.610064 -0.0172209 2.64833 
0.999866 0.591904 0.00463276 2.67474 
1.00008 0.591429 0.00407831 2.67517 
1.0001 0.591445 0.00325638 2.67524 
0.899981 0.715158 0.075536 2.44455 
0.898855 0.714678 0.0920241 2.44244 
0.909165 0.703194 0.105834 2.46629 
1.01188 0.570081 0.00427629 2.70226 
1.01022 0.572776 0.00448177 2.69824 
1.0095 0.573912 0.00642394 2.69648 
0.853425 0.748129 -0.0340493 2.33216 
0.857898 0.749788 -0.0266267 2.34637 
0.868159 0.743103 -0.0259332 2.37006 
1.00043 0.590861 -0.00270819 2.67605 
1.00029 0.591192 -0.0030005 2.67575 
1.00006 0.59129 -0.00271182 2.67506 
1.00061 0.590485 0.00199164 2.67638 
1.00053 0.590643 0.00166164 2.67621 
1.00039 0.590909 0.00163624 2.67587 
0.981644 0.610801 0.112265 2.63249 
0.982069 0.611612 0.104604 2.63351 
0.977389 0.618824 0.104277 2.6227 
1.00101 0.588853 -0.000801806 2.6768 
1.00109 0.588153 -0.000668349 2.67687 
1.00127 0.588012 -0.00080478 2.67733 
1.00094 0.589946 0.00105188 2.67714 
1.00087 0.590084 0.00121264 2.677 
1.00093 0.589937 0.00139303 2.67712 
0.999985 0.591701 -0.000267354 2.67501 
0.999981 0.591494 -0.00027574 2.67489 
0.999981 0.591504 -0.000290543 2.67489 
1.00001 0.5916 2.16822e-05 2.67502 
0.999989 0.591623 2.06703e-05 2.67497 
0.999985 0.591633 4.08064e-05 2.67497 
1.0034 0.585522 0.002019 2.68275 
1.00309 0.586053 0.00136578 2.68203 
1.00276 0.586685 0.0014839 2.6813 
1.00318 0.585267 -0.00376171 2.68197 
1.00293 0.586522 -0.00454044 2.68192 
1.00246 0.587376 -0.00421214 2.68088 
1.00019 0.591167 -0.00109283 2.67544 
1.00022 0.591094 -0.00127004 2.67552 
1.00016 0.591287 -0.00139494 2.6754 
1.00024 0.591179 0.000831904 2.67556 
1.00018 0.591286 0.000801316 2.6754 
1.00014 0.591371 0.00087165 2.67531 
0.999995 0.589405 -6.06561e-05 2.67483 
1.00005 0.589404 -8.54022e-05 2.67488 
1.0002 0.589679 -0.000152771 2.67496 
1.00041 0.590902 2.09946e-05 2.67594 
1.00037 0.590948 4.92055e-05 2.67586 
1.00036 0.590985 8.24844e-05 2.67581 
1.00047 0.590665 -0.000645349 2.67613 
1.0004 0.590857 -0.00075159 2.67605 
1.0003 0.591027 -0.000665341 2.67582 
1.00063 0.590486 0.000369876 2.67645 
1.00057 0.590597 0.000226264 2.67631 
1.00051 0.590725 0.000224575 2.67616 
0.954989 0.650042 -0.116167 2.5723 
0.956599 0.648975 -0.10606 2.5755 
0.964832 0.638768 -0.102663 2.59475 
0.999987 0.591311 -0.000414653 2.67481 
0.999978 0.591328 -0.00048881 2.67479 
0.999952 0.591386 -0.000516714 2.67473 
1.00012 0.591405 0.000172299 2.67527 
1.00011 0.591431 0.000129679 2.67524 
1.00008 0.591466 0.000149836 2.6752 
0.90095 0.717684 0.0241234 2.44659 
0.908604 0.71088 0.0225027 2.46448 
0.909378 0.710872 0.014225 2.46665 
1.01056 0.568964 0.0594715 2.69894 
1.0079 0.57427 0.0570536 2.69292 
1.0054 0.578817 0.0614064 2.6874 
1.0026 0.586829 0.0137823 2.68092 
1.00224 0.587452 0.0159111 2.68014 
1.00291 0.586419 0.0170504 2.68178 
1.01617 0.560602 0.0294616 2.71186 
1.01625 0.559832 0.0238355 2.71155 
1.01474 0.563876 0.0202281 2.70861 
0.965394 0.643107 -0.063587 2.59623 
0.969537 0.637423 -0.0619665 2.60574 
0.973125 0.631959 -0.0673034 2.61417 
1 0.591607 0.000471672 2.67501 
0.999968 0.591656 0.000476279 2.67492 
0.999954 0.591701 0.000589973 2.6749 
0.999937 0.591427 -0.000608276 2.67471 
0.999954 0.591363 -0.000696351 2.67473 
0.99994 0.591393 -0.00080151 2.6747 
1.00257 0.586702 -0.0109568 2.68089 
1.00314 0.585827 -0.00960663 2.68226 
1.00379 0.584515 -0.0098311 2.68369 
0.971208 0.633444 0.0810887 2.60981 
0.965873 0.640989 0.077762 2.59725 
0.961901 0.646576 0.0807048 2.58841 
1.00114 0.589093 -0.00489101 2.67744 
1.0009 0.589541 -0.0044073 2.67688 
1.00102 0.589351 -0.003955 2.67717 
1.00086 0.589496 -0.0215977 2.67695 
1.00072 0.589476 -0.0190885 2.67643 
1.00156 0.588126 -0.0182293 2.67841 
1.00209 0.587804 0.00527675 2.67972 
1.00255 0.587071 0.00508863 2.68084 
1.00252 0.587006 0.00444999 2.68068 
0.99811 0.594271 -0.010143 2.67038 
0.997842 0.59487 -0.0122924 2.66987 
0.996876 0.596498 -0.0133199 2.66766 
0.939396 0.676879 0.0606342 2.53633 
0.932703 0.685432 0.0596844 2.5214 
0.931566 0.686663 0.0668836 2.51931 
1.00057 0.590076 -0.00198724 2.67611 
1.00061 0.590133 -0.00166217 2.67631 
1.00069 0.590144 -0.00169562 2.67659 
1.00082 0.590151 0.00285302 2.67687 
1.00088 0.590006 0.00349477 2.67699 
1.00109 0.589667 0.0035769 2.67747 
0.999673 0.592159 0.000341645 2.67424 
0.999601 0.592333 0.000364746 2.6741 
0.99956 0.592376 0.000561843 2.67399 
0.999727 0.592479 -0.000409998 2.67461 
0.999759 0.592261 -0.000485958 2.67459 
0.999781 0.592146 -0.000595241 2.6746 
1.00012 0.591228 -0.000760151 2.67524 
1.00008 0.591262 -0.0006614 2.67513 
1.00009 0.591306 -0.000563894 2.6752 
1.00038 0.59093 0.000884932 2.67585 
1.00045 0.590794 0.000852784 2.67602 
1.00043 0.590822 0.000681297 2.67598 
0.977173 0.624569 0.0641054 2.62217 
0.973984 0.62945 0.0705502 2.61542 
0.974222 0.628783 0.0762335 2.61619 
0.959368 0.65284 -0.0485197 2.58249 
0.962454 0.647547 -0.0523504 2.58903 
0.961557 0.64887 -0.058068 2.58737 
0.937134 0.677887 -0.0672778 2.53039 
0.93658 0.677161 -0.0751727 2.52867 
0.931772 0.68316 -0.0741788 2.51791 
0.996911 0.597647 -0.00390843 2.66834 
0.997157 0.596552 -0.00476041 2.66852 
0.996838 0.597011 -0.00565258 2.66774 
0.995004 0.59813 0.051666 2.66369 
0.991659 0.60377 0.0527235 2.65609 
0.990216 0.605998 0.0576999 2.65297 
0.927333 0.691715 -0.0137969 2.50762 
0.929279 0.689933 -0.0213639 2.51251 
0.927376 0.691552 -0.0263661 2.50784 
1.00027 0.591128 1.65098e-05 2.67561 
1.00027 0.591139 1.35683e-05 2.67561 
1.00027 0.591135 3.13573e-05 2.67562 
1.00019 0.591259 3.46516e-05 2.67544 
1.00018 0.591301 5.06305e-05 2.6754 
1.00018 0.591289 9.47631e-05 2.67542 
0.999773 0.589786 -1.06143e-05 2.67429 
0.999831 0.589815 -4.28806e-05 2.67437 
0.99999 0.589995 -9.21562e-05 2.67449 
0.999969 0.591306 -0.00019398 2.67483 
0.999969 0.590833 -0.000159785 2.67463 
0.999983 0.590718 -0.000178404 2.67468 
0.989576 0.609795 0.0165932 2.65162 
0.992312 0.60519 0.0173265 2.65784 
0.994049 0.601568 0.0138175 2.66131 
0.995675 0.598706 0.0124468 2.66496 
0.996464 0.597434 0.0134634 2.66681 
0.997678 0.595142 0.0115022 2.66945 
0.996626 0.597693 0.00991402 2.66747 
0.997569 0.595758 0.00851161 2.66943 
0.998117 0.595091 0.00645989 2.67083 
0.984465 0.617884 0.0151733 2.63983 
0.981921 0.622429 0.0137001 2.63433 
0.980535 0.62355 0.0161171 2.63056 
0.977365 0.629707 0.0129545 2.62408 
0.975187 0.631988 0.00584308 2.61841 
0.97355 0.63372 -0.00381265 2.61423 
0.974782 0.63186 0.0159986 2.61712 
0.97111 0.638069 0.00722738 2.60917 
0.967935 0.644714 0.00931673 2.60339 
1.02102 0.550528 -0.029287 2.72413 
1.01882 0.550257 -0.0351771 2.71654 
1.01584 0.559297 -0.0377293 2.71054 
1.01329 0.563083 -0.0446535 2.70409 
1.01544 0.55878 -0.0505438 2.70946 
1.01191 0.564839 -0.0576243 2.70108 
1.01003 0.570628 -0.0440201 2.69743 
1.0068 0.575995 -0.0485005 2.68992 
1.00359 0.583331 -0.0460558 2.68334 
0.984976 0.61665 0.0121362 2.64069 
0.983914 0.618276 0.00827472 2.63819 
0.981788 0.621795 0.00684191 2.63343 
0.981881 0.621637 0.00239431 2.63361 
0.984471 0.61815 0.000773669 2.6399 
0.98485 0.617131 -0.00114975 2.64049 
0.980224 0.624117 -0.00222374 2.62978 
0.982251 0.621324 -0.00510664 2.63463 
0.981826 0.620852 -0.0115335 2.63302 
1.00003 0.591296 -0.000542762 2.67495 
1.00003 0.591311 -0.00047756 2.67498 
1.00006 0.591327 -0.000486216 2.67508 
1.00006 0.591361 -0.000419706 2.67511 
1.00002 0.591371 -0.000368903 2.675 
1.00002 0.591401 -0.000331006 2.67503 
1.00007 0.591374 -0.000411785 2.67521 
1.00006 0.591399 -0.000357121 2.67521 
1.00008 0.591344 -0.000340064 2.67526 
1.00013 0.591372 6.62246e-05 2.67528 
1.00014 0.591345 0.000126428 2.67533 
1.00017 0.591308 0.000144109 2.67538 
1.00019 0.591273 0.000206085 2.67543 
1.00019 0.591281 0.000261581 2.67543 
1.00021 0.591227 0.000332305 2.67548 
1.00021 0.591233 0.000216509 2.67549 
1.00024 0.591172 0.000262732 2.67555 
1.00028 0.591108 0.000256796 2.67562 
1.00001 0.591437 -0.013539 2.67508 
1.00072 0.590465 -0.0115554 2.67686 
1.00126 0.588745 -0.0116268 2.67766 
1.00162 0.588192 -0.00970175 2.67853 
1.0012 0.588891 -0.00818761 2.67751 
1.00138 0.588738 -0.00666261 2.67803 
1.00212 0.587286 -0.00953141 2.67968 
1.00222 0.587437 -0.00756575 2.68012 
1.0026 0.586649 -0.00713129 2.68093 
1.00085 0.590203 0.00529797 2.67703 
1.00103 0.589693 0.0061441 2.6773 
1.00141 0.589107 0.00597041 2.67824 
1.00172 0.588348 0.00686457 2.67881 
1.0018 0.58838 0.00843155 2.67911 
1.00212 0.587731 0.0102446 2.67983 
1.00219 0.587719 0.00653399 2.68001 
1.00262 0.586859 0.0077767 2.68097 
1.00311 0.585823 0.00730829 2.68197 
0.975836 0.62906 -0.0484143 2.61993 
0.978881 0.623361 -0.0458421 2.62609 
0.983455 0.616742 -0.0526873 2.63721 
0.985918 0.611984 -0.0488374 2.64215 
0.983446 0.617047 -0.0409423 2.6368 
0.986123 0.613974 -0.0392037 2.64359 
0.991274 0.604432 -0.0511757 2.65526 
0.992495 0.601928 -0.0472235 2.65758 
0.99702 0.595555 -0.0469505 2.66869 
0.984774 0.617076 -0.0148703 2.64035 
0.985673 0.615191 -0.0119626 2.64208 
0.987627 0.612373 -0.01385 2.64677 
0.98809 0.611369 -0.011135 2.64763 
0.987385 0.613282 -0.00670975 2.64644 
0.988127 0.612351 -0.00529182 2.64829 
0.989989 0.608708 -0.0120566 2.65226 
0.990062 0.608419 -0.00959018 2.65229 
0.991816 0.606196 -0.0101498 2.65672 
0.994023 0.602029 0.00127423 2.66141 
0.99269 0.604104 0.00203627 2.65827 
0.992579 0.604292 0.00410906 2.65802 
0.991126 0.607 0.00528363 2.65488 
0.989681 0.609151 0.00401076 2.65143 
0.988276 0.611668 0.00387845 2.64836 
0.990635 0.607428 0.00781884 2.65354 
0.988909 0.610799 0.00821443 2.64993 
0.987865 0.612271 0.0113226 2.64744 
0.984717 0.617888 -0.0226884 2.6408 
0.987048 0.612824 -0.0267595 2.64542 
0.987247 0.612034 -0.030729 2.64573 
0.991031 0.604769 -0.0327278 2.65382 
0.994612 0.599885 -0.0295297 2.6626 
0.997457 0.594722 -0.027493 2.66889 
0.992109 0.603556 -0.037342 2.65684 
0.996547 0.59594 -0.0355686 2.66688 
0.998102 0.59203 -0.0392222 2.66988 
0.994966 0.600187 0.00172517 2.66342 
0.994892 0.600355 0.00320747 2.66328 
0.995777 0.59891 0.00330257 2.66534 
0.995802 0.598832 0.00480835 2.66539 
0.994907 0.600496 0.00688148 2.66344 
0.994942 0.600415 0.0088546 2.66352 
0.99665 0.597367 0.00470678 2.66732 
0.996851 0.597102 0.0060892 2.66783 
0.99755 0.595676 0.00568857 2.6693 
0.97389 0.631132 -0.0556688 2.61528 
0.977952 0.624503 -0.0607371 2.62459 
0.977243 0.625598 -0.0652339 2.62331 
0.982344 0.616377 -0.0688504 2.63441 
0.988966 0.607267 -0.0652214 2.65031 
0.99337 0.600009 -0.063965 2.66029 
0.982217 0.617351 -0.0747019 2.635 
0.988299 0.606149 -0.0750878 2.64802 
0.987927 0.601455 -0.0801716 2.6443 
0.999247 0.592639 0.0196654 2.6733 
0.997608 0.595434 0.0227365 2.66959 
0.997699 0.595255 0.0254993 2.66985 
0.995374 0.599318 0.0289404 2.66467 
0.992559 0.603643 0.0276071 2.65796 
0.98979 0.608652 0.0271489 2.65186 
0.995006 0.599562 0.0326206 2.66371 
0.991474 0.605379 0.0339134 2.65559 
0.990515 0.608611 0.0391187 2.65463 
1.00238 0.586516 -0.0490172 2.68131 
1.00271 0.584659 -0.0556296 2.68167 
1.00124 0.587454 -0.0590352 2.67861 
1.00101 0.585461 -0.0671142 2.67712 
1.00341 0.578896 -0.0723926 2.68164 
1.0051 0.575401 -0.0832635 2.68612 
0.999265 0.589274 -0.0703194 2.67381 
0.998291 0.587265 -0.0802328 2.67007 
0.995519 0.593476 -0.0843034 2.66494 
0.999514 0.592324 -6.74504e-05 2.67381 
0.999635 0.592132 -9.52024e-05 2.6741 
0.999629 0.592218 -0.000203532 2.67413 
0.999747 0.592118 -0.000189107 2.67446 
0.999821 0.591903 -0.00013092 2.67458 
0.99988 0.591895 -0.000126753 2.67477 
0.999748 0.592357 -0.000272114 2.6746 
0.999833 0.59226 -0.000246623 2.67483 
0.999831 0.592149 -0.000304563 2.67476 
0.999976 0.591649 3.2413e-06 2.67494 
0.999961 0.591676 2.90156e-05 2.67491 
0.999967 0.591667 4.62667e-05 2.67492 
0.999941 0.591706 9.33667e-05 2.67486 
0.999896 0.591791 9.91481e-05 2.67476 
0.999834 0.591904 0.000204678 2.67462 
0.999956 0.591694 0.000120468 2.67491 
0.999916 0.591763 0.000227134 2.67481 
0.999941 0.591709 0.000271352 2.67486 
1.00725 0.578428 0.00175013 2.6915 
1.00634 0.580167 0.00212934 2.68946 
1.00602 0.580662 0.00361653 2.68867 
1.00527 0.582099 0.00371402 2.68701 
1.00478 0.582956 0.00250327 2.68586 
1.00423 0.584038 0.00267848 2.68466 
1.00494 0.58263 0.00487734 2.68622 
1.00432 0.583859 0.0047246 2.68485 
1.00395 0.584614 0.00558421 2.68406 
1.00307 0.583864 -0.000718624 2.68195 
1.00343 0.583199 -0.00108105 2.68262 
1.00359 0.583556 -0.00212349 2.68256 
1.00394 0.583099 -0.00294259 2.68323 
1.00454 0.581823 -0.00283185 2.68471 
1.00491 0.581253 -0.00395947 2.68542 
1.00374 0.5841 -0.00397913 2.68314 
1.00387 0.584007 -0.00502385 2.68352 
1.00351 0.585446 -0.00593986 2.68326 
0.95878 0.632651 -0.158408 2.58028 
0.950147 0.646808 -0.151292 2.56083 
0.950518 0.650021 -0.139545 2.56164 
0.943357 0.662808 -0.129978 2.54614 
0.931459 0.674959 -0.12914 2.51751 
0.925718 0.685819 -0.115391 2.50541 
0.945204 0.661272 -0.118901 2.54931 
0.939969 0.670587 -0.107832 2.53791 
0.942947 0.668065 -0.0987506 2.54452 
0.9854 0.613637 0.0478662 2.64128 
0.981544 0.619705 0.0493094 2.6325 
0.98103 0.620558 0.0524775 2.63155 
0.976103 0.628955 0.053558 2.62087 
0.970876 0.635983 0.0481201 2.60823 
0.965988 0.643398 0.0428497 2.59701 
0.975054 0.629096 0.0572922 2.61778 
0.96919 0.638277 0.055416 2.60457 
0.967942 0.642763 0.0597077 2.60387 
0.850939 0.750158 0.0241112 2.3261 
0.86467 0.747272 0.0298246 2.36382 
0.88012 0.735208 0.0275238 2.39856 
0.887766 0.728334 0.037332 2.41585 
0.884398 0.731395 0.047163 2.40898 
0.892752 0.723052 0.055928 2.42753 
0.898493 0.718996 0.0349981 2.44054 
0.905845 0.712309 0.0418317 2.45788 
0.91452 0.70434 0.0384768 2.4781 
1.00025 0.589075 -0.000131563 2.67537 
1.00034 0.589035 -0.000195936 2.67551 
1.00052 0.589465 -0.000376127 2.67571 
1.00061 0.589615 -0.000506005 2.67592 
1.00067 0.589181 -0.000468918 2.67603 
1.00077 0.589324 -0.000651759 2.67628 
1.00056 0.590338 -0.000695415 2.67624 
1.00058 0.590462 -0.000860049 2.67637 
1.0005 0.59063 -0.00102096 2.67625 
1.00122 0.589438 0.000245624 2.67777 
1.0011 0.589673 0.000309171 2.67751 
1.00106 0.589746 0.000584408 2.67742 
1.00094 0.589956 0.000644698 2.67714 
1.00086 0.59008 0.000447211 2.67697 
1.00078 0.590247 0.000499863 2.67678 
1.00088 0.590059 0.00086789 2.67702 
1.00077 0.590249 0.000869253 2.67677 
1.00071 0.590379 0.00103746 2.67662 
0.890572 0.713913 0.119398 2.42005 
0.907646 0.702287 0.127192 2.46394 
0.914351 0.697311 0.118783 2.47932 
0.9263 0.682679 0.124483 2.5061 
0.934257 0.6721 0.136599 2.52488 
0.945329 0.657777 0.137842 2.54991 
0.931588 0.679056 0.116299 2.51877 
0.941227 0.666123 0.120037 2.54028 
0.945527 0.661699 0.111407 2.54959 
0.987555 0.612667 -0.000386125 2.6466 
0.988251 0.611639 -0.00110133 2.64825 
0.988351 0.611343 -0.00212173 2.6484 
0.989657 0.609299 -0.00343736 2.65144 
0.990921 0.607242 -0.00295297 2.65435 
0.992431 0.604646 -0.00377893 2.65775 
0.989827 0.609464 -0.00487316 2.6521 
0.991606 0.606436 -0.00634432 2.65612 
0.991894 0.604937 -0.00789989 2.65618 
1.00037 0.590615 0.0202607 2.67584 
1.00025 0.590411 0.0242553 2.67541 
1.00147 0.58863 0.0254734 2.67846 
1.00136 0.587848 0.0303028 2.67778 
1.00006 0.590411 0.034036 2.67506 
0.999126 0.592046 0.0425253 2.67329 
1.00313 0.585401 0.0318519 2.68227 
1.00283 0.585323 0.0403466 2.68157 
1.00489 0.580784 0.0427246 2.6859 
0.99863 0.59401 -0.00307179 2.67189 
0.998838 0.593629 -0.00243393 2.67235 
0.999049 0.593202 -0.00245175 2.6728 
0.999209 0.592961 -0.00191269 2.67318 
0.99916 0.593471 -0.00143267 2.67331 
0.999324 0.593282 -0.00104255 2.67374 
0.999384 0.59261 -0.00189317 2.67356 
0.999474 0.59247 -0.00143294 2.67378 
0.999614 0.592222 -0.00137617 2.6741 
0.996072 0.598483 -0.000465909 2.66606 
0.9967 0.597195 -0.000813113 2.66737 
0.996594 0.597427 -0.00177628 2.66716 
0.997367 0.59625 -0.0018181 2.66901 
0.998044 0.595018 -0.00127731 2.67053 
0.998474 0.594408 -0.00124337 2.67159 
0.997346 0.596704 -0.00274629 2.66921 
0.998024 0.595558 -0.00253057 2.67078 
0.998035 0.594838 -0.00330171 2.6704 
0.961691 0.651084 0.00294221 2.58744 
0.9632 0.649426 -0.00651567 2.59125 
0.960999 0.651843 -0.0111133 2.58576 
0.964573 0.647155 -0.0205691 2.59433 
0.970662 0.638771 -0.0222818 2.60847 
0.974184 0.632992 -0.02507 2.61618 
0.963196 0.647534 -0.0275654 2.59027 
0.969169 0.640302 -0.0316302 2.60489 
0.968838 0.63696 -0.0392596 2.60187 
0.999235 0.593009 0.000192092 2.67329 
0.998923 0.593467 0.000438532 2.67252 
0.998919 0.593532 0.000828909 2.67255 
0.998518 0.594207 0.00144372 2.67162 
0.998038 0.595024 0.00137052 2.67051 
0.997427 0.596099 0.00223034 2.66913 
0.998554 0.594169 0.0020142 2.67171 
0.99805 0.594994 0.0030846 2.67054 
0.998203 0.594903 0.00387305 2.67099 
0.960374 0.652782 0.00767795 2.58434 
0.957125 0.65678 -0.00118415 2.57662 
0.954291 0.660562 -0.000689779 2.57019 
0.95221 0.663578 -0.0113103 2.56568 
0.953689 0.661047 -0.0211585 2.56876 
0.954254 0.657895 -0.0347501 2.56894 
0.948549 0.666943 -0.0111871 2.55637 
0.94756 0.668249 -0.0263026 2.55461 
0.944437 0.677075 -0.0289038 2.5511 
1.00033 0.591127 -0.00487705 2.67585 
1.00003 0.591305 -0.00560108 2.67497 
0.999707 0.591703 -0.00514143 2.67412 
0.999359 0.592159 -0.00575342 2.67324 
0.999398 0.592209 -0.00694116 2.67341 
0.998937 0.592892 -0.00767925 2.67229 
0.999091 0.5927 -0.00510812 2.67267 
0.998699 0.593467 -0.00556922 2.67182 
0.998479 0.594516 -0.00483919 2.6717 
0.999381 0.592676 0.000306976 2.67358 
0.999318 0.592795 0.000653217 2.67344 
0.999454 0.592593 0.000776428 2.67377 
0.99942 0.592615 0.00114417 2.67367 
0.999291 0.592887 0.00158577 2.6734 
0.999306 0.592857 0.002156 2.67343 
0.999572 0.592379 0.00122153 2.67404 
0.999605 0.59232 0.00160676 2.67411 
0.999743 0.59204 0.00161739 2.6744 
0.999591 0.592087 0.0141239 2.67403 
0.999842 0.591955 0.010869 2.67474 
0.999081 0.592772 0.00985834 2.67269 
0.999206 0.593082 0.00853054 2.67327 
0.999594 0.59218 0.00783426 2.67402 
0.999577 0.592352 0.00628832 2.67405 
0.998645 0.593742 0.00768841 2.67179 
0.998827 0.593674 0.00622145 2.67234 
0.998392 0.594165 0.00547249 2.67119 
1.02349 0.544944 0.0734028 2.73043 
1.02114 0.545132 0.064568 2.72195 
1.01692 0.555212 0.0640446 2.71304 
1.01627 0.558258 0.0546286 2.71191 
1.01817 0.554063 0.0479626 2.71575 
1.01698 0.558152 0.0408382 2.71361 
1.01284 0.56486 0.0537024 2.70399 
1.01228 0.567011 0.0465571 2.70296 
1.00969 0.572087 0.0456306 2.69709 
0.980723 0.608782 0.149967 2.6334 
0.986943 0.595935 0.1402 2.64445 
0.985119 0.603156 0.129889 2.64141 
0.990376 0.595311 0.119625 2.65258 
0.998525 0.581393 0.119495 2.67135 
1.00217 0.576641 0.108106 2.67936 
0.988503 0.601489 0.111127 2.64916 
0.99267 0.59509 0.102783 2.6581 
0.991119 0.599342 0.0956645 2.65483 
1.01774 0.546306 -0.102475 2.71592 
1.01157 0.554762 -0.108416 2.70003 
1.00771 0.566051 -0.103161 2.69188 
1.00237 0.577703 -0.108546 2.68098 
0.998158 0.5813 -0.118534 2.67041 
0.991009 0.595098 -0.121219 2.65496 
0.998539 0.584403 -0.102123 2.67119 
0.993636 0.593886 -0.104822 2.66085 
0.99078 0.598152 -0.0976976 2.65313 
0.985458 0.615767 0.0181567 2.64181 
0.984145 0.617523 0.0214058 2.63868 
0.985085 0.616144 0.0241241 2.64096 
0.983371 0.617899 0.0284161 2.63654 
0.980753 0.623411 0.0285658 2.63146 
0.977058 0.62932 0.0351143 2.62344 
0.984917 0.616189 0.0318517 2.64065 
0.982823 0.619813 0.0385134 2.63633 
0.984957 0.615361 0.0431268 2.6407 
1.00083 0.589455 0.0185643 2.67668 
1.00197 0.587828 0.0201888 2.67952 
1.0026 0.586309 0.0195721 2.68072 
1.00407 0.583829 0.0207646 2.68422 
1.00478 0.582364 0.0238764 2.68581 
1.00662 0.578962 0.0253506 2.69002 
1.00463 0.582527 0.0193769 2.6853 
1.00654 0.579226 0.0200798 2.68977 
1.00706 0.578176 0.0180085 2.69088 
0.938773 0.674889 -0.0886226 2.53513 
0.930611 0.683145 -0.0881365 2.51559 
0.927745 0.687731 -0.0799342 2.50924 
0.918826 0.697112 -0.0762722 2.48834 
0.912607 0.703297 -0.0809674 2.4743 
0.900704 0.71447 -0.0743176 2.44614 
0.916317 0.701081 -0.0662348 2.48278 
0.907289 0.709904 -0.0596124 2.4615 
0.906109 0.711952 -0.0478671 2.45873 
0.959123 0.653073 0.0150188 2.58059 
0.954397 0.659595 0.0133322 2.56993 
0.951603 0.664141 0.0169002 2.56424 
0.945748 0.671482 0.0155894 2.55076 
0.942776 0.674775 0.00791578 2.54363 
0.93601 0.684954 0.0048724 2.52969 
0.942189 0.675899 0.02078 2.5428 
0.934003 0.686817 0.0206974 2.52497 
0.927762 0.691544 0.0286802 2.50916 
1.00812 0.576819 0.0028293 2.69349 
1.0076 0.577583 0.00455008 2.69218 
1.00835 0.576367 0.00615875 2.69403 
1.0076 0.577486 0.00775727 2.69216 
1.0066 0.579673 0.00766719 2.69009 
1.00593 0.580919 0.00871609 2.68857 
1.00824 0.576535 0.00982056 2.69378 
1.00724 0.578364 0.0111031 2.69148 
1.00755 0.577736 0.0132156 2.69218 
1.01686 0.555116 -0.0230885 2.71228 
1.01516 0.560838 -0.0258361 2.70889 
1.01322 0.56412 -0.0219702 2.70388 
1.01143 0.568786 -0.0237274 2.7004 
1.01004 0.571162 -0.0288584 2.69718 
1.00797 0.576546 -0.0291546 2.6934 
1.0099 0.57132 -0.0205008 2.69662 
1.00839 0.575913 -0.0217335 2.69425 
1.0072 0.577753 -0.0191745 2.69128 
1.00866 0.573435 -0.00306378 2.69491 
1.00932 0.571765 -0.00468936 2.69592 
1.00917 0.572966 -0.00698514 2.69529 
1.0096 0.571934 -0.00962073 2.69594 
1.01129 0.568921 -0.0107638 2.70015 
1.01157 0.567973 -0.0144213 2.70037 
1.00884 0.573929 -0.0116035 2.6944 
1.00896 0.5736 -0.0146819 2.69465 
1.00803 0.576694 -0.0159688 2.69338 
1.00096 0.587478 -0.000182429 2.67718 
1.00118 0.587283 -0.000289704 2.67751 
1.00136 0.587354 -0.000622133 2.67747 
1.00158 0.587232 -0.000862191 2.67792 
1.00174 0.586744 -0.000856736 2.67838 
1.002 0.586492 -0.00116859 2.67887 
1.00156 0.587701 -0.00123552 2.67798 
1.00173 0.587727 -0.00160499 2.67853 
1.00164 0.588676 -0.00195846 2.67885 
1.0037 0.585243 -0.00700503 2.68377 
1.00436 0.583836 -0.00747692 2.68515 
1.00449 0.583608 -0.00865569 2.68546 
1.00539 0.581943 -0.0094115 2.68751 
1.00597 0.579813 -0.00824123 2.68814 
1.00722 0.577248 -0.00863425 2.69084 
1.00557 0.581582 -0.011001 2.68793 
1.00666 0.579392 -0.0118635 2.69028 
1.00674 0.579246 -0.0140166 2.69049 
1.0001 0.591267 -0.00399373 2.67518 
0.999907 0.59142 -0.00370924 2.67462 
0.999867 0.591355 -0.0030598 2.67444 
0.999731 0.591498 -0.00278222 2.67407 
0.999511 0.591912 -0.00312738 2.67359 
0.999378 0.592729 -0.00281064 2.67362 
0.999719 0.591479 -0.00227193 2.67402 
0.999623 0.592223 -0.00210604 2.67413 
0.999638 0.592218 -0.00170627 2.67418 
1.00286 0.586493 0.000371338 2.6815 
1.00255 0.587074 0.000548769 2.68083 
1.0025 0.587129 0.00102366 2.68067 
1.00223 0.587638 0.00114289 2.68008 
1.00202 0.588005 0.000788419 2.67958 
1.0018 0.588402 0.000891175 2.67909 
1.00215 0.58774 0.00153756 2.67987 
1.00193 0.58819 0.00155831 2.67939 
1.00183 0.58841 0.00190767 2.67922 
0.959625 0.650359 0.0603015 2.58222 
0.955838 0.656365 0.0542225 2.57381 
0.951387 0.662233 0.0589006 2.56388 
0.94739 0.66759 0.0493736 2.55444 
0.951283 0.663792 0.0397532 2.56366 
0.948887 0.666357 0.0309161 2.55752 
0.94078 0.675528 0.0521003 2.53921 
0.937616 0.679598 0.0393703 2.53167 
0.929836 0.688878 0.0391659 2.51399 
0.997857 0.595057 -0.0167518 2.67011 
0.996374 0.597643 -0.0178419 2.66675 
0.99576 0.598189 -0.0156227 2.665 
0.994425 0.600764 -0.0158026 2.66214 
0.992632 0.603446 -0.0175044 2.65786 
0.991057 0.606391 -0.016509 2.65444 
0.9941 0.60097 -0.0137082 2.66115 
0.992874 0.603598 -0.0132309 2.65868 
0.992683 0.60424 -0.0114601 2.65841 
0.998772 0.593911 0.00455105 2.6723 
0.999119 0.593114 0.00429963 2.67297 
0.999321 0.592818 0.00347356 2.67346 
0.999544 0.592371 0.00314992 2.67394 
0.999711 0.592095 0.0034274 2.67433 
0.999908 0.591726 0.00306086 2.67477 
0.999661 0.59223 0.0025676 2.67425 
0.999808 0.591911 0.00230306 2.67454 
0.999872 0.591851 0.0018603 2.67472 
0.919378 0.699273 0.0454348 2.48953 
0.917782 0.699302 0.0573677 2.48531 
0.923363 0.69279 0.0678876 2.49838 
0.924145 0.690618 0.0793529 2.5001 
0.917035 0.698015 0.085049 2.4842 
0.918134 0.695518 0.0978248 2.48703 
0.930898 0.681927 0.0862531 2.51537 
0.933287 0.67804 0.0976862 2.52112 
0.940275 0.668355 0.102136 2.53667 
1.01847 0.557484 0.0142852 2.71755 
1.01579 0.561454 0.0129753 2.71071 
1.01412 0.564403 0.0157087 2.70675 
1.01256 0.568262 0.0137008 2.70364 
1.01169 0.569526 0.0099017 2.70138 
1.01035 0.572602 0.00895801 2.69861 
1.01109 0.570548 0.0155746 2.7 
1.00999 0.573214 0.0135861 2.6978 
1.00879 0.575186 0.0149323 2.6949 
0.870651 0.73321 -0.0828443 2.37327 
0.872792 0.736637 -0.0736026 2.38155 
0.882364 0.730876 -0.0690758 2.40421 
0.882767 0.731478 -0.0561282 2.40472 
0.875606 0.737679 -0.048183 2.38839 
0.877009 0.736985 -0.0358697 2.39114 
0.891781 0.724804 -0.0523085 2.42586 
0.892088 0.724668 -0.041125 2.42602 
0.899749 0.718239 -0.0381912 2.44393 
1.00044 0.590609 -0.00147087 2.67599 
1.00035 0.59086 -0.00169231 2.67581 
1.00019 0.591206 -0.00161969 2.67546 
1.00011 0.591313 -0.00181119 2.67524 
1.00014 0.591266 -0.00210225 2.67531 
1.00003 0.591305 -0.0023433 2.67494 
1 0.591191 -0.00158463 2.67478 
0.999872 0.591239 -0.00175617 2.67439 
0.999799 0.591757 -0.0016116 2.67445 
1.0005 0.590634 0.0037051 2.67611 
1.00047 0.59077 0.00305256 2.67606 
1.00023 0.59117 0.00286643 2.67552 
1.00023 0.591237 0.00240927 2.67554 
1.00035 0.590978 0.00220841 2.67578 
1.00031 0.591061 0.00182532 2.67571 
1.00006 0.591475 0.00220725 2.67513 
1.00008 0.591482 0.00184235 2.67519 
0.999959 0.591649 0.00166034 2.67489 
0.967557 0.623214 0.15343 2.60038 
0.969818 0.624465 0.141367 2.60655 
0.962462 0.634319 0.139415 2.58894 
0.96453 0.635143 0.128743 2.59456 
0.971283 0.625708 0.119364 2.60898 
0.972306 0.625216 0.110913 2.61096 
0.957124 0.644452 0.125501 2.57656 
0.960057 0.642325 0.115609 2.5832 
0.953646 0.65073 0.111705 2.56791 
1.00055 0.590532 -0.00118445 2.67638 
1.0007 0.590482 -0.00124108 2.67683 
1.00074 0.590316 -0.00141773 2.67688 
1.00094 0.590074 -0.00142682 2.67737 
1.001 0.589465 -0.0012139 2.67716 
1.00123 0.588687 -0.00113328 2.67745 
1.001 0.589888 -0.00164845 2.67748 
1.00126 0.58943 -0.00164215 2.67806 
1.00135 0.58923 -0.00195246 2.67824 
1.00135 0.589218 0.00029547 2.67809 
1.00132 0.589256 0.000586453 2.678 
1.00145 0.589022 0.000727086 2.67831 
1.00139 0.589113 0.00103608 2.67816 
1.0012 0.589488 0.00118847 2.67773 
1.00112 0.589667 0.00140847 2.67758 
1.00153 0.588871 0.00128315 2.67849 
1.00142 0.589134 0.00156168 2.67825 
1.00154 0.588869 0.00185245 2.6785 
0.999988 0.591599 -1.07024e-05 2.67495 
0.99998 0.591803 -8.61244e-05 2.67504 
0.999953 0.591847 -8.26649e-05 2.67498 
0.99996 0.592021 -0.000185016 2.67511 
0.999952 0.5919 -0.000239723 2.67502 
0.999964 0.591714 -0.000267139 2.67495 
0.999923 0.592047 -0.000194363 2.675 
0.99993 0.591942 -0.000260757 2.67497 
0.999899 0.59198 -0.000305507 2.67489 
1.00009 0.591443 3.74559e-05 2.67521 
1.00007 0.591484 5.26854e-05 2.67515 
1.00007 0.591488 9.98267e-05 2.67515 
1.00004 0.591534 0.000113218 2.67508 
1.00002 0.59158 8.35887e-05 2.67504 
0.999992 0.591622 8.09946e-05 2.67498 
1.00003 0.59155 0.000175391 2.67507 
0.999991 0.591619 0.000163095 2.67498 
0.999972 0.591643 0.000226934 2.67493 
1.00352 0.585466 0.00520029 2.68314 
1.00326 0.58573 0.00416522 2.68242 
1.00288 0.586586 0.00404201 2.68164 
1.00266 0.586896 0.00316841 2.68109 
1.00287 0.586495 0.00264311 2.68155 
1.00264 0.586848 0.0020129 2.68098 
1.00237 0.587507 0.00304075 2.68048 
1.0022 0.587734 0.0024524 2.68003 
1.00198 0.58821 0.00238155 2.67958 
1.00266 0.584581 -0.00076586 2.68088 
1.00284 0.584834 -0.00150133 2.68088 
1.00251 0.585559 -0.00153559 2.68002 
1.00246 0.586216 -0.00215402 2.68011 
1.00261 0.586231 -0.00279448 2.6806 
1.00241 0.58738 -0.00342185 2.68069 
1.00212 0.586994 -0.00208697 2.67942 
1.002 0.588028 -0.00258694 2.67968 
1.0017 0.588648 -0.00242621 2.67908 
1.00002 0.591283 -0.000733624 2.67492 
1.00004 0.591271 -0.000828753 2.67496 
0.999981 0.591334 -0.000904955 2.6748 
1 0.591323 -0.00103861 2.67486 
1.00005 0.59121 -0.00109374 2.67497 
1.00006 0.591211 -0.00123966 2.675 
0.999914 0.591438 -0.001134 2.67464 
0.999921 0.591445 -0.00131549 2.67467 
0.99981 0.591747 -0.00137243 2.67448 
1.00052 0.590687 0.00119341 2.67618 
1.0004 0.590895 0.0012094 2.6759 
1.00035 0.591001 0.00136487 2.67579 
1.00024 0.591172 0.00130968 2.67554 
1.00022 0.59122 0.00110463 2.6755 
1.00014 0.591355 0.00104178 2.67532 
1.00017 0.59131 0.00142981 2.67538 
1.00007 0.591486 0.00133172 2.67517 
0.999982 0.59164 0.0013941 2.67496 
0.999886 0.589678 -5.62086e-05 2.67455 
0.999918 0.589651 -8.11074e-05 2.67457 
1.00009 0.589973 -0.000114487 2.67473 
1.00012 0.590075 -0.000164729 2.67478 
1.00012 0.58981 -0.000120065 2.67479 
1.0002 0.589956 -0.000164932 2.67494 
1.00018 0.590694 -0.000184621 2.67516 
1.00017 0.590827 -0.000226135 2.6752 
1.00015 0.591202 -0.000261585 2.6754 
1.00057 0.59063 2.61335e-05 2.67631 
1.0005 0.590717 8.04072e-05 2.67615 
1.00047 0.590779 0.00014171 2.67607 
1.00043 0.590867 0.000151481 2.67598 
1.0004 0.590894 0.000111869 2.67592 
1.00037 0.590962 0.000120624 2.67585 
1.0004 0.590908 0.000190398 2.6759 
1.00036 0.59098 0.000186817 2.67583 
1.00033 0.59104 0.000206517 2.67577 
1.00018 0.58923 -0.000121402 2.67516 
1.00034 0.589589 -0.000228298 2.67531 
1.00028 0.589848 -0.000217195 2.67514 
1.00031 0.59049 -0.00033393 2.67547 
1.00034 0.590752 -0.000438695 2.67572 
1.00028 0.591031 -0.000516176 2.67574 
1.00024 0.590738 -0.000287117 2.67537 
1.0002 0.591114 -0.000366393 2.67551 
1.00015 0.591245 -0.000317449 2.67541 
1.0006 0.590533 0.000957355 2.67637 
1.00057 0.590607 0.000737214 2.67631 
1.0005 0.590741 0.000632725 2.67616 
1.00047 0.590786 0.000484447 2.67607 
1.00052 0.590713 0.000412033 2.67618 
1.00048 0.590768 0.000292592 2.67609 
1.00042 0.590895 0.000432128 2.67596 
1.00039 0.590933 0.00032109 2.6759 
1.00035 0.59101 0.000279265 2.67581 
0.968947 0.620621 -0.149465 2.6036 
0.968323 0.626032 -0.137071 2.60241 
0.977055 0.617303 -0.128916 2.62379 
0.976191 0.618991 -0.118554 2.62061 
0.970233 0.628748 -0.116723 2.60731 
0.970266 0.629703 -0.106793 2.60682 
0.982568 0.611223 -0.110192 2.63557 
0.981532 0.613306 -0.101719 2.63253 
0.986333 0.608507 -0.0961801 2.64475 
0.999984 0.59129 -0.00029107 2.67479 
0.999983 0.591316 -0.000297868 2.6748 
0.99997 0.591348 -0.000308293 2.67477 
0.999961 0.591422 -0.000339427 2.67478 
0.999964 0.591381 -0.000394216 2.67477 
0.999942 0.59144 -0.000453184 2.67473 
0.999939 0.591567 -0.000343827 2.67479 
0.999917 0.59168 -0.000399094 2.67478 
0.999888 0.591896 -0.000394104 2.67481 
1.00013 0.591389 0.000479884 2.67531 
1.00011 0.591423 0.000407318 2.67526 
1.00007 0.591486 0.000431869 2.67518 
1.00007 0.591504 0.000358708 2.67516 
1.00008 0.59147 0.000274623 2.67518 
1.00007 0.591489 0.000218863 2.67517 
1.00003 0.591563 0.000370051 2.67507 
1.00003 0.591563 0.000297037 2.67507 
1 0.591615 0.000309212 2.675 
0.862086 0.749146 0.00306088 2.35753 
0.874562 0.740479 0.00228193 2.38622 
0.876149 0.739358 -0.0105794 2.3899 
0.887148 0.730154 -0.00998035 2.41484 
0.893769 0.723937 0.00360452 2.42948 
0.90263 0.716407 0.00326174 2.45035 
0.890638 0.727449 -0.0212568 2.42324 
0.899281 0.71899 -0.0190058 2.44248 
0.903806 0.71565 -0.0272873 2.45375 
1.01757 0.549259 0.0866031 2.71377 
1.01384 0.558503 0.0831538 2.7059 
1.00994 0.564707 0.091134 2.69688 
1.00648 0.57304 0.0861548 2.68958 
1.00761 0.572982 0.074045 2.69228 
1.00474 0.578547 0.0701302 2.68563 
1.00162 0.580493 0.0916435 2.67808 
0.999397 0.586319 0.0854157 2.67355 
0.994154 0.594967 0.0879548 2.66149 
1.0039 0.584582 0.00771688 2.6839 
1.00401 0.584307 0.00936109 2.68412 
1.00464 0.58309 0.00944585 2.6855 
1.00482 0.582794 0.0116757 2.68596 
1.00401 0.584154 0.0132806 2.68405 
1.00393 0.584378 0.0157024 2.68399 
1.00563 0.581237 0.0118743 2.68779 
1.00578 0.580977 0.0147907 2.68815 
1.00686 0.5792 0.0152836 2.69076 
1.00968 0.573392 0.0400715 2.69756 
1.0106 0.570475 0.0357614 2.69883 
1.00997 0.573011 0.0316991 2.69801 
1.01039 0.57162 0.0271913 2.69849 
1.0125 0.567896 0.0264292 2.70348 
1.01264 0.567272 0.0220847 2.70348 
1.00971 0.57392 0.0238828 2.69745 
1.00977 0.573057 0.0205098 2.69707 
1.00899 0.5754 0.0182093 2.69576 
0.954008 0.653845 -0.0883552 2.56875 
0.960119 0.645796 -0.0851481 2.58259 
0.965398 0.637428 -0.0927904 2.59471 
0.970338 0.630661 -0.0880847 2.60587 
0.96905 0.635822 -0.0781735 2.60425 
0.97352 0.630981 -0.0755482 2.6154 
0.975947 0.621908 -0.0922602 2.61882 
0.979395 0.617283 -0.0876802 2.62677 
0.984802 0.610229 -0.0895724 2.64017 
1.00012 0.591399 0.000613897 2.67526 
1.00008 0.591474 0.000639554 2.6752 
1.00008 0.591475 0.000798369 2.67519 
1.00003 0.591569 0.000820456 2.67509 
1.00001 0.591599 0.000691665 2.67504 
0.999961 0.591669 0.000705008 2.67491 
1.00002 0.591593 0.00100313 2.67505 
0.999961 0.591672 0.00103686 2.67491 
0.999938 0.591722 0.00125178 2.67486 
0.999865 0.591995 -0.000442101 2.67479 
0.999865 0.591861 -0.000521022 2.67471 
0.99983 0.591934 -0.000603327 2.67464 
0.999838 0.591809 -0.000721548 2.6746 
0.999876 0.59161 -0.000720034 2.67461 
0.999898 0.591487 -0.000832189 2.67461 
0.999806 0.591884 -0.000834104 2.67454 
0.999811 0.591759 -0.000977347 2.67448 
0.999752 0.591866 -0.00112137 2.67435 
1.00014 0.591219 -0.0154539 2.67544 
1.00111 0.58896 -0.0149845 2.67734 
1.00156 0.587847 -0.0161386 2.67823 
1.00263 0.586181 -0.0152352 2.68083 
1.00316 0.585689 -0.0132053 2.68229 
1.00381 0.584435 -0.0117975 2.68372 
1.00332 0.585207 -0.0165849 2.68261 
1.00441 0.58319 -0.0149693 2.68505 
1.0053 0.581416 -0.0158875 2.68699 
0.985189 0.610941 0.0913777 2.64199 
0.979869 0.618628 0.0921797 2.62944 
0.977069 0.622877 0.0969479 2.62347 
0.970718 0.631665 0.0964421 2.60843 
0.968869 0.635012 0.0907869 2.60409 
0.96317 0.643555 0.0872375 2.59102 
0.967189 0.63662 0.100474 2.60065 
0.960129 0.64605 0.0975562 2.58387 
0.955269 0.653146 0.101195 2.57351 
1.00263 0.586868 -0.00611283 2.68118 
1.00209 0.587541 -0.00540206 2.67975 
1.00222 0.587652 -0.00461054 2.68024 
1.0018 0.588178 -0.00413048 2.67916 
1.00152 0.588614 -0.00427954 2.67845 
1.00123 0.589022 -0.00392245 2.67771 
1.00185 0.588331 -0.00351282 2.67941 
1.00151 0.588797 -0.00326132 2.67856 
1.00152 0.588945 -0.00277736 2.67867 
1.0027 0.585889 -0.0363748 2.68148 
1.00287 0.585493 -0.0317494 2.68165 
1.00434 0.58261 -0.030773 2.68483 
1.00428 0.582926 -0.0262729 2.68469 
1.0026 0.586239 -0.0234653 2.68093 
1.00257 0.58658 -0.0203379 2.68097 
1.00567 0.580802 -0.0245281 2.68804 
1.00496 0.581879 -0.0209441 2.68622 
1.00614 0.580484 -0.0189949 2.68933 
1.00082 0.590086 0.00440241 2.67684 
1.00119 0.589522 0.00446925 2.67773 
1.00122 0.589332 0.00402788 2.67772 
1.00154 0.588868 0.00392326 2.67852 
1.00179 0.588322 0.00433108 2.67903 
1.00218 0.587652 0.00404465 2.67993 
1.00153 0.588827 0.00338864 2.67846 
1.00183 0.588297 0.00317836 2.67914 
1.00178 0.588393 0.00264962 2.67902 
0.998047 0.595268 -0.00522967 2.67071 
0.99775 0.595659 -0.00635208 2.66997 
0.997142 0.596848 -0.00670605 2.66867 
0.996599 0.597633 -0.00816369 2.66735 
0.996905 0.596506 -0.00957539 2.66771 
0.996338 0.597318 -0.0114793 2.66634 
0.995813 0.599175 -0.00841744 2.66567 
0.995048 0.600282 -0.0100845 2.66382 
0.994018 0.602189 -0.010124 2.66156 
0.961305 0.645963 0.0701741 2.58519 
0.956114 0.653763 0.0723003 2.57402 
0.956586 0.654604 0.0775152 2.57655 
0.951482 0.660388 0.0800246 2.56439 
0.944998 0.669043 0.0744747 2.54943 
0.938409 0.677458 0.0759916 2.53471 
0.952063 0.65824 0.0864695 2.56532 
0.945796 0.666496 0.0899465 2.55147 
0.947056 0.664267 0.0970289 2.55464 
1.00053 0.590771 -0.0037286 2.67636 
1.00067 0.590177 -0.00329835 2.67648 
1.00081 0.589577 -0.00336879 2.67662 
1.00091 0.589523 -0.00285998 2.67695 
1.00079 0.589706 -0.002435 2.67665 
1.00082 0.58992 -0.00200827 2.67691 
1.00107 0.589388 -0.00293662 2.6774 
1.00111 0.589551 -0.00239446 2.67766 
1.00127 0.589323 -0.00234498 2.67805 
1.00071 0.590349 0.0014406 2.67662 
1.00078 0.590194 0.0017226 2.67677 
1.00091 0.589975 0.00171206 2.67705 
1.00102 0.589749 0.00202232 2.67729 
1.00102 0.589799 0.00241601 2.67732 
1.00113 0.589569 0.00302045 2.67755 
1.00117 0.589507 0.00199397 2.67766 
1.00132 0.589217 0.00248534 2.67798 
1.00151 0.588829 0.00242004 2.6784 
0.999923 0.591731 0.000355512 2.67482 
0.999884 0.591816 0.00044014 2.67474 
0.999891 0.591797 0.000561056 2.67475 
0.999843 0.591898 0.000691804 2.67465 
0.999746 0.59205 0.000628182 2.67442 
0.999671 0.592216 0.000705938 2.67427 
0.999856 0.591859 0.000856264 2.67467 
0.999792 0.591996 0.00100061 2.67454 
0.999825 0.591948 0.00120485 2.67462 
0.999442 0.592526 -0.000210475 2.67369 
0.999478 0.592571 -0.000379758 2.67383 
0.999464 0.592771 -0.000569745 2.6739 
0.999523 0.592805 -0.000676521 2.67412 
0.999651 0.592655 -0.000598982 2.67446 
0.9997 0.592295 -0.000695457 2.67442 
0.999544 0.592834 -0.000901254 2.67421 
0.999637 0.592309 -0.000995931 2.67422 
0.99966 0.592075 -0.00117286 2.67416 
1.00038 0.590772 -0.000995955 2.67591 
1.00027 0.59092 -0.000867579 2.67563 
1.00026 0.590991 -0.000710908 2.67566 
1.00019 0.591085 -0.000617514 2.67547 
1.00016 0.591229 -0.00065026 2.67543 
1.00012 0.591308 -0.000560301 2.67531 
1.00019 0.591146 -0.000496045 2.6755 
1.00013 0.591223 -0.000438422 2.67536 
1.00012 0.591258 -0.000356258 2.67535 
1.0002 0.591256 0.000593707 2.67544 
1.00024 0.59118 0.000603758 2.67556 
1.00025 0.591165 0.00050196 2.67557 
1.00029 0.591103 0.000498875 2.67568 
1.00032 0.59103 0.000597717 2.67574 
1.00038 0.590934 0.000577581 2.67587 
1.00029 0.591091 0.000410394 2.67567 
1.00033 0.591019 0.000390875 2.67576 
1.00032 0.591031 0.000309478 2.67572 
0.986487 0.610146 0.0503492 2.64281 
0.98558 0.612474 0.0559851 2.6416 
0.986666 0.61134 0.0594371 2.64468 
0.985015 0.612877 0.0655769 2.64059 
0.981936 0.618182 0.0670554 2.6339 
0.978973 0.622317 0.0755111 2.62748 
0.986343 0.610082 0.0703225 2.64353 
0.984341 0.613007 0.0790895 2.63946 
0.985875 0.609202 0.084862 2.6426 
0.940639 0.677036 -0.0366642 2.53926 
0.944013 0.672611 -0.0443865 2.54712 
0.94135 0.674584 -0.0507066 2.54035 
0.945527 0.668745 -0.0577537 2.54985 
0.952691 0.661239 -0.0573514 2.5674 
0.956649 0.655696 -0.0609531 2.57644 
0.943439 0.670191 -0.0655817 2.54471 
0.948781 0.663198 -0.0702843 2.55709 
0.947276 0.662693 -0.0787596 2.55252 
0.936208 0.678738 -0.0342453 2.52643 
0.93447 0.683282 -0.0397319 2.52442 
0.930125 0.688489 -0.0364532 2.51451 
0.927459 0.691102 -0.0435428 2.50838 
0.928659 0.6879 -0.0542357 2.51033 
0.927165 0.688345 -0.0628801 2.50646 
0.922319 0.69579 -0.0392211 2.49574 
0.919233 0.698673 -0.0476665 2.48866 
0.913804 0.705993 -0.0439323 2.47743 
0.995448 0.599597 -0.00127448 2.66467 
0.995413 0.599642 -0.00249806 2.66458 
0.994947 0.600654 -0.00305641 2.66365 
0.995013 0.600906 -0.00443038 2.66401 
0.995717 0.599542 -0.00463834 2.66552 
0.996025 0.598393 -0.00587256 2.66588 
0.994544 0.60182 -0.00539314 2.66302 
0.994726 0.600785 -0.00692388 2.66302 
0.993903 0.602013 -0.00795108 2.66105 
1.00581 0.579324 0.0484475 2.68838 
1.0031 0.583569 0.0529067 2.68202 
1.00293 0.583626 0.058686 2.6818 
0.999423 0.58924 0.0631344 2.67368 
0.996267 0.594692 0.0605899 2.66631 
0.992448 0.601406 0.0617493 2.65777 
0.998631 0.590258 0.0700203 2.67211 
0.993804 0.597953 0.0723013 2.66084 
0.992142 0.601537 0.0804326 2.65818 
0.919139 0.699639 0.0229036 2.48824 
0.91848 0.700353 0.0122118 2.48656 
0.914432 0.705854 0.0086355 2.47814 
0.914848 0.704941 -0.00435366 2.47877 
0.920482 0.698803 -0.0113279 2.49154 
0.92194 0.696243 -0.0217779 2.49435 
0.910645 0.709632 -0.0096514 2.46942 
0.912917 0.707006 -0.0221124 2.47465 
0.9091 0.709227 -0.0286657 2.46474 
1.00032 0.591035 4.15375e-05 2.67572 
1.00031 0.591064 3.56273e-05 2.67571 
1.00033 0.591039 7.41399e-05 2.67575 
1.00031 0.591063 8.45104e-05 2.67571 
1.00029 0.591098 4.64632e-05 2.67567 
1.00028 0.591113 5.13127e-05 2.67564 
1.00032 0.591041 0.000130317 2.67574 
1.0003 0.591069 0.000135545 2.6757 
1.00031 0.591084 0.000186527 2.67573 
1.00025 0.591154 4.04279e-06 2.67558 
1.00025 0.591162 1.97431e-05 2.67558 
1.00026 0.591148 3.2357e-05 2.67559 
1.00026 0.591154 6.97402e-05 2.67558 
1.00023 0.5912 7.87303e-05 2.67552 
1.00021 0.591239 0.000106727 2.6755 
1.00027 0.591127 9.12123e-05 2.67561 
1.00026 0.591146 0.000141481 2.6756 
1.00028 0.591112 0.00018284 2.67565 
0.999653 0.589788 -1.90339e-05 2.674 
0.999769 0.589945 -7.90202e-06 2.6742 
0.999905 0.590066 -3.17128e-05 2.67423 
1.00001 0.590278 -8.88339e-05 2.67454 
0.999974 0.590072 -9.29181e-05 2.67447 
1.00004 0.590208 -0.000115537 2.6746 
1.00007 0.590752 -0.000125033 2.67484 
1.0001 0.590943 -0.000183344 2.67504 
1.0001 0.591247 -0.000216233 2.67525 
0.999992 0.591386 -0.000259502 2.67489 
0.999991 0.591479 -0.000254073 2.67497 
1 0.591465 -0.000258866 2.675 
1.00001 0.591528 -0.000250397 2.67511 
0.999989 0.591491 -0.000179112 2.67501 
1.00005 0.591252 -0.000170814 2.67507 
1.00002 0.59148 -0.000248472 2.67511 
1.00006 0.591415 -0.000240453 2.67523 
1.00007 0.591348 -0.000269345 2.67521 
