1.00179 0.587333 0.0178996 2.67863 
0.980426 0.622503 -0.0118238 2.62994 
1.01585 0.522523 -0.0843267 2.70575 
0.988721 0.611925 0.000444876 2.65005 
0.999743 0.588278 -8.8939e-05 2.67314 
1.00244 0.587146 0.000522201 2.6805 
0.999971 0.586813 -0.00471082 2.67345 
1.00342 0.585022 0.0153618 2.68266 
0.981952 0.617551 -0.0213229 2.63216 
0.988508 0.61197 -6.3149e-05 2.64938 
0.989877 0.610832 0.000839696 2.65317 
0.997075 0.590198 -0.0184963 2.66591 
0.993027 0.604586 0.0160235 2.65988 
0.994934 0.594744 -0.0476981 2.66462 
0.991564 0.606298 0.0189658 2.65618 
1.00923 0.520884 -0.0888879 2.68273 
0.99995 0.592601 -2.045e-05 2.67557 
1.00194 0.588268 4.72733e-05 2.67947 
1.00571 0.580683 0.000474715 2.68766 
1.00472 0.554627 -0.00272692 2.68106 
0.881258 0.684304 -0.100354 2.37395 
0.968876 0.641269 0.0253743 2.60504 
0.880136 0.716126 0.0951613 2.39197 
0.998772 0.56927 -0.000829783 2.6678 
1.00296 0.586156 0.000120189 2.68165 
0.972451 0.622765 0.159808 2.61928 
0.993391 0.601934 -0.00075512 2.65938 
0.996956 0.595301 0.0450934 2.66829 
0.999264 0.593685 -0.000161358 2.67392 
0.999026 0.594012 -0.000153428 2.67332 
0.980263 0.62169 -0.0151259 2.629 
0.998908 0.594992 0.000592236 2.67339 
0.963759 0.647878 -0.0425205 2.59466 
0.998955 0.587878 -0.0123511 2.67038 
1.00092 0.59012 0.00416334 2.6772 
1.00285 0.586503 0.00554344 2.68151 
1.02414 0.547144 0.0223092 2.73146 
1.02711 0.546849 0.096484 2.74645 
0.963588 0.57331 -0.144457 2.56659 
0.972853 0.633732 0.0254697 2.61275 
1.00937 0.574404 0.0366426 2.69708 
0.885165 0.70093 -0.085565 2.3964 
0.943641 0.672836 -0.00985099 2.547 
1.00633 0.579554 0.00673277 2.68911 
0.999587 0.580135 -0.0405291 2.67206 
1.01459 0.533133 -0.016908 2.70395 
0.999423 0.564026 -0.000472368 2.66813 
1.00467 0.552733 -0.00409626 2.6798 
0.998346 0.592993 -0.00369636 2.67064 
1.00378 0.584612 0.000181407 2.68347 
0.964675 0.647479 0.0232104 2.59568 
0.984052 0.611176 -0.0180933 2.63478 
1.00269 0.586489 0.00458785 2.68098 
0.900376 0.710307 0.102196 2.44909 
1.01106 0.570461 0.00221711 2.69974 
0.852069 0.729856 -0.00575066 2.31685 
0.999961 0.586874 -0.00334124 2.67324 
1.00289 0.58646 0.0015877 2.68161 
0.992929 0.594988 0.0960617 2.65894 
0.998559 0.568839 -0.00113721 2.66679 
1.00304 0.586046 0.00132949 2.68186 
0.999853 0.589451 -0.000376962 2.67382 
1.00229 0.587516 1.31943e-05 2.68021 
1.00547 0.58137 0.000772175 2.68724 
1.00152 0.580954 -0.00574112 2.67835 
0.999745 0.587416 -0.00106107 2.67372 
1.00245 0.587191 0.000714112 2.68056 
0.997499 0.571733 -6.64716e-05 2.66465 
1.00266 0.586805 2.3046e-05 2.68102 
0.999393 0.585692 -0.000960248 2.67307 
1.0029 0.586303 0.000157497 2.68154 
0.944478 0.649369 -0.0921471 2.54054 
0.999763 0.588264 -0.000620194 2.67312 
1.00242 0.587321 0.000103938 2.68052 
0.923307 0.695297 0.035184 2.50074 
1.01172 0.56786 0.04857 2.70182 
1.00383 0.584254 0.0164787 2.68361 
1.02101 0.549137 0.0200136 2.72192 
0.967064 0.643414 -0.0529269 2.60319 
1.00227 0.58759 0.000438509 2.68019 
0.999756 0.58828 -0.000744294 2.67309 
1.00192 0.58369 -0.00803015 2.6802 
0.974889 0.629781 0.0751898 2.61958 
1.00014 0.586875 -0.00429757 2.67416 
0.999085 0.588602 -0.0169544 2.67175 
1.0053 0.581805 0.00562826 2.68693 
0.997668 0.588721 -0.0137531 2.66656 
0.936871 0.68152 0.0502717 2.53319 
0.999762 0.587007 -0.00118964 2.67422 
1.00314 0.586114 0.00420153 2.68222 
1.0018 0.588459 0.000145876 2.67915 
0.999772 0.591751 -0.000551783 2.67457 
0.999767 0.588012 -0.000700506 2.67321 
1.00283 0.58654 0.00114601 2.68141 
0.977307 0.624473 0.0719629 2.6237 
0.964553 0.648572 -0.0454052 2.59802 
0.938431 0.664438 -0.076749 2.52978 
0.997511 0.595229 -0.0045814 2.66915 
0.995463 0.59854 0.0493617 2.66554 
0.935678 0.672649 -0.018813 2.52192 
1.00256 0.587022 1.19236e-05 2.68082 
1.00245 0.587219 5.63838e-05 2.68057 
0.997237 0.573152 -7.54398e-05 2.6643 
0.997885 0.577622 -0.00133556 2.66724 
0.996388 0.597913 0.0198941 2.66703 
0.998684 0.595668 0.0187797 2.67327 
1.00085 0.589828 0.00969852 2.67684 
0.983459 0.620117 0.0091649 2.6381 
0.980924 0.622688 0.00513702 2.63147 
0.973818 0.635648 -0.00114885 2.61702 
1.01855 0.523147 -0.0445502 2.71303 
1.01316 0.522269 -0.0508698 2.69426 
1.00238 0.566221 -0.0566955 2.67596 
0.988087 0.61313 0.00630594 2.64878 
0.987591 0.614194 0.00386604 2.6478 
0.985655 0.615228 -0.00246172 2.64213 
0.999761 0.588107 -0.000450342 2.67317 
0.999762 0.588085 -0.000370317 2.67319 
0.999612 0.587185 -0.000385046 2.67314 
1.00243 0.587202 0.000216119 2.68049 
1.00245 0.587191 0.000292502 2.68054 
1.00253 0.586991 0.000382413 2.68072 
0.999771 0.586751 -0.00921922 2.67277 
1.00028 0.58697 -0.00775513 2.67465 
1.00078 0.585914 -0.00613771 2.67668 
1.00339 0.585326 0.00791832 2.68265 
1.00366 0.58525 0.00917445 2.6835 
1.00514 0.581401 0.0102982 2.68623 
0.976817 0.622882 -0.0355719 2.61981 
0.978803 0.618352 -0.0342052 2.62338 
0.987189 0.605864 -0.0420033 2.64384 
0.986575 0.614473 -0.00509501 2.64469 
0.987337 0.612693 -0.00426409 2.64605 
0.989573 0.609977 -0.00550214 2.65173 
0.994842 0.60322 0.0012826 2.66489 
0.993039 0.605574 0.00218857 2.66037 
0.990229 0.610431 0.00659742 2.65415 
0.98853 0.604614 -0.024014 2.64602 
0.991075 0.599413 -0.0256875 2.65149 
0.996003 0.591399 -0.0292299 2.66415 
0.996506 0.598976 0.00557218 2.66784 
0.996395 0.598765 0.00716394 2.66736 
0.998791 0.594428 0.00959065 2.67272 
0.978731 0.623197 -0.0579655 2.62859 
0.982526 0.6139 -0.0604662 2.63561 
0.987702 0.594605 -0.0672357 2.64254 
0.999264 0.593312 0.0224481 2.67387 
0.997225 0.595733 0.0237096 2.66858 
0.993149 0.605268 0.0309927 2.66114 
0.99994 0.570099 -0.0586005 2.66988 
1.00153 0.565782 -0.0662541 2.67404 
0.994442 0.567741 -0.0896501 2.65404 
0.999691 0.592994 -4.12392e-05 2.67493 
0.999778 0.592843 -7.08839e-05 2.67514 
0.999855 0.592151 -0.000209551 2.67503 
1.00223 0.58764 1.23408e-05 2.6801 
1.0022 0.587736 7.56448e-05 2.68002 
1.00215 0.587744 0.000295229 2.6799 
1.00754 0.57686 0.000954809 2.69156 
1.00712 0.578026 0.00147437 2.69083 
1.00628 0.580005 0.00353331 2.68917 
1.00137 0.560669 -0.00126164 2.67294 
1.00153 0.55988 -0.00189999 2.6729 
1.00264 0.571956 -0.00598817 2.67894 
0.923294 0.629628 -0.141976 2.47152 
0.920365 0.646944 -0.132894 2.47219 
0.92468 0.665717 -0.0991893 2.49124 
0.983974 0.619873 0.0456842 2.64085 
0.979885 0.624709 0.0448094 2.63052 
0.971922 0.640499 0.0485571 2.61545 
0.863375 0.728053 0.0519795 2.34911 
0.879395 0.72709 0.0589747 2.39613 
0.91111 0.700093 0.0566046 2.46827 
0.997934 0.570914 -0.000404969 2.66575 
0.997946 0.571016 -0.000528757 2.66574 
0.999126 0.581528 -0.00132999 2.67151 
1.00325 0.585547 0.000186779 2.68227 
1.00321 0.585732 0.000271631 2.68222 
1.00306 0.586084 0.000719088 2.68193 
0.930127 0.674632 0.14169 2.51805 
0.943579 0.664837 0.145083 2.55384 
0.959931 0.640643 0.127974 2.58548 
0.989365 0.609607 -0.000479172 2.65075 
0.99043 0.608042 -0.00137867 2.6533 
0.992297 0.604078 -0.00483028 2.65713 
1.00256 0.585796 0.0275503 2.68053 
1.00248 0.587342 0.0331518 2.68138 
1.00452 0.580385 0.0451937 2.6847 
0.998731 0.593948 -0.00164434 2.67238 
0.998969 0.593716 -0.0011393 2.67303 
0.999374 0.592541 -0.00108442 2.6737 
0.997172 0.596718 -0.0003598 2.66878 
0.997771 0.595821 -0.000552238 2.67023 
0.998317 0.594806 -0.00162409 2.6715 
0.969126 0.63795 -0.00769517 2.60341 
0.971373 0.635953 -0.0133119 2.60948 
0.973287 0.629318 -0.0265261 2.61193 
1.0011 0.590206 0.000253462 2.67785 
1.0006 0.591017 0.000811478 2.67666 
0.999921 0.59227 0.00332903 2.67514 
0.960702 0.656626 -0.00907138 2.58929 
0.958348 0.65574 -0.0184483 2.58149 
0.952402 0.667583 -0.03342 2.57169 
0.999867 0.586965 -0.00652982 2.67284 
0.999356 0.586977 -0.00734808 2.67109 
0.998317 0.591562 -0.0067373 2.66982 
1.00143 0.589084 0.00115279 2.67828 
1.00139 0.589309 0.00164437 2.67826 
1.00177 0.588544 0.00250613 2.67909 
1.00277 0.58689 0.0106028 2.68152 
1.00254 0.586745 0.00858719 2.68066 
1.00159 0.589024 0.00613215 2.67877 
1.02948 0.540243 0.0512017 2.7472 
1.0254 0.539609 0.0444178 2.73266 
1.01725 0.559221 0.0396538 2.71523 
1.0106 0.577361 0.13653 2.71307 
1.01092 0.567095 0.12342 2.70615 
1.00713 0.575266 0.0998202 2.69502 
0.996102 0.529545 -0.116768 2.6471 
0.988477 0.538503 -0.119982 2.6266 
0.978202 0.587986 -0.110341 2.6147 
0.985937 0.614757 0.0237477 2.64303 
0.983953 0.619436 0.0274511 2.63965 
0.983887 0.618717 0.0422582 2.6396 
1.00502 0.582366 0.0227166 2.68663 
1.00634 0.579194 0.0242296 2.68924 
1.00997 0.573214 0.0228125 2.69795 
0.923161 0.678078 -0.083959 2.49329 
0.912112 0.685025 -0.0806436 2.46404 
0.900649 0.704634 -0.051849 2.44126 
0.957429 0.657486 0.0128601 2.57931 
0.952348 0.664779 0.0110673 2.56834 
0.935822 0.67863 0.0172858 2.52653 
1.00872 0.574924 0.00489356 2.69447 
1.00833 0.576024 0.00586827 2.69378 
1.0084 0.575323 0.0104911 2.69363 
1.00822 0.54393 -0.0324471 2.68503 
1.00722 0.558245 -0.0339336 2.68749 
1.00418 0.570824 -0.0260497 2.6824 
1.00859 0.545218 -0.00569315 2.68966 
1.00831 0.542807 -0.00824512 2.68733 
1.00766 0.556992 -0.0162738 2.68864 
0.998445 0.566294 -0.000337659 2.6659 
0.998579 0.566096 -0.000523659 2.66617 
0.999745 0.57458 -0.00191387 2.67142 
1.0028 0.572091 -0.00754059 2.67929 
1.00377 0.56893 -0.00740337 2.68127 
1.00529 0.563893 -0.0123267 2.68386 
0.999325 0.588169 -0.00397308 2.67136 
0.999249 0.589804 -0.00375772 2.67192 
0.99932 0.590912 -0.00212997 2.67269 
1.00454 0.58308 0.000259768 2.68514 
1.00438 0.583528 0.000468492 2.68486 
1.00412 0.584185 0.00129287 2.68438 
0.964386 0.648453 0.0480071 2.59643 
0.96152 0.652487 0.0408128 2.58967 
0.950187 0.666913 0.0346604 2.56346 
0.992928 0.596055 -0.0202389 2.65518 
0.991259 0.600001 -0.0190898 2.65186 
0.990006 0.604882 -0.013567 2.65027 
1.0017 0.588671 0.00500044 2.67895 
1.00202 0.588156 0.00474911 2.6797 
1.00227 0.587444 0.00271004 2.68011 
0.920731 0.695166 0.0628116 2.49449 
0.918338 0.690795 0.0751993 2.48479 
0.939216 0.670476 0.107009 2.53805 
1.01656 0.559958 0.00747315 2.71249 
1.01468 0.562548 0.00752459 2.70759 
1.01164 0.569857 0.0107042 2.70143 
0.860861 0.716449 -0.0534338 2.33368 
0.869337 0.722462 -0.0440925 2.36299 
0.889784 0.713752 -0.0261697 2.41433 
0.999973 0.587221 -0.00172043 2.67401 
0.999923 0.587084 -0.00202307 2.67344 
0.999687 0.588258 -0.0021491 2.67264 
1.00293 0.586406 0.0030401 2.68171 
1.00283 0.586483 0.00246043 2.68141 
1.00248 0.587164 0.00191509 2.68063 
0.984965 0.60348 0.130361 2.64274 
0.985632 0.6059 0.122716 2.64519 
0.976342 0.62175 0.109179 2.62306 
0.99923 0.582111 -0.00144833 2.67198 
0.999335 0.580244 -0.00123502 2.67191 
0.999514 0.577919 -0.00247494 2.67171 
1.00348 0.585248 0.000791052 2.68285 
1.00344 0.585368 0.000994572 2.6828 
1.00354 0.585102 0.00177245 2.68298 
0.999919 0.591627 -0.000249805 2.67497 
0.99992 0.591214 -0.000237709 2.67477 
0.999861 0.590753 -0.000507595 2.67435 
1.00234 0.587417 4.99477e-05 2.68032 
1.00232 0.587457 5.37537e-05 2.68027 
1.00227 0.587526 0.000141018 2.68016 
1.00581 0.580773 0.00366079 2.68804 
1.00558 0.581416 0.00267931 2.68762 
1.00472 0.582993 0.00215139 2.68569 
1.00034 0.567623 -0.00242766 2.67098 
1.0009 0.573861 -0.00337575 2.67451 
1.00047 0.581227 -0.00357624 2.67542 
0.999725 0.587702 -0.000826065 2.67305 
0.999758 0.587665 -0.000928918 2.67315 
0.999754 0.587916 -0.00134016 2.6728 
1.00264 0.586842 0.00109279 2.68099 
1.00256 0.587028 0.00109661 2.68082 
1.00235 0.58736 0.00120687 2.68034 
0.997498 0.572478 -0.000144565 2.66488 
0.997498 0.572525 -0.000189664 2.66486 
0.998359 0.579486 -0.000456375 2.66889 
1.00277 0.586594 3.16234e-05 2.68127 
1.00273 0.586658 6.63691e-05 2.68117 
1.00266 0.586875 0.000155997 2.68105 
0.998205 0.576583 -0.000517468 2.66766 
0.99877 0.580779 -0.000855231 2.67039 
0.99895 0.584297 -0.000735316 2.67158 
1.00294 0.586257 0.0007431 2.68164 
1.00289 0.58641 0.000532349 2.68157 
1.00272 0.5867 0.000317933 2.68116 
0.951394 0.618201 -0.125047 2.54935 
0.952357 0.62509 -0.115848 2.55399 
0.968867 0.614633 -0.0968432 2.59706 
0.999758 0.5885 -0.000281209 2.67317 
0.999762 0.588538 -0.000420068 2.67318 
0.999802 0.59009 -0.000589703 2.67385 
1.00242 0.587299 0.000346209 2.68051 
1.0024 0.587311 0.000300925 2.68046 
1.00235 0.587459 0.000276086 2.68037 
0.893323 0.719588 0.0220882 2.4293 
0.900124 0.710583 0.0202118 2.44201 
0.911872 0.705307 0.00102796 2.47323 
1.01807 0.552097 0.0689499 2.71592 
1.01541 0.561633 0.0669895 2.71204 
1.00669 0.575571 0.072202 2.69093 
1.006 0.580177 0.0108165 2.68838 
1.00596 0.579969 0.0129676 2.68818 
1.00711 0.577892 0.0163789 2.69086 
1.01579 0.560086 0.0341808 2.71055 
1.01656 0.560626 0.0294416 2.7133 
1.01382 0.564718 0.018766 2.70603 
0.956017 0.644189 -0.0709228 2.57019 
0.960538 0.639087 -0.0689193 2.58114 
0.972246 0.620701 -0.0781741 2.60814 
1.00234 0.587429 0.00061433 2.68034 
1.00232 0.587521 0.000612234 2.6803 
1.00221 0.587674 0.000971509 2.68004 
0.999771 0.590152 -0.000717701 2.67378 
0.999782 0.589652 -0.000710074 2.67358 
0.999731 0.589168 -0.00109575 2.67319 
1.00071 0.586673 -0.0133553 2.67642 
1.0013 0.585424 -0.0126342 2.6782 
1.00326 0.580861 -0.0129239 2.68356 
0.986415 0.613898 0.088611 2.64832 
0.981065 0.619275 0.0866774 2.634 
0.969859 0.639888 0.0925139 2.61184 
1.00089 0.585903 -0.00553438 2.67723 
1.00056 0.586106 -0.0049562 2.67614 
1.00043 0.586287 -0.00362783 2.67614 
0.999644 0.588319 -0.0270499 2.67458 
1.00002 0.587365 -0.023504 2.67513 
1.00206 0.584047 -0.0196533 2.68038 
1.00379 0.584914 0.00506215 2.6837 
1.00413 0.583869 0.00494388 2.68425 
1.00449 0.58327 0.00344553 2.68511 
0.997643 0.59248 -0.00718678 2.6681 
0.997254 0.593104 -0.00890513 2.66722 
0.994451 0.597543 -0.0113235 2.66056 
0.960712 0.649202 0.0695456 2.58645 
0.956284 0.658817 0.0718558 2.57925 
0.949389 0.664556 0.0865393 2.56305 
1.00006 0.587072 -0.0025218 2.67432 
1.00005 0.58711 -0.0021974 2.67469 
1.00004 0.585625 -0.00196842 2.67509 
1.0031 0.586021 0.00224179 2.68204 
1.00322 0.585941 0.00275628 2.68237 
1.00367 0.584746 0.00322949 2.68319 
1.00211 0.587817 0.000391244 2.67979 
1.00204 0.58791 0.000451351 2.67962 
1.00193 0.588196 0.000969571 2.6794 
0.999587 0.593128 -0.000373111 2.67469 
0.999598 0.592618 -0.000543894 2.67446 
0.999661 0.591444 -0.000891941 2.67406 
0.999679 0.587467 -0.000806103 2.67331 
0.999642 0.587509 -0.00072802 2.67318 
0.999462 0.587055 -0.000700971 2.67287 
1.00256 0.587004 0.000828052 2.6808 
1.00261 0.586848 0.000819368 2.68088 
1.00266 0.586814 0.000540996 2.68105 
0.988779 0.60715 0.0585052 2.64928 
0.987206 0.611374 0.0650169 2.64722 
0.987071 0.608332 0.0822011 2.64634 
0.948929 0.66612 -0.0401737 2.56 
0.952153 0.663044 -0.0453782 2.56842 
0.952357 0.651839 -0.0610499 2.56275 
0.935874 0.66919 -0.0435461 2.52148 
0.933937 0.672886 -0.0492633 2.51878 
0.921733 0.686238 -0.0527849 2.49138 
0.995896 0.599418 -0.00278402 2.66618 
0.995987 0.598708 -0.00372633 2.6661 
0.995055 0.598987 -0.00690985 2.66326 
1.0054 0.581806 0.0509985 2.68877 
1.00254 0.584787 0.0532651 2.68106 
0.997466 0.596382 0.067772 2.67213 
0.927231 0.683503 0.0099481 2.50323 
0.926567 0.682767 -0.00101716 2.5007 
0.922102 0.689758 -0.019464 2.49282 
1.00258 0.586938 2.68607e-05 2.68085 
1.00259 0.586971 3.44341e-05 2.68087 
1.00259 0.586978 0.000113591 2.68091 
1.00253 0.587071 3.14723e-05 2.68076 
1.00252 0.587091 4.94188e-05 2.68074 
1.00253 0.587089 0.000179049 2.68075 
0.997067 0.573836 -0.000100564 2.66399 
0.99716 0.573905 -0.000159101 2.66429 
0.998106 0.579753 -0.00053479 2.66825 
0.999207 0.586054 -0.00058767 2.67184 
0.998982 0.584705 -0.00057025 2.67132 
0.998593 0.582529 -0.00124607 2.67008 
0.999404 0.592172 0.0199796 2.67359 
1.00103 0.591068 0.0172315 2.6783 
1.00124 0.588825 0.0132139 2.67759 
0.980334 0.624449 -0.00106932 2.63069 
0.978746 0.623628 -0.00782031 2.62512 
0.977092 0.6294 -0.00856624 2.62354 
1.01804 0.520442 -0.0618943 2.71076 
1.01134 0.522412 -0.0688828 2.68916 
1.00621 0.546369 -0.0679521 2.68125 
0.988458 0.612283 0.00245272 2.64943 
0.98827 0.61276 0.00123435 2.6491 
0.987623 0.61318 0.000167213 2.64725 
0.999757 0.588172 -0.000274995 2.67316 
0.99975 0.588162 -0.000183875 2.67318 
0.999703 0.587846 -0.00022874 2.67313 
1.00243 0.587181 0.000346792 2.68049 
1.00246 0.587164 0.000443613 2.68057 
1.00249 0.587056 0.000460739 2.68062 
0.999966 0.586654 -0.00656893 2.67335 
1.00026 0.586973 -0.00548097 2.67456 
1.0003 0.586541 -0.00539556 2.67484 
1.00349 0.585007 0.0110362 2.68281 
1.00377 0.585153 0.0130076 2.68387 
1.00445 0.582786 0.0129498 2.68474 
0.979644 0.619913 -0.0276342 2.62653 
0.981189 0.616339 -0.0268177 2.6293 
0.983334 0.612562 -0.0326884 2.63433 
0.987823 0.612973 -0.00145748 2.64777 
0.988308 0.611989 -0.00123083 2.64875 
0.988659 0.611788 -0.00213269 2.64979 
0.992208 0.607676 0.00127191 2.65892 
0.990416 0.609587 0.00138611 2.65418 
0.989898 0.610555 0.00284071 2.6531 
0.993386 0.59602 -0.0224464 2.65703 
0.99584 0.592525 -0.0217498 2.66325 
0.996672 0.590255 -0.0230292 2.66508 
0.995119 0.601448 0.0100665 2.66479 
0.994902 0.6011 0.0121807 2.66389 
0.996529 0.598546 0.0131878 2.66775 
0.987533 0.607906 -0.0553059 2.64814 
0.991251 0.599775 -0.0546922 2.65572 
0.991989 0.594032 -0.0567238 2.6553 
0.995365 0.600113 0.0219491 2.66503 
0.992957 0.602908 0.0211861 2.65874 
0.992234 0.606021 0.0242316 2.65835 
1.00328 0.550888 -0.0716503 2.67373 
1.00643 0.544037 -0.0824279 2.68283 
1.00178 0.545611 -0.091643 2.66868 
0.999843 0.59274 -2.89807e-05 2.67529 
0.999903 0.592637 -2.77114e-05 2.67543 
0.999911 0.59248 -8.52985e-05 2.67538 
1.00214 0.587858 2.65913e-05 2.67989 
1.00206 0.58804 0.000144212 2.67973 
1.00205 0.587986 0.00021779 2.6797 
1.0065 0.579045 0.000655922 2.68933 
1.00619 0.579924 0.00106323 2.68881 
1.00616 0.580171 0.00176536 2.68885 
1.00277 0.558042 -0.00180162 2.67629 
1.00303 0.557033 -0.00277161 2.67649 
1.00319 0.562074 -0.0046459 2.67763 
0.90124 0.658282 -0.126359 2.41971 
0.901615 0.674882 -0.113565 2.43057 
0.908679 0.675762 -0.103483 2.45046 
0.976214 0.632125 0.0383763 2.62317 
0.971718 0.635732 0.0333756 2.61074 
0.969902 0.642548 0.0360332 2.60966 
0.871106 0.723154 0.0741895 2.36912 
0.886443 0.721286 0.0801161 2.41381 
0.898731 0.708784 0.0726631 2.43921 
0.998208 0.570171 -0.000534186 2.66635 
0.998336 0.570376 -0.00077457 2.66677 
0.998741 0.575273 -0.00127334 2.66886 
1.00309 0.585891 0.000147223 2.68193 
1.00305 0.586028 0.000216921 2.68186 
1.00305 0.586075 0.000365011 2.6819 
0.952938 0.648471 0.155512 2.57329 
0.962819 0.637638 0.153476 2.59722 
0.964896 0.632178 0.144233 2.59837 
0.991093 0.606082 -0.000691443 2.65429 
0.992647 0.604076 -0.00149868 2.65821 
0.993026 0.60335 -0.00267299 2.65905 
1.00064 0.588958 0.0358357 2.6763 
0.99985 0.59225 0.0432914 2.676 
1.00059 0.587662 0.0461237 2.67588 
0.999005 0.594057 -0.000729544 2.67331 
0.999205 0.593831 -0.000463991 2.67384 
0.999285 0.593456 -0.000667143 2.67389 
0.998287 0.595073 -0.000242595 2.6715 
0.998694 0.594482 -0.00034012 2.6725 
0.998725 0.594609 -0.000673201 2.67269 
0.974781 0.629497 -0.0136987 2.61622 
0.97762 0.626823 -0.0162222 2.62379 
0.9772 0.62496 -0.0198773 2.62139 
1.00025 0.592109 0.000397455 2.67614 
0.999458 0.593368 0.00120074 2.67425 
0.99927 0.593677 0.0020861 2.67382 
0.960316 0.655447 -0.0267227 2.58785 
0.959769 0.650642 -0.0369535 2.58344 
0.958413 0.658084 -0.0394901 2.58442 
0.999607 0.587251 -0.00901689 2.67216 
0.998847 0.587442 -0.00997306 2.66969 
0.998512 0.589471 -0.00913567 2.66946 
1.00116 0.589611 0.00236543 2.6777 
1.00117 0.589807 0.00305959 2.67784 
1.00142 0.5892 0.0033116 2.67829 
1.00287 0.58658 0.00768109 2.68164 
1.00266 0.586574 0.00627993 2.68091 
1.00223 0.587688 0.00598464 2.68014 
1.02726 0.542503 0.0347393 2.74002 
1.02357 0.543569 0.0305743 2.72793 
1.02066 0.55189 0.0324706 2.72253 
1.02097 0.559206 0.117261 2.73489 
1.01944 0.551109 0.104983 2.7236 
1.01549 0.560008 0.101551 2.71476 
0.981921 0.547915 -0.133263 2.61142 
0.973639 0.561072 -0.133657 2.59123 
0.97323 0.580736 -0.12733 2.59824 
0.980826 0.622957 0.0264913 2.63161 
0.977422 0.630249 0.0303267 2.62547 
0.97779 0.627334 0.0361493 2.62497 
1.00687 0.579025 0.028328 2.69103 
1.00864 0.574711 0.0303949 2.69456 
1.01002 0.573266 0.0291922 2.69834 
0.907171 0.689751 -0.0856271 2.45362 
0.893088 0.697568 -0.0799746 2.41633 
0.893411 0.70527 -0.0673749 2.42187 
0.950552 0.665876 0.00377626 2.56343 
0.944898 0.672878 -0.000505067 2.5508 
0.938954 0.676645 0.00232255 2.53486 
1.00748 0.577434 0.0061375 2.69173 
1.0071 0.578593 0.00682114 2.69113 
1.00731 0.57767 0.00831062 2.69129 
1.00428 0.561971 -0.0384226 2.67913 
1.00304 0.575047 -0.0378424 2.68106 
1.00271 0.574207 -0.0330093 2.67922 
1.01157 0.539663 -0.00996947 2.69693 
1.01064 0.536687 -0.0136031 2.6921 
1.00986 0.544239 -0.0161906 2.69141 
0.998888 0.565277 -0.00040054 2.66692 
0.99902 0.564954 -0.000613068 2.6671 
0.999447 0.568031 -0.00120422 2.66874 
1.00353 0.561585 -0.00661523 2.67819 
1.00468 0.557766 -0.0058949 2.68066 
1.00503 0.556531 -0.00834358 2.681 
0.998888 0.590599 -0.00396607 2.67113 
0.998802 0.592149 -0.00360906 2.67168 
0.998947 0.591815 -0.00283167 2.67196 
1.00412 0.583922 0.00021035 2.68423 
1.00401 0.584294 0.000374383 2.68403 
1.004 0.584374 0.000650268 2.68407 
0.963423 0.649959 0.0345668 2.59376 
0.962006 0.652502 0.0275604 2.59075 
0.9585 0.657206 0.0280778 2.58281 
0.988365 0.603112 -0.0211149 2.64423 
0.987103 0.607815 -0.0180786 2.64275 
0.987459 0.607283 -0.0161622 2.64346 
1.00222 0.587531 0.00494092 2.68002 
1.00245 0.587227 0.00451087 2.68059 
1.00243 0.587085 0.00354491 2.68044 
0.911414 0.702266 0.0803074 2.47337 
0.909779 0.696649 0.0951421 2.46552 
0.922595 0.688887 0.107744 2.50049 
1.01349 0.565745 0.00401936 2.70528 
1.01217 0.568047 0.00451889 2.70215 
1.0117 0.569651 0.00616541 2.70146 
0.854688 0.724216 -0.0298872 2.32051 
0.864529 0.728764 -0.0205846 2.35281 
0.874722 0.723491 -0.0189395 2.3777 
1.00002 0.587033 -0.00243452 2.67375 
0.999865 0.586879 -0.00277822 2.6729 
0.999775 0.587332 -0.00266589 2.67261 
1.00293 0.5864 0.00222624 2.6817 
1.00284 0.586491 0.00180597 2.68142 
1.0027 0.586798 0.0018088 2.68113 
0.989716 0.598314 0.111634 2.65234 
0.990048 0.600821 0.105507 2.65413 
0.985604 0.60686 0.103457 2.64303 
0.998843 0.575826 -0.00157489 2.66928 
0.998919 0.573088 -0.00113946 2.66887 
0.998951 0.572834 -0.00198156 2.66874 
1.00327 0.58566 0.00112914 2.68238 
1.00321 0.585822 0.00128694 2.68229 
1.00326 0.585638 0.00154487 2.68236 
0.999894 0.590682 -0.000348231 2.67444 
0.999908 0.59011 -0.000331358 2.67424 
0.999878 0.590054 -0.000494286 2.6741 
1.00231 0.587481 3.46659e-05 2.68025 
1.00229 0.58751 3.13112e-05 2.6802 
1.00228 0.58752 6.10788e-05 2.68019 
1.00572 0.580927 0.00212078 2.68784 
1.00544 0.581586 0.00131498 2.68728 
1.00511 0.582169 0.0015948 2.68651 
1.00114 0.57472 -0.00409329 2.67529 
1.00146 0.580381 -0.00482801 2.67815 
1.00095 0.581151 -0.00445814 2.67675 
0.999712 0.587501 -0.000905374 2.67324 
0.999761 0.587462 -0.00101612 2.67338 
0.999781 0.587408 -0.0011859 2.67307 
1.00253 0.58705 0.000897029 2.68073 
1.00246 0.587182 0.000881546 2.68059 
1.00241 0.587256 0.000932827 2.68047 
0.997546 0.572102 -0.000127633 2.66492 
0.997517 0.572153 -0.000133313 2.66479 
0.997907 0.575226 -0.000266368 2.66659 
1.00271 0.586717 2.32804e-05 2.68113 
1.00268 0.586766 5.02264e-05 2.68107 
1.00267 0.586831 7.97186e-05 2.68105 
0.998921 0.582069 -0.000764632 2.67101 
0.999285 0.584882 -0.000900159 2.67271 
0.999158 0.585059 -0.000764852 2.67231 
1.00294 0.586238 0.000428364 2.68162 
1.00288 0.586396 0.000253159 2.68153 
1.0028 0.586501 0.000267604 2.68134 
0.946994 0.637402 -0.108646 2.5437 
0.948831 0.639392 -0.100594 2.5489 
0.957475 0.631041 -0.0971045 2.57062 
0.999763 0.588376 -0.000452455 2.67315 
0.999775 0.588424 -0.000591201 2.6732 
0.999795 0.588996 -0.000618097 2.67338 
1.00242 0.587311 0.000214024 2.68052 
1.0024 0.587328 0.000176753 2.68048 
1.00239 0.587386 0.000193815 2.68046 
0.909671 0.706434 0.0302326 2.46773 
0.915279 0.699386 0.0275069 2.47904 
0.916685 0.701557 0.0192572 2.48493 
1.01453 0.560809 0.0574753 2.70789 
1.01251 0.568611 0.0559202 2.70534 
1.01004 0.570301 0.0596649 2.6982 
1.00521 0.581754 0.0138077 2.68669 
1.00486 0.581908 0.0159565 2.68568 
1.0054 0.58131 0.016669 2.68714 
1.01868 0.553963 0.0280101 2.7168 
1.01884 0.555634 0.0223524 2.71805 
1.01696 0.557922 0.0195065 2.7129 
0.961868 0.644868 -0.0615016 2.58828 
0.965328 0.640129 -0.059792 2.59617 
0.968575 0.634341 -0.0663003 2.60343 
1.0023 0.587524 0.000529892 2.68025 
1.00227 0.58761 0.000515715 2.6802 
1.00224 0.587637 0.000655657 2.68011 
0.999776 0.589033 -0.000753468 2.67332 
0.999763 0.588609 -0.000745884 2.67313 
0.999762 0.588623 -0.000903507 2.67313 
1.00159 0.585476 -0.0107194 2.67927 
1.00189 0.58361 -0.00983704 2.68 
1.00256 0.582414 -0.0101205 2.68186 
0.980216 0.622996 0.0828923 2.63323 
0.974929 0.628181 0.0791145 2.61904 
0.972648 0.63522 0.0829318 2.61665 
1.00047 0.58662 -0.00489689 2.67557 
1.00023 0.586665 -0.00437674 2.67475 
1.00035 0.586793 -0.00397316 2.67535 
0.999405 0.588061 -0.0211412 2.67297 
0.999555 0.58755 -0.0185132 2.67309 
1.00033 0.58663 -0.0183951 2.67529 
1.00446 0.58349 0.00541156 2.68511 
1.00487 0.582281 0.00517949 2.6858 
1.00488 0.582578 0.00439466 2.686 
0.997616 0.590433 -0.00991271 2.66702 
0.997036 0.591224 -0.0122976 2.66561 
0.995928 0.592973 -0.0129376 2.66295 
0.949512 0.664855 0.0634572 2.56139 
0.944056 0.675659 0.0638093 2.55215 
0.942046 0.674469 0.069718 2.54552 
0.999979 0.58718 -0.0017422 2.67452 
0.999863 0.586955 -0.00151744 2.6745 
0.999888 0.586443 -0.00150871 2.67465 
1.00315 0.585983 0.00311725 2.6822 
1.00325 0.585936 0.00383184 2.68252 
1.00341 0.585402 0.00377908 2.68274 
1.00197 0.588103 0.000323914 2.67948 
1.00187 0.588238 0.000338001 2.67925 
1.00183 0.588351 0.000568662 2.67918 
0.999697 0.592505 -0.000471096 2.67472 
0.999698 0.59184 -0.000621787 2.67438 
0.999721 0.59162 -0.000683635 2.67435 
0.999723 0.587677 -0.00073326 2.67317 
0.999705 0.587715 -0.000672644 2.67311 
0.999657 0.587627 -0.000644158 2.67308 
1.00266 0.586811 0.000989865 2.68105 
1.00273 0.58661 0.000962239 2.68116 
1.00273 0.586693 0.000790943 2.6812 
0.983909 0.614802 0.0654135 2.63855 
0.981478 0.62057 0.0727015 2.6349 
0.981707 0.616936 0.077798 2.63376 
0.957017 0.657716 -0.0442495 2.58009 
0.960394 0.654502 -0.0480401 2.58895 
0.958787 0.651353 -0.0530726 2.5821 
0.936131 0.668298 -0.0599449 2.52324 
0.934744 0.669963 -0.0665723 2.52109 
0.929926 0.675893 -0.0664763 2.51036 
0.996676 0.597656 -0.00396037 2.66776 
0.996861 0.596096 -0.00470445 2.66749 
0.996495 0.596783 -0.00573871 2.6667 
1.00043 0.590304 0.0514155 2.67723 
0.997142 0.593884 0.0520564 2.66845 
0.996385 0.597865 0.0577189 2.66871 
0.93084 0.678773 -0.00626511 2.51101 
0.931667 0.676791 -0.0153385 2.51236 
0.929938 0.679746 -0.0189481 2.50935 
1.00256 0.586988 1.90748e-05 2.68082 
1.00257 0.587013 2.21615e-05 2.68084 
1.00257 0.587002 4.34184e-05 2.68086 
1.0025 0.587136 4.6163e-05 2.68068 
1.00248 0.58717 6.52309e-05 2.68065 
1.00248 0.58716 0.000125291 2.68064 
0.997133 0.573468 -0.000109908 2.66408 
0.997308 0.573625 -0.000180618 2.66469 
0.997596 0.575871 -0.000346428 2.66588 
0.998634 0.582847 -0.000998123 2.67013 
0.998314 0.580331 -0.000904902 2.66901 
0.998202 0.57998 -0.00142781 2.66852 
0.993185 0.603768 0.0179974 2.65994 
0.995916 0.600739 0.0184751 2.66714 
0.997164 0.596948 0.01488 2.66891 
0.998793 0.595136 0.013772 2.67322 
0.999432 0.592578 0.0146914 2.67382 
1.00063 0.591521 0.0126267 2.67715 
0.99942 0.59282 0.0107762 2.67386 
1.00036 0.591894 0.00925253 2.67642 
1.00068 0.590527 0.00705648 2.67665 
0.988276 0.612494 0.0156346 2.64914 
0.98529 0.61629 0.0144571 2.64171 
0.984579 0.618888 0.0166864 2.64109 
0.980773 0.623214 0.0135778 2.63139 
0.979236 0.62728 0.00603003 2.62898 
0.976265 0.628332 -0.00128045 2.62008 
0.97941 0.627991 0.0160091 2.63012 
0.974608 0.631646 0.00914211 2.61688 
0.972338 0.639635 0.011112 2.61493 
1.01713 0.528246 -0.0311268 2.71026 
1.01313 0.526128 -0.0366253 2.69553 
1.0103 0.542774 -0.0389443 2.69191 
1.00746 0.544722 -0.0456682 2.68314 
1.0093 0.54279 -0.0521605 2.68901 
1.00556 0.547269 -0.0591485 2.67867 
1.00531 0.56217 -0.0454839 2.68314 
1.00211 0.566341 -0.0498807 2.67458 
0.999329 0.581261 -0.0471531 2.6722 
0.987952 0.612689 0.012747 2.64814 
0.986695 0.614995 0.00887007 2.64542 
0.984514 0.617159 0.00799056 2.63963 
0.984297 0.617991 0.00393035 2.63943 
0.986285 0.615304 0.00252282 2.64421 
0.986549 0.615386 0.000474622 2.64513 
0.982354 0.618854 -1.34864e-06 2.63364 
0.983765 0.617959 -0.00291683 2.6377 
0.982549 0.616672 -0.00872495 2.63302 
0.999763 0.588066 -0.000616265 2.67318 
0.999759 0.588038 -0.00055307 2.67318 
0.999677 0.587688 -0.000584624 2.67308 
0.999669 0.587629 -0.000543681 2.67308 
0.999707 0.587706 -0.000411475 2.67314 
0.999709 0.587692 -0.000289718 2.67319 
0.999522 0.58713 -0.000610981 2.67294 
0.999514 0.586977 -0.000532044 2.67292 
0.999266 0.58562 -0.000751258 2.67235 
1.00242 0.587219 0.000106492 2.68049 
1.00244 0.587203 0.000172072 2.68053 
1.00246 0.58715 0.000187216 2.68056 
1.00248 0.587131 0.000247839 2.68061 
1.00247 0.587112 0.000306117 2.68058 
1.0025 0.587086 0.000379571 2.68066 
1.0025 0.587066 0.000253817 2.68066 
1.00254 0.58703 0.000304382 2.68074 
1.00256 0.586953 0.00029836 2.68079 
0.999207 0.58741 -0.0128778 2.67132 
0.999993 0.587314 -0.010978 2.67393 
1.00027 0.585924 -0.0111332 2.67442 
1.00084 0.58624 -0.00914783 2.67654 
1.00042 0.586134 -0.00770519 2.67503 
1.00071 0.586582 -0.00628699 2.67632 
1.00107 0.585146 -0.00907938 2.67719 
1.00133 0.58568 -0.007192 2.67847 
1.00139 0.58391 -0.00699519 2.67844 
1.00324 0.58572 0.00564951 2.68233 
1.00347 0.585601 0.00652937 2.68304 
1.00377 0.584443 0.00636248 2.68337 
1.00415 0.584172 0.00731026 2.68451 
1.00412 0.583652 0.00905109 2.68413 
1.00457 0.583419 0.010543 2.6855 
1.00448 0.582818 0.00704609 2.68481 
1.00504 0.582338 0.00804868 2.6864 
1.00541 0.580832 0.00763612 2.68676 
0.973523 0.628277 -0.0455654 2.61344 
0.97591 0.62164 -0.0434571 2.61688 
0.980209 0.617722 -0.0513631 2.62907 
0.982977 0.613136 -0.0474013 2.63509 
0.981897 0.613932 -0.0407595 2.63121 
0.98391 0.610505 -0.0381499 2.63558 
0.987424 0.607844 -0.0514118 2.64685 
0.989122 0.60446 -0.0468455 2.65014 
0.993428 0.599826 -0.0467822 2.66179 
0.984921 0.614856 -0.0121492 2.6397 
0.985967 0.612628 -0.0102187 2.64169 
0.987666 0.611382 -0.0119168 2.64653 
0.988166 0.609733 -0.00998102 2.64709 
0.988199 0.612087 -0.00578114 2.64853 
0.988682 0.610836 -0.00466371 2.64932 
0.989727 0.608368 -0.0107705 2.65141 
0.989874 0.607314 -0.0089546 2.65119 
0.991289 0.60607 -0.00916653 2.6551 
0.997141 0.59882 0.00100896 2.66983 
0.995707 0.600982 0.002261 2.66639 
0.995422 0.601228 0.00401605 2.66561 
0.994045 0.603848 0.00585807 2.66266 
0.992609 0.60628 0.00406149 2.6594 
0.990963 0.608648 0.00471189 2.65543 
0.993706 0.604365 0.00788931 2.66188 
0.991894 0.607549 0.00937866 2.65787 
0.990939 0.609002 0.0120323 2.65567 
0.983305 0.614476 -0.0210086 2.63465 
0.985449 0.60898 -0.0257323 2.63858 
0.985313 0.608888 -0.0291478 2.63846 
0.988716 0.602367 -0.031773 2.64599 
0.99173 0.59763 -0.0280964 2.653 
0.994924 0.593345 -0.0273791 2.66121 
0.989089 0.601099 -0.0353135 2.64698 
0.993607 0.595973 -0.0345504 2.65906 
0.994673 0.595279 -0.037874 2.66286 
0.997719 0.596883 0.00192827 2.67058 
0.997565 0.596864 0.00328841 2.67006 
0.998374 0.595395 0.00385938 2.67187 
0.998428 0.595026 0.00506325 2.67184 
0.997535 0.596945 0.00774722 2.67005 
0.997649 0.596179 0.00939033 2.66998 
0.999211 0.59369 0.00531262 2.67364 
0.99946 0.592939 0.00648249 2.67402 
1.00015 0.591757 0.00630006 2.67561 
0.969866 0.638818 -0.0541512 2.60927 
0.973514 0.630379 -0.0597997 2.61625 
0.972256 0.6303 -0.0633404 2.61257 
0.976671 0.618682 -0.0677728 2.6202 
0.982602 0.61113 -0.063451 2.63471 
0.987133 0.600655 -0.0644604 2.6436 
0.975846 0.615701 -0.0718515 2.61626 
0.981654 0.603637 -0.0745461 2.62848 
0.98085 0.599406 -0.0784801 2.6242 
1.00249 0.587435 0.0201393 2.68108 
1.00111 0.589051 0.0229988 2.67752 
1.00154 0.590384 0.0257328 2.67978 
0.999161 0.592788 0.0284966 2.67339 
0.99696 0.598241 0.026957 2.66933 
0.993919 0.601438 0.0269376 2.66118 
0.9993 0.595445 0.0325356 2.67561 
0.995669 0.599163 0.0338172 2.66584 
0.99513 0.604319 0.0396481 2.66751 
0.998016 0.585077 -0.0482505 2.66995 
0.998419 0.581201 -0.0537635 2.66984 
0.996512 0.583214 -0.0577487 2.66483 
0.996337 0.58044 -0.0649866 2.66365 
0.998289 0.567791 -0.0717697 2.66461 
0.999405 0.564362 -0.0829253 2.6682 
0.993432 0.583476 -0.0691269 2.65599 
0.992023 0.581712 -0.079206 2.65162 
0.987558 0.587184 -0.0838211 2.64041 
0.99948 0.593342 -5.43656e-05 2.67444 
0.999609 0.593145 -8.11178e-05 2.67475 
0.999597 0.592998 -0.000180708 2.67464 
0.999709 0.592805 -0.000203643 2.67491 
0.999782 0.592691 -0.000134359 2.67507 
0.999853 0.592534 -0.000141929 2.67522 
0.999686 0.592433 -0.000282984 2.67464 
0.999784 0.592226 -0.000294636 2.67485 
0.999761 0.591695 -0.000368769 2.67449 
1.00228 0.587536 4.56626e-06 2.68018 
1.00226 0.587577 3.69622e-05 2.68015 
1.00226 0.587549 5.78821e-05 2.68014 
1.00224 0.587614 0.000127063 2.68009 
1.00219 0.587697 0.000120072 2.68 
1.00214 0.587832 0.000251593 2.67989 
1.00225 0.587557 0.000153514 2.6801 
1.00221 0.58765 0.000271142 2.68003 
1.00223 0.587547 0.000302496 2.68004 
1.00892 0.573907 0.00152997 2.69453 
1.00833 0.575472 0.00217749 2.69344 
1.00818 0.576105 0.00338324 2.69331 
1.00746 0.577341 0.0038378 2.69159 
1.00704 0.578397 0.00239506 2.6908 
1.00649 0.579354 0.0028159 2.6895 
1.00714 0.578286 0.00474977 2.69108 
1.00654 0.579229 0.0048347 2.6896 
1.0062 0.580276 0.00550647 2.68906 
1.00034 0.56275 -0.000967322 2.6705 
1.00047 0.562144 -0.00143773 2.67052 
1.00091 0.566366 -0.0025462 2.67237 
1.00123 0.566409 -0.00358483 2.67315 
1.00188 0.564454 -0.00331447 2.67459 
1.00232 0.564481 -0.00479134 2.67575 
1.00174 0.573422 -0.00450554 2.67677 
1.00193 0.573893 -0.00574792 2.67737 
1.00209 0.580032 -0.00634169 2.67987 
0.944406 0.601485 -0.148457 2.52198 
0.939377 0.617864 -0.142563 2.51497 
0.941863 0.627439 -0.133219 2.52616 
0.936166 0.643997 -0.122101 2.51691 
0.924834 0.652435 -0.122763 2.48711 
0.920783 0.667705 -0.107954 2.48263 
0.938114 0.645799 -0.113273 2.52179 
0.934506 0.658422 -0.101424 2.51716 
0.93731 0.658056 -0.0942509 2.52414 
0.991161 0.607538 0.0477271 2.65677 
0.987445 0.61213 0.0493203 2.64749 
0.98765 0.614103 0.0522558 2.6496 
0.982958 0.619818 0.0533323 2.63789 
0.978951 0.628611 0.047699 2.63025 
0.973698 0.633713 0.0449616 2.61634 
0.982771 0.623182 0.0570259 2.63972 
0.976899 0.629697 0.056791 2.62476 
0.976243 0.63484 0.0609097 2.62639 
0.858758 0.729732 0.0291124 2.33625 
0.874652 0.730409 0.0364619 2.38386 
0.888703 0.718613 0.0345331 2.41488 
0.897126 0.715926 0.0440806 2.43833 
0.892679 0.71475 0.0539808 2.42452 
0.902247 0.711389 0.0622573 2.45117 
0.906584 0.70478 0.0410808 2.45732 
0.914154 0.702354 0.0481489 2.47889 
0.921818 0.693435 0.0432647 2.49499 
0.997748 0.571564 -0.000354496 2.6654 
0.997754 0.571639 -0.000449474 2.66536 
0.998331 0.576084 -0.000757743 2.66797 
0.998424 0.576729 -0.000938999 2.66835 
0.998494 0.575686 -0.000902586 2.6683 
0.998679 0.576531 -0.0012131 2.66908 
0.999017 0.581658 -0.00104448 2.67126 
0.999094 0.582374 -0.00125056 2.67164 
0.999414 0.585445 -0.00119779 2.6731 
1.00346 0.585106 0.000247231 2.6827 
1.0034 0.585346 0.000354606 2.68263 
1.00339 0.585421 0.000590051 2.68264 
1.00326 0.585619 0.000706222 2.68235 
1.0032 0.585785 0.000458188 2.68223 
1.0031 0.585937 0.000557845 2.68198 
1.00321 0.585799 0.000906005 2.68225 
1.00309 0.585957 0.000954212 2.68197 
1.00301 0.586161 0.00111171 2.68183 
0.905425 0.699856 0.11672 2.45779 
0.922101 0.691234 0.126608 2.50388 
0.927427 0.680212 0.118827 2.5104 
0.940065 0.669896 0.124 2.5431 
0.947064 0.656024 0.135997 2.55667 
0.957076 0.644865 0.135608 2.58078 
0.943798 0.661481 0.116173 2.54718 
0.953321 0.652062 0.118686 2.57113 
0.956584 0.646595 0.111531 2.57644 
0.988763 0.61165 -0.000142617 2.65002 
0.98904 0.611087 -0.000895267 2.65059 
0.989051 0.610849 -0.00163467 2.6505 
0.989985 0.609436 -0.00310012 2.65272 
0.990699 0.607457 -0.00247769 2.65385 
0.992076 0.605437 -0.00374307 2.65718 
0.989893 0.608427 -0.00421415 2.65183 
0.991381 0.606318 -0.00576521 2.65547 
0.991352 0.603973 -0.00702581 2.65402 
1.0034 0.584759 0.0208269 2.68255 
1.00359 0.585135 0.0248531 2.68354 
1.00445 0.581961 0.0258775 2.68455 
1.00481 0.582663 0.0314144 2.68637 
1.0034 0.583483 0.0350094 2.68227 
1.00321 0.58586 0.0428754 2.68339 
1.00607 0.578406 0.0326709 2.68815 
1.00652 0.579561 0.0404756 2.69071 
1.00809 0.573514 0.0421699 2.69253 
0.998425 0.593442 -0.00296862 2.67112 
0.998696 0.593075 -0.00217736 2.67179 
0.998938 0.592464 -0.00237354 2.67225 
0.999156 0.592314 -0.00174446 2.67288 
0.999109 0.593142 -0.001347 2.67316 
0.999296 0.593028 -0.000967334 2.67371 
0.999299 0.591741 -0.00183631 2.67304 
0.999427 0.591702 -0.00135658 2.67344 
0.999527 0.591258 -0.00137362 2.67353 
0.995745 0.599043 -0.000369385 2.66544 
0.996453 0.597849 -0.000799233 2.66707 
0.996439 0.598203 -0.00154583 2.66725 
0.997114 0.597067 -0.00178277 2.66881 
0.997794 0.596024 -0.00107062 2.67044 
0.998277 0.595254 -0.00117896 2.6716 
0.9971 0.596646 -0.00249322 2.66856 
0.997781 0.595609 -0.00244276 2.67021 
0.997808 0.594421 -0.00304801 2.66963 
0.965066 0.645402 0.00503664 2.59528 
0.965206 0.645187 -0.00445254 2.59567 
0.962437 0.64664 -0.00773406 2.58785 
0.965076 0.644119 -0.0163448 2.59486 
0.970072 0.635041 -0.0173574 2.60485 
0.973726 0.631751 -0.0211934 2.61466 
0.963064 0.643159 -0.0224399 2.58802 
0.968246 0.638527 -0.0280187 2.60187 
0.967107 0.634267 -0.0356874 2.59587 
1.00162 0.588998 0.000153911 2.67887 
1.00131 0.589488 0.000498921 2.67811 
1.00128 0.589575 0.000883091 2.67806 
1.00087 0.590256 0.00167096 2.67712 
1.0005 0.591173 0.00139505 2.67643 
0.999907 0.592289 0.0026148 2.67511 
1.00095 0.590201 0.00215402 2.67732 
1.00044 0.59109 0.00348508 2.67619 
1.00064 0.590743 0.00412138 2.67665 
0.964832 0.651667 0.00753251 2.59892 
0.960818 0.654587 -0.000385004 2.58814 
0.959227 0.660967 0.000152407 2.58753 
0.955385 0.661781 -0.00972925 2.57607 
0.956471 0.662876 -0.0197722 2.58055 
0.954553 0.658999 -0.0313387 2.57236 
0.953164 0.669115 -0.00989555 2.57423 
0.9501 0.667562 -0.0221674 2.56393 
0.947414 0.676372 -0.0238227 2.56189 
0.999934 0.586933 -0.00473375 2.67304 
0.999589 0.586867 -0.00536159 2.6718 
0.999427 0.588256 -0.00506687 2.67178 
0.99904 0.588598 -0.00557909 2.67065 
0.999109 0.588682 -0.00684489 2.67098 
0.998555 0.589186 -0.00743337 2.66938 
0.998855 0.590764 -0.00511772 2.67113 
0.998425 0.591366 -0.00546319 2.67004 
0.998236 0.593357 -0.00487349 2.6705 
1.00172 0.588609 0.000361264 2.67893 
1.00163 0.588837 0.000729471 2.67879 
1.00171 0.588508 0.000921214 2.67889 
1.00171 0.588665 0.00128568 2.67895 
1.00154 0.588882 0.00186417 2.67853 
1.00158 0.588983 0.00236354 2.6787 
1.00182 0.588337 0.00142078 2.67914 
1.00187 0.58842 0.00178926 2.67936 
1.00199 0.588085 0.00185987 2.67956 
1.00238 0.587803 0.0145828 2.68079 
1.00225 0.587367 0.0115651 2.68006 
1.00165 0.589018 0.0107405 2.679 
1.00159 0.588623 0.00870381 2.67858 
1.00202 0.588164 0.00811213 2.67975 
1.00195 0.587959 0.00655138 2.67938 
1.0012 0.589863 0.00802411 2.678 
1.00125 0.589502 0.00645709 2.67795 
1.00093 0.590391 0.00589674 2.67739 
1.02963 0.542274 0.071597 2.75023 
1.02557 0.53912 0.0617157 2.73397 
1.02114 0.550701 0.0616242 2.72507 
1.01979 0.550515 0.0517751 2.71973 
1.02168 0.549886 0.0455525 2.72547 
1.01982 0.551065 0.0385871 2.71945 
1.01688 0.559872 0.0518311 2.71497 
1.01575 0.559709 0.044398 2.71065 
1.01359 0.567123 0.0444192 2.70749 
0.995273 0.602519 0.150411 2.67958 
0.997994 0.590061 0.138289 2.6788 
0.994921 0.594543 0.129372 2.66993 
0.999083 0.585558 0.116182 2.67639 
1.00708 0.574908 0.117359 2.69696 
1.00908 0.567544 0.103687 2.69765 
0.997587 0.591289 0.110219 2.67397 
1.00046 0.5837 0.0993361 2.67764 
0.999362 0.589343 0.0947622 2.67675 
1.00542 0.517064 -0.0981481 2.6703 
0.99932 0.523164 -0.102871 2.65316 
0.997084 0.543435 -0.101712 2.65439 
0.991007 0.55407 -0.104602 2.6397 
0.986853 0.559291 -0.116176 2.63007 
0.979413 0.572762 -0.116106 2.61261 
0.989301 0.569602 -0.101227 2.64026 
0.983303 0.581239 -0.101307 2.62656 
0.98203 0.591384 -0.0966372 2.62633 
0.989455 0.609263 0.019921 2.65106 
0.988331 0.612207 0.023261 2.6493 
0.98906 0.609672 0.0260008 2.65019 
0.987924 0.613455 0.0303663 2.64899 
0.984808 0.616818 0.0314422 2.6409 
0.982318 0.623091 0.0367532 2.63705 
0.989146 0.610091 0.0338033 2.65102 
0.987887 0.615067 0.0395755 2.65031 
0.989499 0.609735 0.0438334 2.65245 
1.0036 0.584661 0.0185191 2.68309 
1.0048 0.582706 0.0197348 2.68601 
1.00526 0.581584 0.0190915 2.68689 
1.00675 0.578795 0.019957 2.69027 
1.00726 0.578136 0.0233175 2.69168 
1.00901 0.573925 0.024379 2.69518 
1.0072 0.577882 0.0188193 2.69123 
1.00906 0.574355 0.0192904 2.69548 
1.0095 0.573761 0.0175593 2.69656 
0.935793 0.667979 -0.0818752 2.52473 
0.927256 0.674364 -0.0798072 2.50245 
0.925898 0.679867 -0.0715524 2.50134 
0.916433 0.686301 -0.0673099 2.4764 
0.911401 0.691574 -0.070639 2.46565 
0.899434 0.69842 -0.0639351 2.43382 
0.916221 0.691486 -0.057425 2.47874 
0.906689 0.697567 -0.0503112 2.4536 
0.907868 0.701902 -0.0391786 2.45978 
0.964392 0.649216 0.0185716 2.59586 
0.959221 0.655431 0.0187181 2.58367 
0.956741 0.658503 0.0223115 2.57797 
0.951102 0.665989 0.0224521 2.56538 
0.948262 0.667954 0.0148292 2.5577 
0.942032 0.676246 0.0125098 2.54418 
0.947567 0.668448 0.027444 2.55606 
0.940097 0.676577 0.0275076 2.53855 
0.934529 0.678423 0.0345232 2.52268 
1.01 0.572225 0.00279171 2.69723 
1.00975 0.57312 0.00413804 2.69686 
1.01034 0.571601 0.00625554 2.69803 
1.00974 0.573006 0.00743229 2.69679 
1.00871 0.574879 0.00770365 2.69438 
1.00814 0.57638 0.00852871 2.69335 
1.01023 0.571615 0.00993054 2.69766 
1.00942 0.573653 0.0108756 2.69613 
1.00967 0.572296 0.0137551 2.69624 
1.01182 0.53085 -0.0233137 2.69331 
1.01019 0.542175 -0.026499 2.69146 
1.00845 0.543585 -0.0222885 2.68604 
1.0077 0.556008 -0.0247111 2.68822 
1.00597 0.5586 -0.0291003 2.68319 
1.0049 0.570536 -0.0298919 2.68487 
1.00628 0.557154 -0.0211481 2.68385 
1.00561 0.56807 -0.0228464 2.68616 
1.00458 0.568877 -0.0198825 2.68299 
1.00604 0.549525 -0.00320285 2.6833 
1.00607 0.547868 -0.00476864 2.68238 
1.00594 0.552379 -0.00694327 2.6825 
1.00619 0.551348 -0.00994525 2.68247 
1.00793 0.548623 -0.0107088 2.6872 
1.00783 0.547249 -0.0146499 2.68582 
1.00624 0.559941 -0.0117033 2.68546 
1.00606 0.559566 -0.0147647 2.68436 
1.00585 0.568353 -0.0159646 2.68711 
0.998065 0.566819 -0.00024593 2.66487 
0.998197 0.566951 -0.000254063 2.66528 
0.99849 0.569962 -0.000773302 2.6666 
0.998759 0.570334 -0.00116615 2.66743 
0.998957 0.569132 -0.00103321 2.66769 
0.999199 0.569317 -0.00144771 2.66834 
0.999221 0.575427 -0.00166788 2.67019 
0.999494 0.575929 -0.00208617 2.67108 
0.999943 0.580775 -0.00246371 2.67391 
1.00218 0.580222 -0.00751294 2.68008 
1.00292 0.578221 -0.00779069 2.68183 
1.00297 0.57797 -0.00946793 2.68172 
1.00396 0.575605 -0.00994346 2.6841 
1.00394 0.568486 -0.00953212 2.68146 
1.00525 0.5648 -0.00951854 2.68437 
1.00394 0.575292 -0.0121325 2.68377 
1.00519 0.572309 -0.0128922 2.68672 
1.00518 0.571844 -0.0158498 2.68632 
0.999701 0.586831 -0.00375434 2.67216 
0.999631 0.587767 -0.00360984 2.67224 
0.999599 0.587677 -0.00287615 2.67206 
0.999544 0.589017 -0.0027674 2.67248 
0.999304 0.589634 -0.00296133 2.67199 
0.999216 0.591066 -0.00274563 2.67245 
0.999567 0.588963 -0.00216803 2.67251 
0.999511 0.590282 -0.00203888 2.67299 
0.99956 0.59021 -0.00152652 2.6731 
1.00507 0.582005 0.000329017 2.68627 
1.00486 0.58258 0.00059561 2.6859 
1.00486 0.582702 0.00101104 2.68599 
1.00459 0.583203 0.00126205 2.68537 
1.00439 0.583638 0.00080078 2.68494 
1.00418 0.584049 0.00100756 2.68449 
1.00453 0.583417 0.00160565 2.6853 
1.0043 0.58385 0.00172966 2.68479 
1.00422 0.584073 0.00203069 2.68464 
0.96868 0.641892 0.0626361 2.60668 
0.963745 0.647958 0.0558317 2.59443 
0.959597 0.653409 0.0615264 2.58523 
0.95401 0.65796 0.0520855 2.57001 
0.957426 0.657754 0.0433375 2.58032 
0.954395 0.660711 0.0344996 2.57241 
0.949395 0.665666 0.0558067 2.56101 
0.944312 0.669191 0.0437955 2.54691 
0.938771 0.677618 0.0444118 2.53571 
0.99661 0.590775 -0.0170998 2.66434 
0.994912 0.593475 -0.0173036 2.66016 
0.994599 0.594858 -0.0156861 2.65972 
0.993251 0.5983 -0.0150368 2.65719 
0.991139 0.600581 -0.0171108 2.65162 
0.989977 0.604775 -0.0151855 2.65021 
0.993007 0.599406 -0.0135469 2.65693 
0.992003 0.602888 -0.0123574 2.65565 
0.991877 0.60326 -0.0109821 2.65539 
1.00118 0.58988 0.00479689 2.67792 
1.00153 0.589171 0.00472646 2.67868 
1.00168 0.588785 0.00375595 2.67894 
1.00192 0.588355 0.00355367 2.67947 
1.00208 0.587882 0.00371797 2.67972 
1.00226 0.587585 0.00343643 2.68016 
1.00198 0.588123 0.00281325 2.67957 
1.00213 0.58782 0.00261208 2.67987 
1.00217 0.587695 0.00206176 2.67993 
0.929033 0.689369 0.0482708 2.51459 
0.926682 0.686084 0.0592434 2.50547 
0.934423 0.681682 0.07029 2.52711 
0.934158 0.676063 0.0810259 2.52306 
0.928603 0.684937 0.0872193 2.51327 
0.929068 0.677848 0.0995103 2.51074 
0.942444 0.670394 0.0888151 2.54575 
0.944082 0.662664 0.0992086 2.54644 
0.951802 0.655742 0.103346 2.56658 
1.02026 0.553268 0.0136243 2.72143 
1.01773 0.555941 0.0126682 2.71429 
1.01648 0.560098 0.0148994 2.71237 
1.01466 0.562648 0.013672 2.70762 
1.01393 0.56521 0.0095015 2.70653 
1.01246 0.56755 0.0092409 2.7029 
1.01355 0.566157 0.0152849 2.70585 
1.01216 0.568069 0.0140248 2.70223 
1.01123 0.570805 0.0152084 2.70065 
0.869725 0.705689 -0.0747778 2.35313 
0.876506 0.71303 -0.0661402 2.37834 
0.885153 0.709728 -0.0606038 2.40023 
0.88753 0.714678 -0.0482858 2.41021 
0.878683 0.717527 -0.0407111 2.38565 
0.882746 0.721176 -0.02834 2.39997 
0.893752 0.707933 -0.044187 2.42264 
0.896835 0.711325 -0.0334331 2.43393 
0.902686 0.704828 -0.0308939 2.44591 
0.999835 0.587317 -0.00121548 2.67398 
0.999878 0.587294 -0.00143145 2.67371 
0.999843 0.587357 -0.00137502 2.67326 
0.999789 0.587315 -0.0016035 2.67282 
0.999847 0.58727 -0.00193239 2.673 
0.999715 0.58734 -0.00217672 2.6724 
0.999777 0.587881 -0.00160263 2.67286 
0.999665 0.588253 -0.00171223 2.67255 
0.999658 0.589322 -0.00166023 2.67301 
1.00287 0.586519 0.00403904 2.68156 
1.00279 0.586584 0.00328326 2.68131 
1.00258 0.587002 0.0031827 2.68087 
1.00253 0.587033 0.00259394 2.68076 
1.00265 0.586856 0.00242798 2.68106 
1.0026 0.586897 0.00197178 2.6809 
1.00239 0.58732 0.00248132 2.68042 
1.00237 0.587322 0.00202277 2.68039 
1.00226 0.587511 0.00190991 2.6801 
0.979382 0.61496 0.153665 2.63575 
0.97942 0.614228 0.143865 2.63362 
0.972895 0.622787 0.13954 2.61733 
0.974589 0.62367 0.131179 2.6219 
0.980186 0.613122 0.119908 2.63157 
0.98128 0.614554 0.112743 2.63495 
0.968305 0.632034 0.125972 2.60641 
0.970514 0.63142 0.118014 2.61178 
0.965143 0.639544 0.112176 2.59923 
0.999507 0.585802 -0.00126606 2.67347 
0.999583 0.584834 -0.00119142 2.67363 
0.99966 0.584837 -0.0015891 2.67382 
0.999771 0.583679 -0.00152822 2.67403 
0.999404 0.580264 -0.00185008 2.67205 
0.999558 0.578068 -0.0016766 2.67204 
0.999851 0.583707 -0.00203773 2.67424 
1 0.58228 -0.0020255 2.67444 
1.00001 0.582245 -0.00273708 2.6744 
1.00366 0.584887 0.000326533 2.68323 
1.00366 0.584929 0.000573014 2.68328 
1.00378 0.584705 0.000798576 2.68355 
1.00373 0.584777 0.0010526 2.68342 
1.00353 0.585165 0.00125249 2.68297 
1.00345 0.585326 0.00145616 2.68282 
1.00387 0.584541 0.0013623 2.68372 
1.00378 0.584701 0.001623 2.68351 
1.00388 0.584413 0.00202523 2.68372 
0.999934 0.592303 -0.000128417 2.67536 
0.999931 0.59203 -0.000148553 2.67521 
0.999911 0.592069 -0.000218259 2.67517 
0.999898 0.591681 -0.000219422 2.67493 
0.999898 0.591228 -0.000328524 2.6747 
0.999925 0.59077 -0.000346887 2.67457 
0.999882 0.591719 -0.000316384 2.6749 
0.999878 0.591323 -0.000331847 2.67468 
0.999824 0.591376 -0.000469755 2.67454 
1.00239 0.587335 6.01612e-05 2.68044 
1.00236 0.587377 6.96329e-05 2.68036 
1.00236 0.587385 0.000136317 2.68037 
1.00233 0.587434 0.000136338 2.68029 
1.00231 0.587466 0.000105019 2.68025 
1.00229 0.587513 9.50076e-05 2.6802 
1.00232 0.587447 0.00020448 2.68027 
1.00229 0.587509 0.000187757 2.68019 
1.00227 0.587527 0.000262377 2.68014 
1.00575 0.580934 0.00530339 2.68796 
1.00558 0.581484 0.00420234 2.68767 
1.00519 0.582025 0.00409796 2.6867 
1.00504 0.582518 0.0032253 2.68646 
1.0052 0.582005 0.00278037 2.68673 
1.00501 0.582516 0.00203396 2.68635 
1.00473 0.582961 0.0031926 2.68571 
1.0046 0.583377 0.00250738 2.68549 
1.00438 0.583743 0.00252526 2.68499 
0.999578 0.563706 -0.000858522 2.66838 
1.00003 0.56721 -0.00178169 2.67015 
0.999668 0.568255 -0.00180988 2.66933 
1.00023 0.574051 -0.00266354 2.67264 
1.00046 0.574961 -0.00319339 2.67347 
1.00084 0.580452 -0.00383399 2.67636 
0.999885 0.575098 -0.00255068 2.6719 
1.00033 0.580427 -0.00316167 2.67489 
1.00003 0.581178 -0.00304042 2.67418 
0.999749 0.588077 -0.00077775 2.67309 
0.999779 0.588053 -0.0008945 2.67318 
0.999781 0.588288 -0.000948623 2.6731 
0.9998 0.588265 -0.00112594 2.67316 
0.999768 0.587744 -0.00105149 2.67296 
0.9998 0.58771 -0.0012178 2.67304 
0.999769 0.588657 -0.00115488 2.67312 
0.999771 0.588663 -0.00139565 2.67313 
0.999701 0.589274 -0.00135619 2.67311 
1.00281 0.586543 0.00128898 2.68137 
1.0027 0.586794 0.00132415 2.68114 
1.00264 0.586849 0.00146349 2.68098 
1.00253 0.587071 0.0014469 2.68075 
1.0025 0.587095 0.00118572 2.68067 
1.00242 0.587252 0.00115023 2.68049 
1.00245 0.587178 0.00154727 2.68056 
1.00235 0.587365 0.00148585 2.68033 
1.00227 0.587506 0.00155335 2.68013 
0.997415 0.572976 -0.000181236 2.66481 
0.99741 0.572925 -0.000238811 2.66471 
0.997768 0.575833 -0.000407538 2.66641 
0.997833 0.576196 -0.000483555 2.66664 
0.997879 0.57551 -0.000363373 2.66663 
0.997925 0.57595 -0.000384606 2.66682 
0.998284 0.579781 -0.000552151 2.6688 
0.998344 0.580178 -0.000597151 2.66902 
0.998731 0.583093 -0.000622292 2.67076 
1.00285 0.586431 3.69085e-05 2.68145 
1.0028 0.586516 8.68111e-05 2.68133 
1.00277 0.586603 0.000142488 2.6813 
1.00272 0.586678 0.000170665 2.68118 
1.00272 0.586735 0.000109426 2.68116 
1.00267 0.586792 0.000126912 2.68107 
1.00271 0.586778 0.0002087 2.68115 
1.00266 0.58684 0.000207655 2.68105 
1.00264 0.586935 0.000229491 2.68103 
0.997516 0.571883 -0.000167137 2.66475 
0.998036 0.575389 -0.000623372 2.66701 
0.997946 0.575765 -0.000470033 2.66682 
0.998437 0.57969 -0.000851259 2.66916 
0.998632 0.581075 -0.000690428 2.67 
0.998994 0.584062 -0.000864968 2.67168 
0.998379 0.580045 -0.00067743 2.66907 
0.998777 0.583165 -0.000918747 2.67087 
0.998746 0.58341 -0.000832183 2.67081 
1.0029 0.58632 0.00108081 2.68154 
1.00287 0.586456 0.000843409 2.68154 
1.00279 0.586546 0.000739423 2.68131 
1.00277 0.586654 0.00056505 2.68131 
1.00281 0.586514 0.00049113 2.68136 
1.00278 0.586622 0.000342625 2.68132 
1.00271 0.586722 0.000503333 2.68114 
1.00269 0.586807 0.000375192 2.68113 
1.00264 0.58686 0.000332394 2.68101 
0.957204 0.590066 -0.139821 2.55478 
0.958386 0.604615 -0.130004 2.56434 
0.967119 0.596964 -0.12088 2.58655 
0.967242 0.606972 -0.113134 2.59041 
0.961488 0.616976 -0.109723 2.57736 
0.962176 0.621861 -0.102461 2.58067 
0.973425 0.600432 -0.10558 2.60548 
0.973515 0.606903 -0.0994004 2.60785 
0.978187 0.601288 -0.0929372 2.61889 
0.999742 0.588615 -0.000108033 2.67315 
0.999754 0.588661 -0.00024189 2.6732 
0.999781 0.589278 -0.00029502 2.67346 
0.999779 0.589365 -0.000407109 2.67348 
0.999788 0.589143 -0.000442587 2.67342 
0.999794 0.589235 -0.000584854 2.67348 
0.999795 0.5902 -0.000427098 2.67388 
0.999794 0.590328 -0.000547988 2.67394 
0.999796 0.591187 -0.000533386 2.67437 
1.00242 0.587289 0.000521662 2.68051 
1.0024 0.587299 0.000457593 2.68044 
1.00237 0.587415 0.000476037 2.68041 
1.00236 0.587408 0.000408169 2.68038 
1.00238 0.587398 0.000315417 2.68044 
1.00237 0.587395 0.000266138 2.68041 
1.00233 0.587502 0.000413368 2.68033 
1.00232 0.587481 0.000346526 2.68031 
1.0023 0.587558 0.000348181 2.68027 
0.871649 0.730662 0.00943011 2.37507 
0.882463 0.723168 0.0089913 2.4 
0.886355 0.724166 -0.00327007 2.4126 
0.89408 0.714683 -0.00253527 2.42738 
0.902811 0.71219 0.0101315 2.45141 
0.909092 0.704509 0.00949132 2.46405 
0.898509 0.714771 -0.0127779 2.44106 
0.904909 0.706369 -0.0110788 2.45322 
0.909285 0.706139 -0.0193964 2.46664 
1.02324 0.542868 0.0843079 2.72989 
1.01894 0.553327 0.081178 2.72063 
1.01516 0.555879 0.0875821 2.70981 
1.01237 0.566374 0.0840195 2.70588 
1.01229 0.563763 0.0718239 2.70301 
1.01016 0.572246 0.0690056 2.70043 
1.00789 0.570343 0.0880158 2.69345 
1.00597 0.579239 0.0835984 2.69171 
1.00124 0.584326 0.0854748 2.67906 
1.00626 0.579632 0.00777138 2.68892 
1.00645 0.57908 0.00971497 2.68926 
1.00709 0.578051 0.00942834 2.69079 
1.00734 0.577551 0.0119255 2.69138 
1.0066 0.579054 0.0131871 2.68979 
1.0065 0.578965 0.015828 2.68945 
1.00804 0.576151 0.0117769 2.69293 
1.00821 0.575706 0.0149597 2.69329 
1.00898 0.574063 0.0150234 2.69495 
1.01276 0.567241 0.0387588 2.70453 
1.01378 0.566588 0.034766 2.70742 
1.01272 0.567252 0.0303593 2.70405 
1.0133 0.56736 0.0265258 2.70594 
1.01502 0.561979 0.0255056 2.70872 
1.01523 0.563077 0.0211827 2.70992 
1.01222 0.568382 0.0233538 2.70278 
1.01239 0.568889 0.0199323 2.70356 
1.01152 0.570144 0.017833 2.7013 
0.948731 0.645384 -0.0823202 2.54952 
0.954516 0.638173 -0.0796632 2.56292 
0.959488 0.630341 -0.088743 2.57482 
0.964316 0.62445 -0.0841348 2.58611 
0.964452 0.631775 -0.0763318 2.58972 
0.968363 0.627609 -0.0730828 2.5994 
0.969539 0.616776 -0.0900426 2.5989 
0.97296 0.611909 -0.0846893 2.60641 
0.977722 0.605365 -0.0877095 2.61833 
1.0024 0.587285 0.000680551 2.68045 
1.00237 0.587392 0.000691465 2.68042 
1.00236 0.587373 0.000882904 2.68036 
1.00232 0.587502 0.000886751 2.68029 
1.00228 0.587527 0.000777694 2.68021 
1.00224 0.587645 0.000764397 2.68014 
1.00229 0.587497 0.0011315 2.6802 
1.00223 0.587666 0.00112298 2.68011 
1.0022 0.587682 0.00145169 2.67999 
0.999771 0.591246 -0.000617553 2.67431 
0.999791 0.590887 -0.00062658 2.6742 
0.999738 0.590915 -0.000756533 2.67403 
0.999758 0.590493 -0.000803344 2.67389 
0.999751 0.589671 -0.000891734 2.67349 
0.99975 0.589135 -0.000894064 2.67325 
0.99969 0.590528 -0.000987481 2.67369 
0.999705 0.589959 -0.00104437 2.67346 
0.999679 0.590061 -0.00130026 2.67343 
0.999336 0.588408 -0.0154165 2.67243 
1.00025 0.587001 -0.0152568 2.67503 
1.00069 0.586587 -0.0163249 2.67644 
1.00162 0.585118 -0.0157365 2.67924 
1.002 0.584853 -0.0133834 2.68042 
1.00243 0.58236 -0.012427 2.68132 
1.00224 0.584288 -0.0169221 2.68108 
1.0033 0.581476 -0.0158225 2.68399 
1.00393 0.578969 -0.016868 2.68499 
0.993118 0.603451 0.0915815 2.66423 
0.987846 0.608599 0.0917669 2.65003 
0.986198 0.614771 0.0976206 2.64922 
0.98003 0.620986 0.0962005 2.63281 
0.978915 0.626015 0.0917911 2.6319 
0.972875 0.632122 0.0876236 2.61584 
0.977445 0.628566 0.10217 2.63013 
0.970609 0.635977 0.0982038 2.61237 
0.967056 0.645518 0.104335 2.60826 
1.0015 0.583818 -0.00610994 2.67895 
1.00098 0.584352 -0.00549619 2.67744 
1.00108 0.584217 -0.00482825 2.67793 
1.00065 0.584682 -0.00436965 2.67668 
1.00067 0.586158 -0.00445304 2.67673 
1.00039 0.58636 -0.00399942 2.67583 
1.00068 0.584388 -0.00390323 2.67686 
1.00035 0.584832 -0.00358502 2.67589 
1.00034 0.584382 -0.00333451 2.67587 
0.999396 0.588392 -0.036297 2.67479 
1.00056 0.587008 -0.0310283 2.67763 
1.00224 0.583417 -0.0314066 2.68155 
1.00251 0.583225 -0.0264629 2.68213 
1.00113 0.585848 -0.023486 2.67815 
1.00129 0.585466 -0.0202549 2.67837 
1.00374 0.580146 -0.0257436 2.68485 
1.00334 0.580691 -0.0217096 2.68363 
1.00423 0.578247 -0.0206703 2.68567 
1.00325 0.586014 0.00461447 2.68253 
1.00356 0.585188 0.00456943 2.6831 
1.00361 0.585198 0.00411885 2.68327 
1.00391 0.584336 0.00397371 2.68376 
1.00418 0.583995 0.00433182 2.68447 
1.00451 0.582975 0.00410515 2.68498 
1.00392 0.584445 0.00345908 2.68386 
1.00419 0.583599 0.00324741 2.68429 
1.00417 0.58383 0.00272053 2.68435 
0.99775 0.594064 -0.00515899 2.66928 
0.997417 0.5946 -0.00639091 2.66851 
0.996733 0.595633 -0.00657963 2.66684 
0.996106 0.596548 -0.0081358 2.66534 
0.99637 0.594443 -0.00929416 2.66506 
0.995446 0.595452 -0.0113879 2.66262 
0.99527 0.598022 -0.00803945 2.66344 
0.994156 0.599285 -0.00977333 2.66052 
0.993269 0.601392 -0.00916552 2.65883 
0.970612 0.634236 0.0714983 2.60834 
0.96671 0.643122 0.0748779 2.60203 
0.966884 0.64026 0.0795277 2.60105 
0.962767 0.649758 0.0837946 2.59478 
0.955593 0.656306 0.0774119 2.57579 
0.950345 0.667711 0.0805197 2.56769 
0.962975 0.645969 0.0891818 2.5934 
0.958025 0.657105 0.0942307 2.58604 
0.95831 0.652733 0.100103 2.58461 
1.00002 0.586895 -0.00350958 2.67374 
1.00013 0.587034 -0.00310179 2.67449 
1.0002 0.586865 -0.00322574 2.67489 
1.00023 0.586834 -0.00281433 2.67541 
1.00011 0.586872 -0.00224474 2.67508 
1.00001 0.586404 -0.00198809 2.675 
1.00028 0.586407 -0.0028984 2.67566 
1.00024 0.585697 -0.00257425 2.67575 
1.00018 0.584506 -0.00258366 2.67532 
1.00303 0.586097 0.00156844 2.68183 
1.00312 0.585998 0.00193881 2.68208 
1.00322 0.585595 0.00185221 2.68221 
1.00336 0.585459 0.00230412 2.68259 
1.00335 0.585463 0.00267508 2.68254 
1.0035 0.58534 0.00335723 2.68296 
1.0035 0.584978 0.00218297 2.68275 
1.00367 0.584786 0.00276564 2.68323 
1.00384 0.584149 0.00256169 2.68343 
1.00222 0.587621 0.000398893 2.68005 
1.00218 0.587682 0.00047083 2.67993 
1.00219 0.587736 0.000601836 2.67998 
1.00212 0.587801 0.000727947 2.67981 
1.00203 0.587987 0.000633719 2.67963 
1.00193 0.588104 0.000730653 2.67936 
1.00214 0.587848 0.000898008 2.6799 
1.00206 0.587941 0.00108465 2.67968 
1.00208 0.587989 0.00133513 2.67978 
0.999432 0.593497 -0.000205286 2.67437 
0.999477 0.593271 -0.000407588 2.67441 
0.999475 0.593305 -0.000599695 2.67443 
0.999535 0.592683 -0.000781731 2.6743 
0.999615 0.5925 -0.000666534 2.67446 
0.999636 0.591724 -0.000813983 2.67412 
0.999524 0.59245 -0.00091899 2.67414 
0.999618 0.591642 -0.00106242 2.67402 
0.999594 0.591218 -0.0011621 2.67372 
0.999654 0.587076 -0.000966824 2.67363 
0.999579 0.587175 -0.000834947 2.67337 
0.999448 0.586678 -0.00082942 2.67309 
0.999404 0.586794 -0.000723425 2.67294 
0.999564 0.587344 -0.000709942 2.6731 
0.999551 0.587382 -0.000644132 2.67303 
0.999264 0.586146 -0.000802871 2.67254 
0.999246 0.586255 -0.000723717 2.67248 
0.999101 0.585386 -0.000927043 2.67197 
1.00248 0.587137 0.000669133 2.68063 
1.00252 0.587014 0.000674903 2.68068 
1.00254 0.587031 0.00057976 2.68075 
1.00257 0.586921 0.000570245 2.68081 
1.00261 0.58689 0.000690999 2.68094 
1.00267 0.58675 0.000665157 2.68102 
1.00258 0.586955 0.000475088 2.68085 
1.00262 0.586857 0.000454168 2.68091 
1.00262 0.586909 0.000364651 2.68093 
0.992104 0.601518 0.0514831 2.65635 
0.9915 0.604706 0.0574045 2.65668 
0.99227 0.60138 0.0605263 2.65739 
0.991418 0.604995 0.0675716 2.65733 
0.987906 0.60788 0.0690684 2.64764 
0.986179 0.613189 0.0772283 2.64602 
0.992534 0.600698 0.0712836 2.65866 
0.991512 0.605131 0.0801725 2.65883 
0.992812 0.599493 0.0847161 2.66007 
0.94142 0.671914 -0.0323922 2.54001 
0.943271 0.669264 -0.0392305 2.54431 
0.940321 0.666464 -0.0437031 2.53338 
0.943176 0.662528 -0.0506388 2.54009 
0.949887 0.659103 -0.050768 2.55892 
0.95379 0.655306 -0.0551053 2.56905 
0.941053 0.661509 -0.0567257 2.53339 
0.945369 0.656287 -0.0625255 2.54389 
0.943844 0.654789 -0.0698633 2.53909 
0.937155 0.668648 -0.0284979 2.52408 
0.934809 0.672135 -0.0327591 2.51961 
0.93124 0.676155 -0.0301025 2.51128 
0.927923 0.680773 -0.0354979 2.50491 
0.929362 0.677735 -0.0476722 2.50797 
0.926849 0.680703 -0.0542738 2.50321 
0.923702 0.685623 -0.0324036 2.4953 
0.919649 0.689395 -0.0387955 2.48628 
0.915106 0.695372 -0.0353306 2.4767 
0.995126 0.600099 -0.00102702 2.66402 
0.995155 0.600391 -0.00217262 2.66431 
0.994577 0.601568 -0.00300294 2.66311 
0.994594 0.60089 -0.00411475 2.6628 
0.995479 0.599641 -0.00467261 2.66498 
0.99564 0.597944 -0.005661 2.66456 
0.993928 0.60205 -0.00521378 2.6613 
0.994022 0.600366 -0.00641996 2.66066 
0.993156 0.601787 -0.00766196 2.65867 
1.01003 0.573704 0.0478799 2.69945 
1.00772 0.575686 0.0517514 2.693 
1.00822 0.577919 0.0575669 2.69637 
1.00476 0.580834 0.0612512 2.68669 
1.00231 0.587992 0.0593122 2.6826 
0.998395 0.591955 0.0606759 2.67201 
1.00478 0.58437 0.0686778 2.68939 
1.00007 0.588912 0.0709817 2.67652 
0.999266 0.594459 0.0802167 2.67803 
0.925496 0.687387 0.0295633 2.50116 
0.923634 0.688607 0.0172126 2.49614 
0.919931 0.695266 0.0151347 2.48985 
0.919299 0.695533 0.00193889 2.48818 
0.923909 0.687901 -0.00381314 2.49646 
0.924778 0.6866 -0.0152622 2.49847 
0.915355 0.699229 -0.00169494 2.47899 
0.916566 0.698183 -0.0148666 2.48227 
0.912937 0.699506 -0.0199593 2.47239 
1.00261 0.58686 4.32061e-05 2.68089 
1.00261 0.586907 5.42929e-05 2.68092 
1.00263 0.586878 9.11732e-05 2.68096 
1.00262 0.586924 0.000117363 2.68095 
1.00259 0.586951 6.33126e-05 2.6809 
1.00259 0.586987 7.91491e-05 2.6809 
1.00262 0.586913 0.000156498 2.68097 
1.00261 0.586959 0.000173129 2.68096 
1.00261 0.586963 0.000213664 2.68097 
1.00255 0.587034 8.76163e-06 2.6808 
1.00255 0.587037 2.61144e-05 2.6808 
1.00256 0.587027 4.73484e-05 2.68083 
1.00255 0.587028 7.94404e-05 2.68081 
1.00253 0.587079 9.27073e-05 2.68075 
1.00251 0.587102 0.000122764 2.68072 
1.00257 0.587013 0.000113362 2.68085 
1.00256 0.587018 0.000157238 2.68082 
1.00258 0.586997 0.000208361 2.68088 
0.99692 0.573856 -0.000124158 2.66352 
0.997087 0.574158 -7.34896e-05 2.66413 
0.997309 0.576252 -0.000305597 2.66521 
0.997508 0.576772 -0.000350898 2.66592 
0.997439 0.576097 -0.000307979 2.66552 
0.997747 0.576663 -0.000361345 2.66668 
0.997898 0.579807 -0.000541408 2.66771 
0.99824 0.58052 -0.000530139 2.66897 
0.998574 0.583068 -0.000687945 2.67031 
0.999577 0.587723 -0.000303303 2.67271 
0.999445 0.587067 -0.000351133 2.67248 
0.999439 0.587094 -0.000501437 2.67249 
0.999254 0.586077 -0.000505301 2.67215 
0.998972 0.58467 -0.000811001 2.6713 
0.998748 0.582766 -0.00078462 2.67067 
0.999275 0.586104 -0.000736348 2.67226 
0.999007 0.584591 -0.000691502 2.6716 
0.999023 0.584583 -0.00104803 2.67168 
