7109
0.00101278
0.000608409
0.000363539
0.000271698
0.000245216
0.000208509
0.000171698
0.000159392
0.000178784
0.000193329
0.000175245
0.000157768
0.000163893
0.000143611
0.00012151
0.000141019
0.000148828
0.000145382
0.000134554
0.000129481
0.000132759
0.000128569
0.000118767
0.000111012
0.000109055
0.000112876
0.000123328
0.000132069
0.000133937
0.000128925
0.000122956
0.000125728
0.000123835
0.000122984
0.0001245
0.000130257
0.000139369
0.000139969
0.000136386
0.000131392
0.000128478
0.000131895
0.000131107
0.000131652
0.000133654
0.000128413
0.000116204
9.79893e-05
0.00010021
0.000105658
0.000107283
0.000123548
0.000136775
0.000143417
0.000143525
0.000137722
0.000127053
0.000129401
0.000130986
0.000126816
0.000133625
0.000136162
0.00013368
0.000126737
0.000133669
0.000139545
0.000139521
0.000133964
0.00012472
0.000124286
0.000120139
0.000124467
0.000142457
0.000155079
0.000169504
0.000174997
0.000170745
0.000156712
0.000133621
0.000107627
0.000102196
0.000111759
0.000118845
0.000123549
0.000126024
0.000126463
0.000148139
0.000165513
0.000174941
0.000176487
0.000170657
0.000158322
0.00014791
0.000134979
0.000117383
0.000109597
0.000105064
9.9189e-05
9.52249e-05
9.38492e-05
9.15143e-05
8.82917e-05
8.42653e-05
8.16955e-05
7.95069e-05
7.67078e-05
7.98555e-05
8.02832e-05
8.04047e-05
8.01469e-05
7.78661e-05
7.53236e-05
7.22262e-05
7.46813e-05
7.8439e-05
7.94199e-05
7.77598e-05
7.61512e-05
7.85042e-05
8.26215e-05
8.44275e-05
8.50716e-05
8.4613e-05
8.50554e-05
8.3318e-05
7.83409e-05
7.84465e-05
7.4274e-05
7.03143e-05
7.05934e-05
6.76784e-05
6.66473e-05
6.42273e-05
5.97659e-05
6.15591e-05
6.1171e-05
5.97337e-05
6.04132e-05
6.15971e-05
6.26633e-05
6.39436e-05
6.60847e-05
6.80991e-05
6.99704e-05
7.16839e-05
7.32261e-05
7.45849e-05
7.57496e-05
7.67102e-05
7.74575e-05
7.79827e-05
7.82775e-05
7.86743e-05
8.11816e-05
8.4626e-05
8.78673e-05
9.08726e-05
9.36106e-05
9.6053e-05
9.81743e-05
9.99527e-05
0.00010137
0.000102413
0.000103072
0.000103341
0.000104164
0.00010477
0.000104986
0.000104816
0.000104264
0.000103338
0.00010205
0.00010041
9.84358e-05
9.61432e-05
9.35519e-05
9.06837e-05
8.7562e-05
8.4212e-05
8.06604e-05
7.69351e-05
7.48956e-05
7.33057e-05
7.16128e-05
6.98326e-05
6.79802e-05
6.60705e-05
6.41178e-05
6.21354e-05
6.01361e-05
5.81314e-05
5.61319e-05
5.41469e-05
5.21847e-05
5.16425e-05
5.22627e-05
5.27374e-05
5.30603e-05
5.32255e-05
5.32273e-05
5.7435e-05
6.28011e-05
6.78646e-05
7.25691e-05
7.56395e-05
7.68485e-05
7.60384e-05
7.31309e-05
6.81326e-05
6.11364e-05
5.23178e-05
5.0055e-05
5.06692e-05
5.1212e-05
5.16788e-05
5.23807e-05
5.3032e-05
5.3583e-05
5.65104e-05
6.22781e-05
6.61484e-05
6.80578e-05
7.03971e-05
7.20139e-05
7.15582e-05
6.9121e-05
6.48564e-05
5.8973e-05
5.6007e-05
5.5877e-05
5.5614e-05
5.52199e-05
5.50356e-05
5.53075e-05
5.54348e-05
5.54229e-05
5.52777e-05
5.50063e-05
5.46163e-05
5.41161e-05
5.35143e-05
5.3005e-05
5.28725e-05
5.26153e-05
5.56481e-05
5.77988e-05
5.892e-05
5.9051e-05
5.88297e-05
5.97024e-05
5.96451e-05
6.0198e-05
5.99796e-05
5.88706e-05
5.69328e-05
5.42418e-05
5.41212e-05
5.42008e-05
5.41641e-05
5.40125e-05
5.37473e-05
5.33707e-05
5.2885e-05
5.22934e-05
5.15992e-05
5.08064e-05
5.15655e-05
5.23005e-05
5.27333e-05
5.29357e-05
5.38651e-05
5.4501e-05
5.48421e-05
5.48906e-05
5.47221e-05
5.56385e-05
5.62576e-05
5.65807e-05
5.66117e-05
5.6463e-05
5.70928e-05
5.74328e-05
5.74859e-05
5.72575e-05
5.67553e-05
5.66871e-05
5.70804e-05
5.71962e-05
5.70396e-05
5.66176e-05
5.59394e-05
5.50159e-05
5.38599e-05
5.24857e-05
5.13202e-05
5.0557e-05
4.95881e-05
4.8795e-05
4.82687e-05
4.81405e-05
4.78623e-05
4.80156e-05
4.82909e-05
4.83966e-05
4.83409e-05
4.81327e-05
4.7782e-05
4.8575e-05
4.93712e-05
5.00244e-05
5.05384e-05
5.14126e-05
5.25471e-05
5.3537e-05
5.43826e-05
5.50848e-05
5.57679e-05
5.70475e-05
5.86105e-05
5.99954e-05
6.11981e-05
6.25527e-05
6.41433e-05
6.55201e-05
6.66788e-05
6.76165e-05
6.83321e-05
6.88256e-05
6.98853e-05
7.10067e-05
7.18675e-05
7.2468e-05
7.28102e-05
7.28981e-05
7.27376e-05
7.2336e-05
7.17023e-05
7.08471e-05
6.97823e-05
6.85208e-05
6.70768e-05
6.5465e-05
6.37013e-05
6.18018e-05
5.97829e-05
5.78199e-05
5.69398e-05
5.62027e-05
5.5318e-05
5.4296e-05
5.31476e-05
5.18843e-05
5.05175e-05
4.95076e-05
4.86684e-05
4.77194e-05
4.66692e-05
4.55266e-05
4.43006e-05
4.30003e-05
4.18983e-05
4.13733e-05
4.07714e-05
4.00955e-05
3.93487e-05
3.85347e-05
3.76573e-05
3.67207e-05
3.62776e-05
3.62655e-05
3.6255e-05
3.62472e-05
3.62423e-05
3.62397e-05
3.62384e-05
3.64586e-05
3.66413e-05
3.68219e-05
3.8089e-05
3.92905e-05
4.04179e-05
4.14629e-05
4.24181e-05
4.32762e-05
4.4099e-05
4.53381e-05
4.64521e-05
4.74318e-05
4.82692e-05
4.89574e-05
4.94904e-05
4.98638e-05
5.0074e-05
5.01189e-05
4.99978e-05
4.97109e-05
4.93728e-05
4.91089e-05
4.83199e-05
4.70384e-05
4.64768e-05
4.60748e-05
4.52183e-05
4.44523e-05
4.33771e-05
4.19036e-05
4.00646e-05
3.78983e-05
3.60538e-05
3.57715e-05
3.55057e-05
3.53934e-05
3.54518e-05
3.54256e-05
3.53117e-05
3.51073e-05
3.48103e-05
3.44186e-05
3.50289e-05
3.55521e-05
3.63765e-05
3.70695e-05
3.7601e-05
3.79649e-05
3.81572e-05
3.81759e-05
3.80209e-05
3.76941e-05
3.71995e-05
3.65427e-05
3.57315e-05
3.47748e-05
3.36835e-05
3.24695e-05
3.20273e-05
3.16332e-05
3.18579e-05
3.2009e-05
3.23769e-05
3.33752e-05
3.42849e-05
3.5088e-05
3.57677e-05
3.63082e-05
3.66956e-05
3.6918e-05
3.69658e-05
3.71499e-05
3.74768e-05
3.77415e-05
3.80059e-05
3.84304e-05
3.87874e-05
3.98738e-05
4.10166e-05
4.19915e-05
4.27841e-05
4.33811e-05
4.37709e-05
4.39436e-05
4.3891e-05
4.38477e-05
4.38604e-05
4.36484e-05
4.32073e-05
4.28547e-05
4.36206e-05
4.42886e-05
4.47619e-05
4.50311e-05
4.50887e-05
4.49286e-05
4.45466e-05
4.44548e-05
4.45938e-05
4.45291e-05
4.4256e-05
4.3771e-05
4.30725e-05
4.21604e-05
4.13272e-05
4.10013e-05
4.13851e-05
4.20227e-05
4.25412e-05
4.29429e-05
4.32309e-05
4.38464e-05
4.45387e-05
4.5105e-05
4.55476e-05
4.58697e-05
4.64175e-05
4.6955e-05
4.78426e-05
4.86842e-05
4.93671e-05
4.98943e-05
5.027e-05
5.04992e-05
5.11754e-05
5.19875e-05
5.26173e-05
5.30694e-05
5.33493e-05
5.34633e-05
5.34187e-05
5.3223e-05
5.28848e-05
5.24127e-05
5.18161e-05
5.11042e-05
5.02868e-05
4.93737e-05
4.83746e-05
4.72995e-05
4.65368e-05
4.64366e-05
4.61923e-05
4.58109e-05
4.53002e-05
4.46682e-05
4.39234e-05
4.30744e-05
4.25818e-05
4.2351e-05
4.26491e-05
4.33381e-05
4.39422e-05
4.44584e-05
4.48841e-05
4.52173e-05
4.54567e-05
4.56014e-05
4.63384e-05
4.70002e-05
4.75595e-05
4.80153e-05
4.83668e-05
4.86141e-05
4.87581e-05
4.88001e-05
4.87424e-05
4.85874e-05
4.83386e-05
4.79997e-05
4.77197e-05
4.80985e-05
4.84176e-05
4.93336e-05
5.01725e-05
5.09312e-05
5.17985e-05
5.30935e-05
5.43e-05
5.54112e-05
5.67264e-05
5.82112e-05
5.9578e-05
6.08178e-05
6.19223e-05
6.28839e-05
6.36958e-05
6.4352e-05
6.48473e-05
6.51775e-05
6.53392e-05
6.53302e-05
6.5149e-05
6.47953e-05
6.42697e-05
6.35737e-05
6.27098e-05
6.16898e-05
6.11182e-05
6.03915e-05
5.95126e-05
5.84851e-05
5.73134e-05
5.60025e-05
5.45581e-05
5.29864e-05
5.12942e-05
4.94993e-05
4.82658e-05
4.80556e-05
4.82882e-05
4.84444e-05
4.85219e-05
4.85185e-05
4.84322e-05
4.82612e-05
4.80041e-05
4.76599e-05
4.72277e-05
4.6707e-05
4.60979e-05
4.54006e-05
4.46158e-05
4.37447e-05
4.27887e-05
4.19244e-05
4.14654e-05
4.0917e-05
4.02807e-05
3.95581e-05
3.87516e-05
3.78636e-05
3.68972e-05
3.58556e-05
3.47425e-05
3.35619e-05
3.26914e-05
3.22242e-05
3.16934e-05
3.11011e-05
3.04498e-05
2.97421e-05
2.89809e-05
2.81692e-05
2.83581e-05
2.87976e-05
2.91587e-05
2.94451e-05
2.96609e-05
2.98102e-05
2.98973e-05
2.99266e-05
2.99026e-05
3.00327e-05
3.0547e-05
3.10034e-05
3.14001e-05
3.17357e-05
3.20089e-05
3.22186e-05
3.23641e-05
3.24929e-05
3.26748e-05
3.28942e-05
3.31037e-05
3.33538e-05
3.3608e-05
3.3774e-05
3.38518e-05
3.38416e-05
3.37443e-05
3.36865e-05
3.35596e-05
3.33434e-05
3.32808e-05
3.3584e-05
3.38781e-05
3.54948e-05
3.70496e-05
3.8533e-05
3.99359e-05
4.12495e-05
4.2466e-05
4.35781e-05
4.45791e-05
4.54631e-05
4.62253e-05
4.68612e-05
4.73674e-05
4.77414e-05
4.79813e-05
4.80862e-05
4.8056e-05
4.78912e-05
4.75934e-05
4.71647e-05
4.69512e-05
4.68878e-05
4.66862e-05
4.6347e-05
4.58717e-05
4.52625e-05
4.45443e-05
4.40088e-05
4.33449e-05
4.25555e-05
4.16441e-05
4.06149e-05
3.94727e-05
3.82228e-05
3.72541e-05
3.61875e-05
3.50224e-05
3.37642e-05
3.24189e-05
3.13076e-05
3.02375e-05
2.90898e-05
2.787e-05
2.65839e-05
2.52376e-05
2.38376e-05
2.28908e-05
2.32528e-05
2.3554e-05
2.37946e-05
2.39748e-05
2.40953e-05
2.41572e-05
2.41615e-05
2.41099e-05
2.40039e-05
2.38457e-05
2.36375e-05
2.34565e-05
2.32784e-05
2.30543e-05
2.27943e-05
2.26174e-05
2.23942e-05
2.2124e-05
2.18062e-05
2.14406e-05
2.10268e-05
2.05649e-05
2.00552e-05
1.94981e-05
1.88944e-05
1.82448e-05
1.75724e-05
1.68952e-05
1.62676e-05
1.60353e-05
1.65298e-05
1.70416e-05
1.7555e-05
1.80939e-05
1.86614e-05
1.91978e-05
1.9701e-05
2.01691e-05
2.06002e-05
2.09926e-05
2.13448e-05
2.16552e-05
2.19228e-05
2.21464e-05
2.23251e-05
2.2508e-05
2.2644e-05
2.27241e-05
2.27482e-05
2.27167e-05
2.26304e-05
2.32253e-05
2.38402e-05
2.43938e-05
2.48851e-05
2.53137e-05
2.56796e-05
2.59831e-05
2.62251e-05
2.64068e-05
2.65299e-05
2.65962e-05
2.66078e-05
2.65673e-05
2.64772e-05
2.63403e-05
2.61595e-05
2.59377e-05
2.56779e-05
2.5383e-05
2.50559e-05
2.46993e-05
2.44168e-05
2.47223e-05
2.49353e-05
2.50543e-05
2.50786e-05
2.50082e-05
2.48445e-05
2.48148e-05
2.47311e-05
2.45911e-05
2.43927e-05
2.41342e-05
2.3814e-05
2.34312e-05
2.30078e-05
2.26716e-05
2.22707e-05
2.18041e-05
2.12714e-05
2.06724e-05
2.00079e-05
1.92788e-05
1.86936e-05
1.85855e-05
1.84488e-05
1.82826e-05
1.80864e-05
1.78597e-05
1.76023e-05
1.74638e-05
1.76341e-05
1.77847e-05
1.79133e-05
1.80177e-05
1.80961e-05
1.81466e-05
1.82834e-05
1.87293e-05
1.91376e-05
1.9536e-05
1.99413e-05
2.02928e-05
2.05877e-05
2.0823e-05
2.09967e-05
2.11068e-05
2.11617e-05
2.11952e-05
2.11581e-05
2.10503e-05
2.08721e-05
2.07597e-05
2.09013e-05
2.09945e-05
2.11386e-05
2.1472e-05
2.17561e-05
2.19882e-05
2.2166e-05
2.22876e-05
2.25063e-05
2.28692e-05
2.31705e-05
2.34104e-05
2.36434e-05
2.3806e-05
2.38961e-05
2.40987e-05
2.43228e-05
2.44702e-05
2.45391e-05
2.45279e-05
2.44354e-05
2.42613e-05
2.40054e-05
2.36681e-05
2.32505e-05
2.27539e-05
2.21805e-05
2.15326e-05
2.08132e-05
2.04439e-05
2.00171e-05
1.95295e-05
1.92516e-05
1.89218e-05
1.8536e-05
1.81013e-05
1.90059e-05
1.98871e-05
2.07448e-05
2.1579e-05
2.23893e-05
2.31753e-05
2.39367e-05
2.46728e-05
2.5383e-05
2.60664e-05
2.6722e-05
2.73485e-05
2.79447e-05
2.85092e-05
2.90402e-05
2.95362e-05
2.99954e-05
3.04158e-05
3.07955e-05
3.11327e-05
3.14253e-05
3.16716e-05
3.18696e-05
3.20177e-05
3.21143e-05
3.21579e-05
3.21474e-05
3.20817e-05
3.19601e-05
3.1782e-05
3.15473e-05
3.12561e-05
3.09087e-05
3.05058e-05
3.00486e-05
2.95383e-05
2.89766e-05
2.83656e-05
2.77075e-05
2.70048e-05
2.62604e-05
2.54773e-05
2.47742e-05
2.4126e-05
2.34555e-05
2.27645e-05
2.20552e-05
2.13296e-05
2.0644e-05
2.00486e-05
1.94434e-05
1.88291e-05
1.84295e-05
1.8037e-05
1.76607e-05
1.72737e-05
1.68745e-05
1.64616e-05
1.60333e-05
1.57033e-05
1.54408e-05
1.51546e-05
1.48431e-05
1.45046e-05
1.41376e-05
1.37412e-05
1.33143e-05
1.28564e-05
1.2367e-05
1.18521e-05
1.13543e-05
1.08251e-05
1.06664e-05
1.07565e-05
1.08461e-05
1.09356e-05
1.1025e-05
1.11144e-05
1.12039e-05
1.13501e-05
1.14906e-05
1.16015e-05
1.17571e-05
1.20178e-05
1.22565e-05
1.24725e-05
1.26653e-05
1.28338e-05
1.32555e-05
1.38633e-05
1.44462e-05
1.50007e-05
1.55233e-05
1.60103e-05
1.64582e-05
1.68635e-05
1.72228e-05
1.75328e-05
1.77904e-05
1.79929e-05
1.81377e-05
1.82227e-05
1.82461e-05
1.82519e-05
1.83083e-05
1.83012e-05
1.823e-05
1.80947e-05
1.78956e-05
1.76334e-05
1.76505e-05
1.7823e-05
1.79331e-05
1.79803e-05
1.79641e-05
1.78929e-05
1.79314e-05
1.79089e-05
1.78252e-05
1.78443e-05
1.78825e-05
1.7862e-05
1.77827e-05
1.76447e-05
1.74483e-05
1.71943e-05
1.68835e-05
1.65173e-05
1.60971e-05
1.56248e-05
1.52609e-05
1.52481e-05
1.52155e-05
1.51632e-05
1.50917e-05
1.50011e-05
1.48921e-05
1.47651e-05
1.46207e-05
1.44596e-05
1.42826e-05
1.40904e-05
1.3884e-05
1.36641e-05
1.34318e-05
1.3188e-05
1.29336e-05
1.26697e-05
1.2541e-05
1.24549e-05
1.25976e-05
1.2878e-05
1.31262e-05
1.33428e-05
1.35285e-05
1.36841e-05
1.38105e-05
1.39089e-05
1.39804e-05
1.40264e-05
1.40484e-05
1.40478e-05
1.40261e-05
1.39852e-05
1.39266e-05
1.38917e-05
1.38512e-05
1.38072e-05
1.37562e-05
1.36923e-05
1.36175e-05
1.35687e-05
1.3527e-05
1.34772e-05
1.34307e-05
1.33849e-05
1.34204e-05
1.34717e-05
1.35098e-05
1.35756e-05
1.36367e-05
1.36928e-05
1.37437e-05
1.3789e-05
1.38282e-05
1.38609e-05
1.38866e-05
1.39046e-05
1.39143e-05
1.39153e-05
1.39068e-05
1.38881e-05
1.38586e-05
1.38176e-05
1.37646e-05
1.36987e-05
1.36195e-05
1.35263e-05
1.35746e-05
1.37098e-05
1.38068e-05
1.3866e-05
1.38877e-05
1.39422e-05
1.39737e-05
1.39651e-05
1.4053e-05
1.41082e-05
1.41195e-05
1.40873e-05
1.40123e-05
1.38953e-05
1.37373e-05
1.35395e-05
1.33034e-05
1.30303e-05
1.27222e-05
1.23807e-05
1.2008e-05
1.1606e-05
1.1177e-05
1.07233e-05
1.04648e-05
1.02242e-05
1.03303e-05
1.05868e-05
1.0836e-05
1.10686e-05
1.12833e-05
1.14789e-05
1.16541e-05
1.18078e-05
1.20095e-05
1.21946e-05
1.23514e-05
1.24791e-05
1.2577e-05
1.26446e-05
1.26813e-05
1.2687e-05
1.26616e-05
1.26051e-05
1.25178e-05
1.25007e-05
1.2642e-05
1.27705e-05
1.28854e-05
1.29863e-05
1.30727e-05
1.31442e-05
1.32004e-05
1.32411e-05
1.32659e-05
1.32747e-05
1.32672e-05
1.32435e-05
1.32034e-05
1.3147e-05
1.30743e-05
1.29856e-05
1.28808e-05
1.27603e-05
1.26244e-05
1.24732e-05
1.23073e-05
1.21269e-05
1.19651e-05
1.18831e-05
1.17893e-05
1.16838e-05
1.16168e-05
1.15426e-05
1.14879e-05
1.14241e-05
1.13498e-05
1.12653e-05
1.11708e-05
1.10663e-05
1.09521e-05
1.10334e-05
1.12094e-05
1.13633e-05
1.1495e-05
1.16043e-05
1.16912e-05
1.17558e-05
1.18576e-05
1.20497e-05
1.2218e-05
1.23626e-05
1.24836e-05
1.2581e-05
1.26552e-05
1.27065e-05
1.28397e-05
1.30386e-05
1.32127e-05
1.33619e-05
1.34863e-05
1.35861e-05
1.36615e-05
1.37128e-05
1.38385e-05
1.40517e-05
1.42371e-05
1.43945e-05
1.45239e-05
1.46253e-05
1.4699e-05
1.4745e-05
1.47639e-05
1.47559e-05
1.47779e-05
1.48487e-05
1.48915e-05
1.49062e-05
1.48931e-05
1.49229e-05
1.52024e-05
1.5462e-05
1.56949e-05
1.59012e-05
1.62007e-05
1.65314e-05
1.68249e-05
1.72053e-05
1.75734e-05
1.79002e-05
1.81853e-05
1.84285e-05
1.86298e-05
1.87894e-05
1.90009e-05
1.91708e-05
1.92976e-05
1.93819e-05
1.94242e-05
1.94488e-05
1.95605e-05
1.96281e-05
1.96523e-05
1.9634e-05
1.95741e-05
1.95188e-05
1.94706e-05
1.93814e-05
1.92527e-05
1.90859e-05
1.88826e-05
1.87178e-05
1.85814e-05
1.84081e-05
1.81995e-05
1.79575e-05
1.76839e-05
1.73807e-05
1.70502e-05
1.66945e-05
1.63159e-05
1.59167e-05
1.54992e-05
1.50658e-05
1.4619e-05
1.4161e-05
1.36943e-05
1.34468e-05
1.32782e-05
1.30964e-05
1.29018e-05
1.26949e-05
1.24762e-05
1.22463e-05
1.24526e-05
1.26706e-05
1.28695e-05
1.30491e-05
1.3209e-05
1.33489e-05
1.34687e-05
1.38225e-05
1.42021e-05
1.45615e-05
1.48999e-05
1.52168e-05
1.55116e-05
1.57838e-05
1.60732e-05
1.64643e-05
1.68309e-05
1.71722e-05
1.74878e-05
1.77771e-05
1.80397e-05
1.8275e-05
1.84828e-05
1.86628e-05
1.88147e-05
1.89385e-05
1.90341e-05
1.91014e-05
1.91514e-05
1.92911e-05
1.94025e-05
1.94853e-05
1.95396e-05
1.95655e-05
1.95629e-05
1.95321e-05
1.94732e-05
1.93866e-05
1.92726e-05
1.92488e-05
1.92854e-05
1.92975e-05
1.93215e-05
1.93502e-05
1.93531e-05
1.933e-05
1.92808e-05
1.92782e-05
1.92819e-05
1.92578e-05
1.92058e-05
1.9126e-05
1.90185e-05
1.88833e-05
1.87207e-05
1.85312e-05
1.8315e-05
1.80726e-05
1.78046e-05
1.75117e-05
1.71945e-05
1.68539e-05
1.64906e-05
1.61055e-05
1.57051e-05
1.55521e-05
1.53765e-05
1.51791e-05
1.4961e-05
1.477e-05
1.46137e-05
1.44368e-05
1.42419e-05
1.40972e-05
1.39352e-05
1.37551e-05
1.35584e-05
1.33462e-05
1.31201e-05
1.28936e-05
1.27141e-05
1.25239e-05
1.2331e-05
1.2654e-05
1.29499e-05
1.32183e-05
1.34587e-05
1.36706e-05
1.3854e-05
1.40084e-05
1.41337e-05
1.44338e-05
1.47381e-05
1.50085e-05
1.52439e-05
1.5444e-05
1.5608e-05
1.57766e-05
1.60467e-05
1.62777e-05
1.6469e-05
1.66201e-05
1.67307e-05
1.68006e-05
1.68297e-05
1.68181e-05
1.6766e-05
1.66736e-05
1.65415e-05
1.63702e-05
1.61605e-05
1.59131e-05
1.5629e-05
1.53093e-05
1.49551e-05
1.45677e-05
1.41505e-05
1.37781e-05
1.33759e-05
1.29453e-05
1.2729e-05
1.26175e-05
1.24932e-05
1.23569e-05
1.22093e-05
1.20513e-05
1.18836e-05
1.1707e-05
1.1689e-05
1.16691e-05
1.16371e-05
1.15925e-05
1.15349e-05
1.14636e-05
1.14494e-05
1.14439e-05
1.14291e-05
1.14045e-05
1.137e-05
1.13251e-05
1.12697e-05
1.12322e-05
1.1206e-05
1.11677e-05
1.11171e-05
1.10538e-05
1.09777e-05
1.08886e-05
1.07865e-05
1.06713e-05
1.05431e-05
1.0402e-05
1.06888e-05
1.1087e-05
1.1467e-05
1.18286e-05
1.21716e-05
1.24958e-05
1.28013e-05
1.30879e-05
1.33556e-05
1.36045e-05
1.38345e-05
1.40457e-05
1.42383e-05
1.44123e-05
1.45679e-05
1.47052e-05
1.48244e-05
1.49256e-05
1.5009e-05
1.50749e-05
1.51234e-05
1.51548e-05
1.51692e-05
1.51668e-05
1.51479e-05
1.51126e-05
1.50612e-05
1.5009e-05
1.4949e-05
1.49068e-05
1.48533e-05
1.47775e-05
1.46792e-05
1.45581e-05
1.44142e-05
1.42472e-05
1.40572e-05
1.38441e-05
1.3608e-05
1.3349e-05
1.3223e-05
1.31615e-05
1.30835e-05
1.29883e-05
1.28756e-05
1.2745e-05
1.2596e-05
1.24283e-05
1.22416e-05
1.20356e-05
1.181e-05
1.15647e-05
1.12994e-05
1.10142e-05
1.07089e-05
1.03836e-05
1.04688e-05
1.05684e-05
1.0646e-05
1.07019e-05
1.07362e-05
1.07493e-05
1.07415e-05
1.09401e-05
1.11468e-05
1.13355e-05
1.1506e-05
1.16578e-05
1.17907e-05
1.19044e-05
1.19988e-05
1.20884e-05
1.22007e-05
1.22939e-05
1.23676e-05
1.24215e-05
1.24554e-05
1.24688e-05
1.24615e-05
1.24332e-05
1.23838e-05
1.2313e-05
1.22208e-05
1.21068e-05
1.19712e-05
1.18138e-05
1.16346e-05
1.14337e-05
1.12335e-05
1.14839e-05
1.1732e-05
1.19771e-05
1.22014e-05
1.24049e-05
1.25875e-05
1.27491e-05
1.28899e-05
1.30101e-05
1.31097e-05
1.31891e-05
1.32486e-05
1.32885e-05
1.33092e-05
1.33112e-05
1.32949e-05
1.32607e-05
1.32093e-05
1.31411e-05
1.30566e-05
1.29565e-05
1.28412e-05
1.27113e-05
1.25674e-05
1.24101e-05
1.23598e-05
1.2352e-05
1.23294e-05
1.22917e-05
1.22388e-05
1.21708e-05
1.20874e-05
1.19887e-05
1.18745e-05
1.18271e-05
1.17682e-05
1.1696e-05
1.16104e-05
1.15111e-05
1.13981e-05
1.12967e-05
1.12064e-05
1.11645e-05
1.11112e-05
1.10461e-05
1.11146e-05
1.14743e-05
1.18118e-05
1.21264e-05
1.24174e-05
1.26843e-05
1.29267e-05
1.31442e-05
1.33365e-05
1.35033e-05
1.36445e-05
1.376e-05
1.38497e-05
1.39137e-05
1.39522e-05
1.39653e-05
1.39533e-05
1.39166e-05
1.38555e-05
1.37706e-05
1.36624e-05
1.35316e-05
1.33787e-05
1.32045e-05
1.30098e-05
1.27954e-05
1.25622e-05
1.23112e-05
1.20431e-05
1.17591e-05
1.14602e-05
1.11715e-05
1.09844e-05
1.07815e-05
1.05652e-05
1.04093e-05
1.02381e-05
1.00524e-05
9.85326e-06
9.64151e-06
9.41811e-06
9.60837e-06
9.91327e-06
1.02032e-05
1.04775e-05
1.07356e-05
1.09768e-05
1.12005e-05
1.14064e-05
1.15939e-05
1.17628e-05
1.19126e-05
1.20432e-05
1.21545e-05
1.22463e-05
1.23187e-05
1.23717e-05
1.24055e-05
1.24202e-05
1.24163e-05
1.23941e-05
1.2354e-05
1.22966e-05
1.22224e-05
1.21496e-05
1.21549e-05
1.21422e-05
1.21121e-05
1.21106e-05
1.21123e-05
1.20962e-05
1.20628e-05
1.20128e-05
1.19759e-05
1.19294e-05
1.18714e-05
1.18026e-05
1.1719e-05
1.16217e-05
1.15112e-05
1.14044e-05
1.13122e-05
1.12084e-05
1.10936e-05
1.09687e-05
1.08343e-05
1.06914e-05
1.05407e-05
1.0383e-05
1.02328e-05
1.04168e-05
1.05872e-05
1.07432e-05
1.08839e-05
1.10087e-05
1.11169e-05
1.12376e-05
1.14155e-05
1.15745e-05
1.17139e-05
1.18327e-05
1.19305e-05
1.20571e-05
1.21952e-05
1.23095e-05
1.24043e-05
1.24782e-05
1.25409e-05
1.26376e-05
1.27076e-05
1.27507e-05
1.27665e-05
1.27547e-05
1.27152e-05
1.26481e-05
1.25533e-05
1.24547e-05
1.25226e-05
1.25642e-05
1.25794e-05
1.25681e-05
1.25304e-05
1.24665e-05
1.23765e-05
1.22607e-05
1.21469e-05
1.20401e-05
1.19352e-05
1.18891e-05
1.1965e-05
1.20239e-05
1.20655e-05
1.209e-05
1.20973e-05
1.20874e-05
1.21311e-05
1.22295e-05
1.24025e-05
1.25557e-05
1.26889e-05
1.28018e-05
1.28942e-05
1.29661e-05
1.30173e-05
1.30478e-05
1.30578e-05
1.30474e-05
1.30168e-05
1.29662e-05
1.2896e-05
1.28065e-05
1.26982e-05
1.25715e-05
1.2427e-05
1.22652e-05
1.20868e-05
1.18925e-05
1.17577e-05
1.16145e-05
1.14553e-05
1.12808e-05
1.10914e-05
1.0888e-05
1.0671e-05
1.04412e-05
1.03476e-05
1.04155e-05
1.04682e-05
1.05055e-05
1.05274e-05
1.05338e-05
1.05248e-05
1.05005e-05
1.04609e-05
1.04062e-05
1.03366e-05
1.02524e-05
1.02622e-05
1.04138e-05
1.05562e-05
1.06897e-05
1.08144e-05
1.09306e-05
1.10382e-05
1.11374e-05
1.12282e-05
1.14074e-05
1.16017e-05
1.17838e-05
1.19533e-05
1.21101e-05
1.22541e-05
1.2385e-05
1.25027e-05
1.26067e-05
1.27297e-05
1.28406e-05
1.29357e-05
1.30144e-05
1.30767e-05
1.31223e-05
1.31564e-05
1.32107e-05
1.32455e-05
1.32607e-05
1.32562e-05
1.3232e-05
1.31879e-05
1.3124e-05
1.30482e-05
1.29606e-05
1.28528e-05
1.27251e-05
1.25777e-05
1.24108e-05
1.22247e-05
1.20197e-05
1.18132e-05
1.16071e-05
1.13829e-05
1.11412e-05
1.08823e-05
1.0607e-05
1.03275e-05
1.00512e-05
9.76516e-06
9.46455e-06
9.15006e-06
8.82243e-06
8.48235e-06
8.13056e-06
7.76777e-06
7.5805e-06
7.83975e-06
8.08911e-06
8.32797e-06
8.55575e-06
8.7719e-06
8.97589e-06
9.16878e-06
9.35577e-06
9.52896e-06
9.68796e-06
9.8324e-06
9.96195e-06
1.0105e-05
1.02432e-05
1.03651e-05
1.04706e-05
1.05596e-05
1.0632e-05
1.06877e-05
1.07266e-05
1.07489e-05
1.07546e-05
1.07438e-05
1.07167e-05
1.06734e-05
1.06143e-05
1.05396e-05
1.04496e-05
1.03446e-05
1.02252e-05
1.00916e-05
9.94436e-06
9.78396e-06
9.61091e-06
9.42574e-06
9.29733e-06
9.46382e-06
9.67628e-06
9.87139e-06
1.0049e-05
1.02089e-05
1.0351e-05
1.04752e-05
1.05819e-05
1.0713e-05
1.08268e-05
1.09231e-05
1.10018e-05
1.10936e-05
1.11913e-05
1.12709e-05
1.13322e-05
1.13849e-05
1.14542e-05
1.15285e-05
1.15921e-05
1.16387e-05
1.16683e-05
1.16805e-05
1.16754e-05
1.16527e-05
1.16124e-05
1.15545e-05
1.14789e-05
1.13856e-05
1.12747e-05
1.11462e-05
1.10004e-05
1.08373e-05
1.07288e-05
1.06387e-05
1.05336e-05
1.04135e-05
1.02785e-05
1.01288e-05
9.96436e-06
9.78554e-06
9.5925e-06
9.38549e-06
9.1648e-06
8.94831e-06
8.77725e-06
8.59325e-06
8.42469e-06
8.29206e-06
8.14817e-06
7.99311e-06
7.827e-06
7.64999e-06
7.46224e-06
7.26394e-06
7.05532e-06
7.02309e-06
7.04172e-06
7.05222e-06
7.05477e-06
7.04957e-06
7.03685e-06
7.01681e-06
6.98971e-06
6.95578e-06
6.91529e-06
6.86849e-06
6.91707e-06
7.05163e-06
7.17523e-06
7.28758e-06
7.38838e-06
7.47735e-06
7.55427e-06
7.6189e-06
7.67105e-06
7.71056e-06
7.79566e-06
7.89328e-06
7.97831e-06
8.05045e-06
8.10945e-06
8.15506e-06
8.18707e-06
8.20528e-06
8.20954e-06
8.1997e-06
8.17565e-06
8.13731e-06
8.08463e-06
8.01758e-06
7.93617e-06
7.84044e-06
7.78833e-06
7.84989e-06
7.89828e-06
7.93318e-06
7.95431e-06
7.96141e-06
7.95426e-06
7.93267e-06
7.97362e-06
8.06703e-06
8.17442e-06
8.26864e-06
8.34967e-06
8.41752e-06
8.47242e-06
8.60946e-06
8.73323e-06
8.84355e-06
8.94028e-06
9.0233e-06
9.09251e-06
9.14785e-06
9.18929e-06
9.21681e-06
9.23045e-06
9.25723e-06
9.31391e-06
9.35609e-06
9.38371e-06
9.39677e-06
9.39528e-06
9.40327e-06
9.45696e-06
9.49512e-06
9.51768e-06
9.52461e-06
9.5171e-06
9.55959e-06
9.58564e-06
9.59518e-06
9.58821e-06
9.56478e-06
9.54606e-06
9.56447e-06
9.56558e-06
9.54941e-06
9.51602e-06
9.46553e-06
9.4515e-06
9.42538e-06
9.38166e-06
9.32048e-06
9.24205e-06
9.18406e-06
9.14023e-06
9.07881e-06
9e-06
8.90405e-06
8.79126e-06
8.66197e-06
8.66621e-06
8.76985e-06
8.86091e-06
8.9394e-06
9.00539e-06
9.05894e-06
9.10015e-06
9.12914e-06
9.14605e-06
9.15102e-06
9.14424e-06
9.12588e-06
9.09616e-06
9.0553e-06
9.00351e-06
8.94106e-06
8.99003e-06
9.0345e-06
9.06677e-06
9.08698e-06
9.09532e-06
9.09197e-06
9.07715e-06
9.05108e-06
9.01399e-06
8.96612e-06
8.90773e-06
8.83908e-06
8.76045e-06
8.6721e-06
8.57433e-06
8.46743e-06
8.35168e-06
8.3385e-06
8.31748e-06
8.28645e-06
8.24562e-06
8.19519e-06
8.1354e-06
8.06647e-06
8.07875e-06
8.17045e-06
8.24853e-06
8.31268e-06
8.39554e-06
8.48337e-06
8.55659e-06
8.61488e-06
8.65796e-06
8.68556e-06
8.75179e-06
8.81007e-06
8.85257e-06
8.87904e-06
8.88921e-06
8.92157e-06
8.94757e-06
8.957e-06
8.94962e-06
8.92525e-06
8.91957e-06
8.92074e-06
8.90511e-06
8.87252e-06
8.82282e-06
8.75588e-06
8.71904e-06
8.66573e-06
8.59553e-06
8.52236e-06
8.47896e-06
8.41941e-06
8.34363e-06
8.25156e-06
8.14318e-06
8.01852e-06
7.87762e-06
7.72057e-06
7.54751e-06
7.35861e-06
7.1541e-06
6.93422e-06
6.69928e-06
6.44963e-06
6.27231e-06
6.1711e-06
6.17883e-06
6.20503e-06
6.23559e-06
6.2611e-06
6.28135e-06
6.31943e-06
6.37873e-06
6.43892e-06
6.49917e-06
6.55313e-06
6.66051e-06
6.79636e-06
6.9238e-06
7.04261e-06
7.15257e-06
7.25345e-06
7.34504e-06
7.45417e-06
7.63552e-06
7.865e-06
8.08016e-06
8.28067e-06
8.46624e-06
8.63658e-06
8.79148e-06
8.93073e-06
9.05418e-06
9.1617e-06
9.25319e-06
9.3286e-06
9.3879e-06
9.43109e-06
9.45821e-06
9.46932e-06
9.46451e-06
9.46923e-06
9.46421e-06
9.46451e-06
9.46796e-06
9.45424e-06
9.42359e-06
9.37627e-06
9.31259e-06
9.23753e-06
9.17648e-06
9.09923e-06
9.03108e-06
8.96561e-06
8.88374e-06
8.78589e-06
8.67254e-06
8.54419e-06
8.4413e-06
8.37227e-06
8.28719e-06
8.18652e-06
8.07073e-06
7.94036e-06
7.79596e-06
7.63811e-06
7.46742e-06
7.28451e-06
7.09003e-06
6.88465e-06
6.66903e-06
6.44387e-06
6.21603e-06
6.13208e-06
6.09616e-06
6.04773e-06
5.98707e-06
5.91447e-06
5.87574e-06
5.82624e-06
5.76484e-06
5.70794e-06
5.69412e-06
5.66795e-06
5.62962e-06
5.5979e-06
5.5806e-06
5.55099e-06
5.50927e-06
5.45566e-06
5.45452e-06
5.44146e-06
5.5182e-06
5.66791e-06
5.80582e-06
5.93175e-06
6.04556e-06
6.14713e-06
6.23638e-06
6.31325e-06
6.37774e-06
6.4623e-06
6.53792e-06
6.60106e-06
6.66668e-06
6.74759e-06
6.84202e-06
6.9243e-06
7.01528e-06
7.11414e-06
7.20039e-06
7.27398e-06
7.33486e-06
7.383e-06
7.4184e-06
7.44108e-06
7.4511e-06
7.44851e-06
7.4334e-06
7.40587e-06
7.36607e-06
7.31412e-06
7.25021e-06
7.1745e-06
7.08721e-06
7.01565e-06
6.93963e-06
6.85238e-06
6.75408e-06
6.64495e-06
6.5252e-06
6.39506e-06
6.27969e-06
6.16475e-06
6.07845e-06
6.15171e-06
6.21484e-06
6.26775e-06
6.31038e-06
6.34266e-06
6.36458e-06
6.37612e-06
6.37731e-06
6.36818e-06
6.34878e-06
6.31919e-06
6.30178e-06
6.27893e-06
6.24737e-06
6.22698e-06
6.19647e-06
6.15594e-06
6.1055e-06
6.04528e-06
5.98617e-06
5.9309e-06
5.86615e-06
5.79506e-06
5.73251e-06
5.66092e-06
5.58048e-06
5.49136e-06
5.39377e-06
5.30416e-06
5.21259e-06
5.11311e-06
5.00599e-06
5.02862e-06
5.18191e-06
5.32822e-06
5.46732e-06
5.59898e-06
5.72299e-06
5.83914e-06
5.94722e-06
6.04706e-06
6.13847e-06
6.2213e-06
6.32381e-06
6.42887e-06
6.52503e-06
6.61209e-06
6.68986e-06
6.76095e-06
6.86233e-06
6.95405e-06
7.03585e-06
7.11339e-06
7.22509e-06
7.32606e-06
7.41605e-06
7.49482e-06
7.56216e-06
7.61785e-06
7.66171e-06
7.69355e-06
7.71322e-06
7.72056e-06
7.71546e-06
7.69779e-06
7.66747e-06
7.62444e-06
7.56864e-06
7.50004e-06
7.41865e-06
7.32447e-06
7.21757e-06
7.098e-06
6.96585e-06
6.82125e-06
6.66434e-06
6.5138e-06
6.3606e-06
6.196e-06
6.02022e-06
5.92595e-06
5.95305e-06
5.9855e-06
6.02303e-06
6.04807e-06
6.06068e-06
6.06092e-06
6.06966e-06
6.10475e-06
6.12726e-06
6.13727e-06
6.13488e-06
6.12026e-06
6.09357e-06
6.05506e-06
6.00497e-06
5.9436e-06
5.87127e-06
5.78833e-06
5.69514e-06
5.59213e-06
5.47969e-06
5.35828e-06
5.22835e-06
5.09583e-06
5.06568e-06
5.02643e-06
4.97835e-06
4.92168e-06
5.06434e-06
5.25966e-06
5.44489e-06
5.61973e-06
5.78392e-06
5.93724e-06
6.07947e-06
6.21044e-06
6.33002e-06
6.43808e-06
6.54738e-06
6.66417e-06
6.76859e-06
6.86149e-06
6.97758e-06
7.10688e-06
7.24385e-06
7.38919e-06
7.52055e-06
7.6377e-06
7.74044e-06
7.82861e-06
7.90208e-06
7.96073e-06
8.0045e-06
8.03335e-06
8.04727e-06
8.04629e-06
8.03047e-06
7.99989e-06
7.95468e-06
7.89497e-06
7.82095e-06
7.73281e-06
7.63081e-06
7.51518e-06
7.39928e-06
7.2939e-06
7.20668e-06
7.10605e-06
6.9922e-06
6.86533e-06
6.72568e-06
6.57351e-06
6.4755e-06
6.37404e-06
6.26068e-06
6.15857e-06
6.0956e-06
6.0221e-06
5.93807e-06
5.84351e-06
5.73849e-06
5.62306e-06
5.49732e-06
5.36141e-06
5.30958e-06
5.31772e-06
5.31972e-06
5.3244e-06
5.34769e-06
5.36524e-06
5.37691e-06
5.38257e-06
5.39998e-06
5.41488e-06
5.42387e-06
5.42683e-06
5.42365e-06
5.41424e-06
5.40486e-06
5.42099e-06
5.43112e-06
5.43512e-06
5.43289e-06
5.42434e-06
5.40939e-06
5.38797e-06
5.36004e-06
5.32555e-06
5.28451e-06
5.2369e-06
5.18276e-06
5.1221e-06
5.30685e-06
5.50011e-06
5.68348e-06
5.85672e-06
6.01962e-06
6.17196e-06
6.31358e-06
6.44431e-06
6.564e-06
6.67252e-06
6.76979e-06
6.8557e-06
6.93018e-06
6.9932e-06
7.04472e-06
7.08472e-06
7.11321e-06
7.13023e-06
7.1358e-06
7.13e-06
7.11289e-06
7.08457e-06
7.04516e-06
6.99477e-06
6.93356e-06
6.86168e-06
6.77931e-06
6.68664e-06
6.58387e-06
6.47121e-06
6.34891e-06
6.21721e-06
6.07635e-06
5.92662e-06
5.76829e-06
5.60166e-06
5.42704e-06
5.24472e-06
5.06509e-06
4.9379e-06
4.80569e-06
4.71169e-06
4.62178e-06
4.5277e-06
4.42985e-06
4.32859e-06
4.22428e-06
4.16519e-06
4.16815e-06
4.1672e-06
4.16231e-06
4.15351e-06
4.14081e-06
4.12423e-06
4.10378e-06
4.0795e-06
4.05143e-06
4.01961e-06
3.98409e-06
3.94491e-06
3.90215e-06
3.85585e-06
3.86504e-06
3.89478e-06
3.92183e-06
3.97021e-06
4.1994e-06
4.42904e-06
4.65394e-06
4.87144e-06
5.08121e-06
5.28292e-06
5.47627e-06
5.66094e-06
5.83666e-06
6.00317e-06
6.1602e-06
6.3088e-06
6.45468e-06
6.59021e-06
6.7152e-06
6.82951e-06
6.93301e-06
7.02556e-06
7.10707e-06
7.17745e-06
7.23663e-06
7.28455e-06
7.32117e-06
7.34646e-06
7.36042e-06
7.36304e-06
7.35434e-06
7.33437e-06
7.30315e-06
7.26076e-06
7.20727e-06
7.14277e-06
7.06736e-06
6.98117e-06
6.88442e-06
6.78211e-06
6.66961e-06
6.54709e-06
6.41475e-06
6.27276e-06
6.12136e-06
5.96665e-06
5.81411e-06
5.6592e-06
5.49991e-06
5.33326e-06
5.15952e-06
4.97895e-06
4.79185e-06
4.5985e-06
4.39919e-06
4.19423e-06
3.99292e-06
3.82733e-06
3.71479e-06
3.81289e-06
3.90389e-06
3.9876e-06
4.0638e-06
4.13231e-06
4.19296e-06
4.24559e-06
4.29718e-06
4.3859e-06
4.46699e-06
4.54028e-06
4.60559e-06
4.66278e-06
4.71171e-06
4.75225e-06
4.7843e-06
4.80775e-06
4.82254e-06
4.8286e-06
4.82588e-06
4.81437e-06
4.79403e-06
4.76489e-06
4.72695e-06
4.68025e-06
4.62484e-06
4.71995e-06
4.90222e-06
5.07479e-06
5.23737e-06
5.38969e-06
5.53753e-06
5.68557e-06
5.82282e-06
5.94907e-06
6.06412e-06
6.16784e-06
6.26009e-06
6.34076e-06
6.40979e-06
6.46714e-06
6.51277e-06
6.55454e-06
6.60352e-06
6.64093e-06
6.6668e-06
6.68117e-06
6.68412e-06
6.67575e-06
6.65618e-06
6.62555e-06
6.58507e-06
6.54566e-06
6.49581e-06
6.43571e-06
6.36559e-06
6.29753e-06
6.23197e-06
6.15712e-06
6.07322e-06
5.9805e-06
5.87923e-06
5.76968e-06
5.65212e-06
5.52759e-06
5.41422e-06
5.29363e-06
5.16612e-06
5.03197e-06
4.8975e-06
4.76539e-06
4.62743e-06
4.4839e-06
4.33506e-06
4.1812e-06
4.08327e-06
4.20564e-06
4.32031e-06
4.42704e-06
4.52615e-06
4.63062e-06
4.72658e-06
4.81385e-06
4.89229e-06
4.96177e-06
5.02216e-06
5.0734e-06
5.11539e-06
5.14811e-06
5.17151e-06
5.18559e-06
5.19038e-06
5.1859e-06
5.17221e-06
5.14939e-06
5.11754e-06
5.07678e-06
5.02723e-06
4.96906e-06
4.90244e-06
4.82756e-06
4.74464e-06
4.65389e-06
4.55556e-06
4.4499e-06
4.33719e-06
4.21771e-06
4.09175e-06
3.96093e-06
3.83839e-06
3.71183e-06
3.73608e-06
3.82556e-06
3.90917e-06
3.98683e-06
4.05848e-06
4.12597e-06
4.21443e-06
4.29706e-06
4.37377e-06
4.44447e-06
4.5127e-06
4.58269e-06
4.64643e-06
4.70486e-06
4.76099e-06
4.8145e-06
4.87315e-06
4.92515e-06
4.97042e-06
5.00884e-06
5.04032e-06
5.06478e-06
5.08214e-06
5.09231e-06
5.10151e-06
5.12987e-06
5.15112e-06
5.16518e-06
5.17196e-06
5.17138e-06
5.16338e-06
5.14792e-06
5.12493e-06
5.0944e-06
5.05631e-06
5.01064e-06
4.95741e-06
4.89664e-06
4.82836e-06
4.75362e-06
4.68948e-06
4.61819e-06
4.54072e-06
4.48413e-06
4.43703e-06
4.3836e-06
4.32394e-06
4.25814e-06
4.1863e-06
4.10853e-06
4.02496e-06
3.9357e-06
3.86923e-06
3.8647e-06
3.85508e-06
3.84036e-06
3.82056e-06
3.79571e-06
3.76584e-06
3.73102e-06
3.6913e-06
3.64679e-06
3.59759e-06
3.54381e-06
3.50222e-06
3.47065e-06
3.4351e-06
3.39568e-06
3.35253e-06
3.30586e-06
3.40628e-06
3.50081e-06
3.58924e-06
3.67141e-06
3.74716e-06
3.81634e-06
3.87881e-06
3.93447e-06
3.98333e-06
4.04626e-06
4.10214e-06
4.15087e-06
4.19239e-06
4.22662e-06
4.25353e-06
4.27309e-06
4.28529e-06
4.29013e-06
4.28765e-06
4.27788e-06
4.26088e-06
4.24118e-06
4.27467e-06
4.30102e-06
4.32021e-06
4.33223e-06
4.33709e-06
4.33482e-06
4.3605e-06
4.40942e-06
4.45038e-06
4.48338e-06
4.50838e-06
4.52541e-06
4.53449e-06
4.53564e-06
4.52893e-06
4.5144e-06
4.51514e-06
4.51222e-06
4.507e-06
4.51421e-06
4.53889e-06
4.56793e-06
4.61057e-06
4.64628e-06
4.67496e-06
4.69652e-06
4.7109e-06
4.71804e-06
4.71787e-06
4.71037e-06
4.69552e-06
4.6733e-06
4.64371e-06
4.60677e-06
4.56251e-06
4.51997e-06
4.49058e-06
4.45408e-06
4.41777e-06
4.39927e-06
4.37395e-06
4.34178e-06
4.30337e-06
4.2855e-06
4.26101e-06
4.22989e-06
4.21873e-06
4.20452e-06
4.18396e-06
4.16344e-06
4.15428e-06
4.13899e-06
4.13501e-06
4.13468e-06
4.1285e-06
4.11642e-06
4.09843e-06
4.07453e-06
4.04473e-06
4.00908e-06
3.96763e-06
3.92046e-06
3.86767e-06
3.80937e-06
3.74569e-06
3.67678e-06
3.6028e-06
3.53857e-06
3.56972e-06
3.64096e-06
3.7065e-06
3.7662e-06
3.81992e-06
3.86752e-06
3.90888e-06
3.94387e-06
3.99382e-06
4.04112e-06
4.08131e-06
4.11429e-06
4.13995e-06
4.1582e-06
4.17733e-06
4.20273e-06
4.22041e-06
4.23029e-06
4.23317e-06
4.24963e-06
4.2581e-06
4.25852e-06
4.25087e-06
4.23511e-06
4.21124e-06
4.17928e-06
4.13926e-06
4.10978e-06
4.0784e-06
4.03911e-06
3.99198e-06
3.93708e-06
3.91046e-06
3.89028e-06
3.86264e-06
3.8484e-06
3.83583e-06
3.81602e-06
3.78904e-06
3.75496e-06
3.71388e-06
3.6659e-06
3.61111e-06
3.54965e-06
3.48164e-06
3.40722e-06
3.33599e-06
3.27953e-06
3.2172e-06
3.14912e-06
3.07545e-06
3.00108e-06
2.95208e-06
2.89809e-06
2.84455e-06
2.81052e-06
2.77191e-06
2.72879e-06
2.68123e-06
2.62929e-06
2.57581e-06
2.59672e-06
2.70064e-06
2.79936e-06
2.89271e-06
2.98055e-06
3.06275e-06
3.1392e-06
3.23389e-06
3.33185e-06
3.42347e-06
3.50861e-06
3.58717e-06
3.66253e-06
3.74053e-06
3.81168e-06
3.87593e-06
3.93323e-06
3.98356e-06
4.03536e-06
4.09537e-06
4.14827e-06
4.19405e-06
4.2327e-06
4.26931e-06
4.31537e-06
4.35419e-06
4.38576e-06
4.4101e-06
4.42725e-06
4.45545e-06
4.47822e-06
4.49369e-06
4.50189e-06
4.5029e-06
4.49676e-06
4.48358e-06
4.46345e-06
4.43647e-06
4.41181e-06
4.3954e-06
4.37217e-06
4.3573e-06
4.34715e-06
4.3301e-06
4.30619e-06
4.2755e-06
4.23811e-06
4.1941e-06
4.19017e-06
4.18543e-06
4.17359e-06
4.15469e-06
4.12875e-06
4.09583e-06
4.05598e-06
4.00928e-06
3.95581e-06
3.89569e-06
3.82902e-06
3.77231e-06
3.7158e-06
3.65277e-06
3.58333e-06
3.50763e-06
3.42578e-06
3.33796e-06
3.27007e-06
3.19987e-06
3.12379e-06
3.0434e-06
2.9858e-06
2.92571e-06
2.85965e-06
2.78775e-06
2.71018e-06
2.6271e-06
2.60038e-06
2.58318e-06
2.56219e-06
2.53745e-06
2.50905e-06
2.47703e-06
2.44149e-06
2.4025e-06
2.36015e-06
2.31454e-06
2.26576e-06
2.21393e-06
2.18706e-06
2.19307e-06
2.19642e-06
2.19714e-06
2.19521e-06
2.25391e-06
2.33871e-06
2.41868e-06
2.49371e-06
2.56372e-06
2.62861e-06
2.68832e-06
2.76317e-06
2.83661e-06
2.90475e-06
2.96752e-06
3.02486e-06
3.07673e-06
3.13504e-06
3.19627e-06
3.25184e-06
3.30173e-06
3.34588e-06
3.38428e-06
3.41692e-06
3.44379e-06
3.46489e-06
3.5081e-06
3.56652e-06
3.61951e-06
3.66705e-06
3.70912e-06
3.74572e-06
3.77684e-06
3.80249e-06
3.82267e-06
3.83741e-06
3.84673e-06
3.85065e-06
3.84923e-06
3.8469e-06
3.84829e-06
3.8443e-06
3.83495e-06
3.82029e-06
3.80037e-06
3.77524e-06
3.74497e-06
3.7096e-06
3.66921e-06
3.64219e-06
3.61603e-06
3.58492e-06
3.54892e-06
3.51513e-06
3.48418e-06
3.44829e-06
3.40749e-06
3.36406e-06
3.31622e-06
3.27973e-06
3.2426e-06
3.20069e-06
3.15401e-06
3.10327e-06
3.06402e-06
3.01998e-06
2.97989e-06
2.94568e-06
2.90672e-06
2.86296e-06
2.81439e-06
2.76099e-06
2.70276e-06
2.63969e-06
2.57316e-06
2.62017e-06
2.66338e-06
2.70271e-06
2.73805e-06
2.76934e-06
2.79651e-06
2.83305e-06
2.87772e-06
2.91805e-06
2.95394e-06
2.98532e-06
3.01212e-06
3.03428e-06
3.05174e-06
3.06446e-06
3.0724e-06
3.07555e-06
3.07389e-06
3.0674e-06
3.0561e-06
3.03999e-06
3.01911e-06
2.99347e-06
2.98167e-06
3.00406e-06
3.02177e-06
3.03477e-06
3.04302e-06
3.04652e-06
3.04525e-06
3.06407e-06
3.1461e-06
3.22315e-06
3.29508e-06
3.36173e-06
3.42297e-06
3.47865e-06
3.53774e-06
3.59707e-06
3.65043e-06
3.70109e-06
3.76254e-06
3.8176e-06
3.86614e-06
3.90804e-06
3.94321e-06
3.97156e-06
3.99301e-06
4.02408e-06
4.06309e-06
4.10045e-06
4.1305e-06
4.15316e-06
4.16837e-06
4.1761e-06
4.18788e-06
4.21924e-06
4.24291e-06
4.25884e-06
4.26697e-06
4.26729e-06
4.2598e-06
4.24453e-06
4.22151e-06
4.1908e-06
4.15249e-06
4.10667e-06
4.05346e-06
3.993e-06
3.92543e-06
3.85093e-06
3.76968e-06
3.75425e-06
3.74327e-06
3.72557e-06
3.7012e-06
3.68038e-06
3.65872e-06
3.6306e-06
3.61319e-06
3.59633e-06
3.5732e-06
3.54386e-06
3.50839e-06
3.4752e-06
3.4434e-06
3.40574e-06
3.36234e-06
3.32795e-06
3.2966e-06
3.25976e-06
3.21754e-06
3.17006e-06
3.11745e-06
3.05984e-06
2.99739e-06
2.93025e-06
2.8586e-06
2.83802e-06
2.83876e-06
2.83631e-06
2.83072e-06
2.82204e-06
2.81034e-06
2.79568e-06
2.79015e-06
2.81271e-06
2.83188e-06
2.84769e-06
2.86014e-06
2.86927e-06
2.87509e-06
2.87763e-06
2.87693e-06
2.87302e-06
2.86594e-06
2.89748e-06
2.93518e-06
2.96751e-06
2.99449e-06
3.01611e-06
3.0324e-06
3.04338e-06
3.05578e-06
3.08084e-06
3.10029e-06
3.11415e-06
3.12244e-06
3.12519e-06
3.13199e-06
3.15228e-06
3.16688e-06
3.1758e-06
3.17907e-06
3.17671e-06
3.16876e-06
3.15527e-06
3.13627e-06
3.11184e-06
3.08203e-06
3.04692e-06
3.0066e-06
2.96114e-06
2.91065e-06
2.85523e-06
2.83942e-06
2.84306e-06
2.84181e-06
2.83568e-06
2.8247e-06
2.82097e-06
2.81383e-06
2.8019e-06
2.78518e-06
2.77163e-06
2.76755e-06
2.75881e-06
2.74542e-06
2.72739e-06
2.71218e-06
2.69899e-06
2.68126e-06
2.659e-06
2.63224e-06
2.60529e-06
2.59163e-06
2.57362e-06
2.55126e-06
2.52457e-06
2.49358e-06
2.45833e-06
2.41886e-06
2.37521e-06
2.32746e-06
2.27567e-06
2.21992e-06
2.1603e-06
2.0969e-06
2.02983e-06
1.9592e-06
1.94284e-06
1.99406e-06
2.04368e-06
2.09155e-06
2.14165e-06
2.19034e-06
2.23683e-06
2.28099e-06
2.32267e-06
2.36177e-06
2.39813e-06
2.43164e-06
2.46216e-06
2.48956e-06
2.51372e-06
2.53451e-06
2.5518e-06
2.56549e-06
2.57545e-06
2.58159e-06
2.58379e-06
2.58196e-06
2.57601e-06
2.56587e-06
2.55146e-06
2.53272e-06
2.5096e-06
2.48206e-06
2.45007e-06
2.4136e-06
2.37266e-06
2.32724e-06
2.27737e-06
2.22307e-06
2.16439e-06
2.10273e-06
2.09562e-06
2.10037e-06
2.10199e-06
2.10046e-06
2.09578e-06
2.08796e-06
2.07701e-06
2.06293e-06
2.04575e-06
2.02548e-06
2.00214e-06
1.9798e-06
1.96913e-06
1.95376e-06
1.94335e-06
1.94212e-06
1.93629e-06
1.92589e-06
1.91102e-06
1.89173e-06
1.86812e-06
1.84029e-06
1.80834e-06
1.77239e-06
1.73257e-06
1.68901e-06
1.65235e-06
1.63216e-06
1.60992e-06
1.58568e-06
1.5595e-06
1.53142e-06
1.5015e-06
1.55939e-06
1.64599e-06
1.72901e-06
1.80832e-06
1.88376e-06
1.95522e-06
2.02258e-06
2.08575e-06
2.14464e-06
2.20317e-06
2.26622e-06
2.32476e-06
2.37871e-06
2.42799e-06
2.47256e-06
2.51238e-06
2.54741e-06
2.57765e-06
2.60309e-06
2.62374e-06
2.63963e-06
2.65077e-06
2.65723e-06
2.65904e-06
2.65627e-06
2.649e-06
2.63967e-06
2.62683e-06
2.60965e-06
2.58822e-06
2.56263e-06
2.53299e-06
2.49939e-06
2.46196e-06
2.42324e-06
2.3831e-06
2.33932e-06
2.29201e-06
2.24128e-06
2.18725e-06
2.13004e-06
2.07984e-06
2.08036e-06
2.0778e-06
2.07216e-06
2.06347e-06
2.05174e-06
2.04427e-06
2.04627e-06
2.04516e-06
2.04097e-06
2.03373e-06
2.02347e-06
2.01025e-06
1.99411e-06
1.9751e-06
1.95329e-06
1.92873e-06
1.9015e-06
1.87166e-06
1.83929e-06
1.84189e-06
1.86344e-06
1.88206e-06
1.89773e-06
1.91041e-06
1.92009e-06
1.92675e-06
1.93039e-06
1.93376e-06
1.93502e-06
1.93328e-06
1.92855e-06
1.92084e-06
1.91015e-06
1.89652e-06
1.87995e-06
1.86047e-06
1.83812e-06
1.81293e-06
1.78492e-06
1.75415e-06
1.72066e-06
1.68449e-06
1.6457e-06
1.68182e-06
1.74746e-06
1.81045e-06
1.87065e-06
1.92795e-06
1.98221e-06
2.03332e-06
2.08116e-06
2.12559e-06
2.16651e-06
2.20381e-06
2.23736e-06
2.26707e-06
2.29284e-06
2.31456e-06
2.3335e-06
2.34885e-06
2.3601e-06
2.36719e-06
2.37006e-06
2.36868e-06
2.36301e-06
2.353e-06
2.33866e-06
2.31996e-06
2.29689e-06
2.26946e-06
2.2377e-06
2.20161e-06
2.16123e-06
2.1166e-06
2.06778e-06
2.01483e-06
1.95782e-06
1.89683e-06
1.83194e-06
1.76328e-06
1.73499e-06
1.72951e-06
1.72458e-06
1.71741e-06
1.70802e-06
1.69645e-06
1.68273e-06
1.66692e-06
1.65369e-06
1.63974e-06
1.64018e-06
1.67944e-06
1.71584e-06
1.75032e-06
1.78625e-06
1.8191e-06
1.84879e-06
1.87527e-06
1.89846e-06
1.91833e-06
1.93481e-06
1.94787e-06
1.95748e-06
1.96361e-06
1.96874e-06
1.97209e-06
1.9719e-06
1.96815e-06
1.96086e-06
1.95003e-06
1.93569e-06
1.91786e-06
1.89999e-06
1.94066e-06
1.97819e-06
2.01247e-06
2.06575e-06
2.12606e-06
2.18181e-06
2.23292e-06
2.27929e-06
2.32085e-06
2.35754e-06
2.39035e-06
2.42511e-06
2.45495e-06
2.47982e-06
2.49971e-06
2.51461e-06
2.52451e-06
2.52942e-06
2.52938e-06
2.52441e-06
2.51456e-06
2.50395e-06
2.49658e-06
2.4845e-06
2.46775e-06
2.44637e-06
2.42045e-06
2.39005e-06
2.35525e-06
2.31896e-06
2.2813e-06
2.23948e-06
2.19361e-06
2.14379e-06
2.09012e-06
2.03467e-06
1.98516e-06
1.93209e-06
1.90232e-06
1.87814e-06
1.85086e-06
1.82053e-06
1.79119e-06
1.77984e-06
1.76631e-06
1.75062e-06
1.73281e-06
1.71289e-06
1.69092e-06
1.66691e-06
1.64562e-06
1.64207e-06
1.63655e-06
1.62906e-06
1.61963e-06
1.60825e-06
1.59495e-06
1.57975e-06
1.59243e-06
1.62649e-06
1.65807e-06
1.68712e-06
1.71359e-06
1.73745e-06
1.75866e-06
1.7772e-06
1.80593e-06
1.83242e-06
1.85603e-06
1.87673e-06
1.89451e-06
1.90936e-06
1.92127e-06
1.93024e-06
1.96326e-06
2.01049e-06
2.05469e-06
2.09577e-06
2.14125e-06
2.19688e-06
2.24908e-06
2.29775e-06
2.34279e-06
2.38409e-06
2.42156e-06
2.4551e-06
2.48463e-06
2.51005e-06
2.53129e-06
2.54829e-06
2.56285e-06
2.576e-06
2.58509e-06
2.5904e-06
2.59126e-06
2.58763e-06
2.57949e-06
2.56683e-06
2.54964e-06
2.52792e-06
2.50168e-06
2.47094e-06
2.43574e-06
2.3974e-06
2.36397e-06
2.32641e-06
2.2848e-06
2.23918e-06
2.18964e-06
2.13624e-06
2.08429e-06
2.02884e-06
1.96993e-06
1.90766e-06
1.84214e-06
1.77349e-06
1.72959e-06
1.71185e-06
1.692e-06
1.67012e-06
1.64626e-06
1.62051e-06
1.62392e-06
1.63402e-06
1.6421e-06
1.64813e-06
1.65214e-06
1.6541e-06
1.65404e-06
1.65197e-06
1.64789e-06
1.64182e-06
1.63379e-06
1.62382e-06
1.61192e-06
1.59814e-06
1.58251e-06
1.58219e-06
1.5836e-06
1.58305e-06
1.58054e-06
1.59014e-06
1.6511e-06
1.70798e-06
1.76068e-06
1.8091e-06
1.85317e-06
1.8928e-06
1.92796e-06
1.9586e-06
1.98469e-06
2.00622e-06
2.03149e-06
2.0751e-06
2.11408e-06
2.14839e-06
2.17799e-06
2.20287e-06
2.22302e-06
2.23844e-06
2.24917e-06
2.25522e-06
2.25665e-06
2.26372e-06
2.26637e-06
2.26453e-06
2.25825e-06
2.2476e-06
2.23267e-06
2.21353e-06
2.19029e-06
2.16306e-06
2.14639e-06
2.12802e-06
2.10585e-06
2.07998e-06
2.05378e-06
2.02873e-06
2.00021e-06
1.96832e-06
1.93314e-06
1.89478e-06
1.85335e-06
1.81992e-06
1.78984e-06
1.81178e-06
1.83182e-06
1.84924e-06
1.86403e-06
1.87618e-06
1.88569e-06
1.89256e-06
1.89679e-06
1.89841e-06
1.89743e-06
1.89386e-06
1.88774e-06
1.87911e-06
1.86798e-06
1.85442e-06
1.83845e-06
1.82013e-06
1.79952e-06
1.77665e-06
1.75161e-06
1.72444e-06
1.69521e-06
1.66399e-06
1.63085e-06
1.59586e-06
1.5591e-06
1.52065e-06
1.48058e-06
1.4456e-06
1.4343e-06
1.42055e-06
1.40438e-06
1.38585e-06
1.36501e-06
1.34477e-06
1.32288e-06
1.29889e-06
1.27285e-06
1.24483e-06
1.21488e-06
1.22388e-06
1.2495e-06
1.27272e-06
1.29352e-06
1.31191e-06
1.32787e-06
1.34851e-06
1.36695e-06
1.38295e-06
1.3965e-06
1.40762e-06
1.4163e-06
1.42256e-06
1.4264e-06
1.42785e-06
1.43072e-06
1.43862e-06
1.44417e-06
1.4474e-06
1.45155e-06
1.45529e-06
1.45676e-06
1.45599e-06
1.453e-06
1.45027e-06
1.45165e-06
1.45092e-06
1.44813e-06
1.4433e-06
1.43648e-06
1.4277e-06
1.41701e-06
1.40446e-06
1.39009e-06
1.37594e-06
1.36607e-06
1.35452e-06
1.34131e-06
1.32657e-06
1.31699e-06
1.30585e-06
1.2932e-06
1.27906e-06
1.26347e-06
1.25241e-06
1.2582e-06
1.26253e-06
1.26539e-06
1.26679e-06
1.26672e-06
1.26519e-06
1.26218e-06
1.2577e-06
1.25175e-06
1.24434e-06
1.23545e-06
1.22511e-06
1.2133e-06
1.20004e-06
1.19425e-06
1.19435e-06
1.19278e-06
1.18954e-06
1.20119e-06
1.21581e-06
1.23146e-06
1.24906e-06
1.26506e-06
1.27942e-06
1.29213e-06
1.30315e-06
1.31248e-06
1.32009e-06
1.34553e-06
1.37318e-06
1.39899e-06
1.42293e-06
1.44493e-06
1.46497e-06
1.483e-06
1.49899e-06
1.51291e-06
1.52472e-06
1.5344e-06
1.54194e-06
1.54731e-06
1.5505e-06
1.5515e-06
1.5503e-06
1.55026e-06
1.57219e-06
1.59157e-06
1.63029e-06
1.66796e-06
1.70273e-06
1.73453e-06
1.76328e-06
1.78892e-06
1.81141e-06
1.83069e-06
1.84673e-06
1.85951e-06
1.86899e-06
1.87516e-06
1.87803e-06
1.87758e-06
1.87383e-06
1.86679e-06
1.85649e-06
1.84296e-06
1.82622e-06
1.80633e-06
1.78806e-06
1.77191e-06
1.75386e-06
1.73368e-06
1.71043e-06
1.68417e-06
1.65496e-06
1.62287e-06
1.58799e-06
1.55038e-06
1.51015e-06
1.46737e-06
1.42934e-06
1.39133e-06
1.35093e-06
1.30821e-06
1.30224e-06
1.31803e-06
1.33149e-06
1.34258e-06
1.35127e-06
1.35753e-06
1.36134e-06
1.36268e-06
1.36428e-06
1.36842e-06
1.37001e-06
1.36907e-06
1.36556e-06
1.35951e-06
1.36033e-06
1.3602e-06
1.35753e-06
1.35231e-06
1.34453e-06
1.33501e-06
1.33096e-06
1.32691e-06
1.32715e-06
1.3249e-06
1.32015e-06
1.3129e-06
1.31907e-06
1.32393e-06
1.32641e-06
1.32649e-06
1.32414e-06
1.31934e-06
1.31207e-06
1.30233e-06
1.29012e-06
1.2802e-06
1.31174e-06
1.35576e-06
1.39746e-06
1.43676e-06
1.4736e-06
1.50793e-06
1.53969e-06
1.56883e-06
1.5953e-06
1.61907e-06
1.64009e-06
1.65833e-06
1.67377e-06
1.68637e-06
1.69613e-06
1.70302e-06
1.70705e-06
1.70821e-06
1.70649e-06
1.70192e-06
1.69449e-06
1.68424e-06
1.67119e-06
1.6601e-06
1.64968e-06
1.63651e-06
1.62064e-06
1.60208e-06
1.58087e-06
1.55708e-06
1.53073e-06
1.5019e-06
1.47064e-06
1.44275e-06
1.41446e-06
1.40879e-06
1.40083e-06
1.39055e-06
1.37796e-06
1.36304e-06
1.34581e-06
1.33323e-06
1.32216e-06
1.30888e-06
1.29339e-06
1.27569e-06
1.28548e-06
1.29512e-06
1.30244e-06
1.30931e-06
1.31984e-06
1.33136e-06
1.34698e-06
1.36027e-06
1.37124e-06
1.37989e-06
1.38621e-06
1.39505e-06
1.41303e-06
1.43153e-06
1.44771e-06
1.46157e-06
1.47309e-06
1.48228e-06
1.48915e-06
1.4937e-06
1.49594e-06
1.49589e-06
1.49357e-06
1.489e-06
1.48221e-06
1.47322e-06
1.47343e-06
1.4934e-06
1.51974e-06
1.54387e-06
1.56575e-06
1.58537e-06
1.60814e-06
1.63128e-06
1.65206e-06
1.67046e-06
1.68647e-06
1.70006e-06
1.72397e-06
1.74577e-06
1.76504e-06
1.78176e-06
1.79606e-06
1.81546e-06
1.83222e-06
1.84633e-06
1.85778e-06
1.86656e-06
1.87266e-06
1.87608e-06
1.88885e-06
1.89914e-06
1.90667e-06
1.91144e-06
1.91344e-06
1.9127e-06
1.90922e-06
1.90302e-06
1.89411e-06
1.88253e-06
1.8683e-06
1.85145e-06
1.83203e-06
1.81006e-06
1.7856e-06
1.75869e-06
1.72938e-06
1.69773e-06
1.6638e-06
1.62764e-06
1.58933e-06
1.56427e-06
1.54667e-06
1.52693e-06
1.50507e-06
1.48116e-06
1.45522e-06
1.4285e-06
1.40888e-06
1.38733e-06
1.3639e-06
1.33863e-06
1.31158e-06
1.28279e-06
1.25231e-06
1.22703e-06
1.20503e-06
1.18143e-06
1.15629e-06
1.12964e-06
1.10155e-06
1.07205e-06
1.04121e-06
1.01949e-06
1.00436e-06
9.87903e-07
9.81709e-07
9.88574e-07
9.93705e-07
9.97093e-07
9.98729e-07
9.98607e-07
9.96725e-07
9.93084e-07
9.87686e-07
9.80538e-07
9.71649e-07
9.61031e-07
9.57228e-07
9.71274e-07
9.83036e-07
9.98834e-07
1.01367e-06
1.02616e-06
1.03628e-06
1.04402e-06
1.05964e-06
1.07472e-06
1.08735e-06
1.0975e-06
1.10925e-06
1.12177e-06
1.13177e-06
1.13924e-06
1.14419e-06
1.14663e-06
1.15475e-06
1.16358e-06
1.16984e-06
1.17355e-06
1.1747e-06
1.17333e-06
1.16944e-06
1.16308e-06
1.15426e-06
1.14303e-06
1.12944e-06
1.11354e-06
1.09538e-06
1.09498e-06
1.09581e-06
1.0952e-06
1.09703e-06
1.0968e-06
1.0945e-06
1.09015e-06
1.08376e-06
1.07535e-06
1.07027e-06
1.06361e-06
1.05492e-06
1.0442e-06
1.03148e-06
1.0168e-06
1.00017e-06
9.81644e-07
9.61933e-07
9.44486e-07
9.34048e-07
9.49526e-07
9.6669e-07
9.82368e-07
1.00106e-06
1.02801e-06
1.05339e-06
1.07715e-06
1.09925e-06
1.11964e-06
1.13828e-06
1.15514e-06
1.17019e-06
1.18339e-06
1.19471e-06
1.20414e-06
1.21165e-06
1.21723e-06
1.22087e-06
1.22255e-06
1.22227e-06
1.22003e-06
1.21583e-06
1.20968e-06
1.20159e-06
1.19158e-06
1.17965e-06
1.16583e-06
1.15015e-06
1.13263e-06
1.1186e-06
1.10387e-06
1.0874e-06
1.06923e-06
1.04939e-06
1.02792e-06
1.00487e-06
9.80267e-07
9.55616e-07
9.34146e-07
9.11274e-07
8.8722e-07
9.18702e-07
9.49943e-07
9.79573e-07
1.00753e-06
1.03377e-06
1.05823e-06
1.08087e-06
1.10163e-06
1.12049e-06
1.13739e-06
1.15776e-06
1.17664e-06
1.19353e-06
1.20838e-06
1.22116e-06
1.23182e-06
1.24036e-06
1.24673e-06
1.25093e-06
1.25499e-06
1.26478e-06
1.27286e-06
1.27876e-06
1.28246e-06
1.28394e-06
1.28317e-06
1.28015e-06
1.27486e-06
1.27562e-06
1.27828e-06
1.27873e-06
1.27696e-06
1.27293e-06
1.26664e-06
1.25808e-06
1.24723e-06
1.23411e-06
1.2187e-06
1.20103e-06
1.18111e-06
1.15894e-06
1.13456e-06
1.10799e-06
1.10974e-06
1.11406e-06
1.1164e-06
1.11674e-06
1.11505e-06
1.11652e-06
1.11777e-06
1.117e-06
1.11417e-06
1.10928e-06
1.11367e-06
1.11638e-06
1.11706e-06
1.11569e-06
1.11665e-06
1.11844e-06
1.1182e-06
1.11591e-06
1.11155e-06
1.10512e-06
1.10294e-06
1.10399e-06
1.10304e-06
1.10006e-06
1.09506e-06
1.08803e-06
1.07897e-06
1.06789e-06
1.0548e-06
1.03972e-06
1.02266e-06
1.00364e-06
9.82711e-07
9.5989e-07
9.36013e-07
9.32553e-07
9.59227e-07
9.83936e-07
1.00926e-06
1.03456e-06
1.05774e-06
1.08472e-06
1.11037e-06
1.13376e-06
1.15484e-06
1.17357e-06
1.18994e-06
1.20391e-06
1.21549e-06
1.22548e-06
1.23748e-06
1.25097e-06
1.26638e-06
1.27927e-06
1.28962e-06
1.29742e-06
1.30268e-06
1.3054e-06
1.30559e-06
1.30327e-06
1.29847e-06
1.29121e-06
1.28153e-06
1.26948e-06
1.25509e-06
1.23842e-06
1.21952e-06
1.19846e-06
1.17529e-06
1.16877e-06
1.16623e-06
1.16157e-06
1.16152e-06
1.16429e-06
1.16497e-06
1.16358e-06
1.16013e-06
1.16047e-06
1.1607e-06
1.15891e-06
1.15513e-06
1.14938e-06
1.1428e-06
1.13923e-06
1.13622e-06
1.13495e-06
1.13179e-06
1.12797e-06
1.12863e-06
1.12744e-06
1.1244e-06
1.11955e-06
1.11292e-06
1.10455e-06
1.09446e-06
1.08978e-06
1.08725e-06
1.08302e-06
1.07712e-06
1.06956e-06
1.0604e-06
1.04965e-06
1.03737e-06
1.02359e-06
1.00835e-06
9.91699e-07
9.73679e-07
9.54339e-07
9.36024e-07
9.26005e-07
9.14668e-07
9.02042e-07
8.88154e-07
8.73037e-07
8.61481e-07
8.5922e-07
8.55709e-07
8.5096e-07
8.48969e-07
8.59314e-07
8.67858e-07
8.74585e-07
8.79486e-07
8.8255e-07
8.83774e-07
8.83153e-07
8.80688e-07
8.78132e-07
8.81298e-07
8.82592e-07
8.82009e-07
8.79552e-07
8.75224e-07
8.77803e-07
8.8355e-07
8.87956e-07
8.91005e-07
8.94538e-07
8.98509e-07
9.01086e-07
9.02255e-07
9.02006e-07
9.00333e-07
8.97229e-07
8.92692e-07
8.86722e-07
8.79324e-07
8.70502e-07
8.60266e-07
8.49608e-07
8.55038e-07
8.59147e-07
8.61926e-07
8.63369e-07
8.6347e-07
8.62229e-07
8.59645e-07
8.55721e-07
8.50462e-07
8.43877e-07
8.35974e-07
8.26766e-07
8.16268e-07
8.04496e-07
7.91469e-07
7.77208e-07
7.61738e-07
7.45082e-07
7.2727e-07
7.0833e-07
6.88294e-07
6.67446e-07
6.57769e-07
6.4706e-07
6.49783e-07
6.73842e-07
6.9641e-07
7.17439e-07
7.38596e-07
7.58392e-07
7.76478e-07
7.9454e-07
8.13069e-07
8.29721e-07
8.44454e-07
8.57235e-07
8.68036e-07
8.76832e-07
8.83605e-07
8.88343e-07
8.91038e-07
8.91688e-07
8.90297e-07
8.88807e-07
8.87818e-07
8.88312e-07
8.86637e-07
8.82801e-07
8.76815e-07
8.68696e-07
8.5847e-07
8.46164e-07
8.31814e-07
8.15462e-07
8.06636e-07
8.08563e-07
8.09015e-07
8.08001e-07
8.05532e-07
8.12325e-07
8.17959e-07
8.22146e-07
8.24883e-07
8.2617e-07
8.27631e-07
8.29898e-07
8.30709e-07
8.30067e-07
8.27977e-07
8.24448e-07
8.19491e-07
8.13117e-07
8.05343e-07
7.96188e-07
7.8567e-07
7.73812e-07
7.60641e-07
7.46182e-07
7.36514e-07
7.38603e-07
7.39365e-07
7.38801e-07
7.36915e-07
7.33715e-07
7.2921e-07
7.23411e-07
7.16333e-07
7.07991e-07
6.98404e-07
6.87594e-07
6.75582e-07
6.62396e-07
6.48062e-07
6.3261e-07
6.34983e-07
6.58348e-07
6.80305e-07
7.00826e-07
7.19887e-07
7.37709e-07
7.57386e-07
7.75497e-07
7.92023e-07
8.06946e-07
8.20254e-07
8.31937e-07
8.41987e-07
8.50401e-07
8.5718e-07
8.62325e-07
8.65842e-07
8.67739e-07
8.68026e-07
8.66717e-07
8.63828e-07
8.59375e-07
8.5338e-07
8.45865e-07
8.36853e-07
8.26371e-07
8.14446e-07
8.01108e-07
7.86389e-07
7.70321e-07
7.52938e-07
7.34275e-07
7.14371e-07
6.93264e-07
6.72923e-07
6.56099e-07
6.58468e-07
6.59584e-07
6.63938e-07
6.68756e-07
6.72174e-07
6.74185e-07
6.76809e-07
6.79785e-07
6.81349e-07
6.815e-07
6.80238e-07
6.77569e-07
6.73499e-07
6.68037e-07
6.61196e-07
6.52992e-07
6.43444e-07
6.32571e-07
6.20398e-07
6.06952e-07
5.97249e-07
5.99313e-07
6.00167e-07
5.99814e-07
5.98259e-07
5.95508e-07
5.9157e-07
5.86458e-07
5.80185e-07
5.72768e-07
5.64223e-07
5.54573e-07
5.43839e-07
5.52477e-07
5.6801e-07
5.82595e-07
5.96205e-07
6.08816e-07
6.20402e-07
6.30943e-07
6.41087e-07
6.63036e-07
6.83716e-07
7.03084e-07
7.21097e-07
7.37718e-07
7.52911e-07
7.66644e-07
7.78887e-07
7.89614e-07
7.98803e-07
8.06435e-07
8.12495e-07
8.16971e-07
8.19856e-07
8.21146e-07
8.20841e-07
8.18946e-07
8.1547e-07
8.10424e-07
8.03825e-07
7.95694e-07
7.86055e-07
7.74937e-07
7.62372e-07
7.48396e-07
7.3305e-07
7.16376e-07
6.98421e-07
6.9476e-07
6.9571e-07
6.95099e-07
6.92928e-07
6.89201e-07
6.83924e-07
6.78402e-07
6.71566e-07
6.67108e-07
6.63399e-07
6.6275e-07
6.61218e-07
6.58408e-07
6.54329e-07
6.48993e-07
6.42413e-07
6.34608e-07
6.25595e-07
6.15396e-07
6.04035e-07
5.91536e-07
5.77926e-07
5.71817e-07
5.74053e-07
5.75206e-07
5.75278e-07
5.74272e-07
5.72193e-07
5.69047e-07
5.64844e-07
5.59595e-07
5.53312e-07
5.4601e-07
5.37706e-07
5.2842e-07
5.24034e-07
5.25372e-07
5.26346e-07
5.29616e-07
5.3514e-07
5.43196e-07
5.50307e-07
5.56457e-07
5.62588e-07
5.71287e-07
5.78975e-07
5.85639e-07
5.95685e-07
6.06462e-07
6.17652e-07
6.30413e-07
6.42047e-07
6.52536e-07
6.61861e-07
6.70008e-07
6.76962e-07
6.82712e-07
6.90161e-07
7.02449e-07
7.13497e-07
7.23289e-07
7.3181e-07
7.39048e-07
7.44991e-07
7.52201e-07
7.58352e-07
7.63185e-07
7.66692e-07
7.68869e-07
7.69712e-07
7.69218e-07
7.67388e-07
7.64989e-07
7.63956e-07
7.61606e-07
7.57943e-07
7.5297e-07
7.46695e-07
7.39154e-07
7.32249e-07
7.2408e-07
7.14658e-07
7.03995e-07
6.92107e-07
6.87074e-07
6.82172e-07
6.76225e-07
6.69784e-07
6.62656e-07
6.54781e-07
6.48719e-07
6.41677e-07
6.33674e-07
6.24736e-07
6.14886e-07
6.04152e-07
5.94701e-07
5.95598e-07
5.98745e-07
6.01117e-07
6.02709e-07
6.03518e-07
6.03541e-07
6.02776e-07
6.01225e-07
6.03753e-07
6.1068e-07
6.16553e-07
6.21358e-07
6.25348e-07
6.32218e-07
6.38616e-07
6.43887e-07
6.48867e-07
6.58991e-07
6.67938e-07
6.75683e-07
6.82205e-07
6.91659e-07
7.00849e-07
7.08749e-07
7.15336e-07
7.2442e-07
7.35485e-07
7.4563e-07
7.58861e-07
7.70652e-07
7.8097e-07
7.89787e-07
7.97077e-07
8.02817e-07
8.06989e-07
8.09577e-07
8.16163e-07
8.26865e-07
8.35946e-07
8.43379e-07
8.49144e-07
8.53222e-07
8.55598e-07
8.56264e-07
8.57988e-07
8.58991e-07
8.58276e-07
8.55843e-07
8.51695e-07
8.45838e-07
8.38284e-07
8.33453e-07
8.2789e-07
8.20694e-07
8.11881e-07
8.0147e-07
7.89483e-07
7.76772e-07
7.64996e-07
7.51747e-07
7.37054e-07
7.20951e-07
7.03472e-07
6.84658e-07
6.64551e-07
6.48142e-07
6.32216e-07
6.17954e-07
6.02614e-07
5.86225e-07
5.68822e-07
5.50437e-07
5.31108e-07
5.37081e-07
5.54302e-07
5.7076e-07
5.86414e-07
6.0122e-07
6.1514e-07
6.28135e-07
6.40168e-07
6.5179e-07
6.62691e-07
6.72543e-07
6.81314e-07
6.88978e-07
6.98802e-07
7.07997e-07
7.16076e-07
7.23013e-07
7.28786e-07
7.33374e-07
7.36759e-07
7.38927e-07
7.39865e-07
7.39562e-07
7.38013e-07
7.35214e-07
7.31164e-07
7.25864e-07
7.19321e-07
7.11542e-07
7.02538e-07
6.92323e-07
6.80915e-07
6.77422e-07
6.86834e-07
6.9486e-07
7.01501e-07
7.06758e-07
7.10639e-07
7.1315e-07
7.14303e-07
7.16311e-07
7.18359e-07
7.19075e-07
7.18472e-07
7.16568e-07
7.13378e-07
7.13579e-07
7.13126e-07
7.11429e-07
7.08504e-07
7.04369e-07
6.99144e-07
6.95933e-07
6.91563e-07
6.86054e-07
6.79636e-07
6.75416e-07
6.70086e-07
6.63663e-07
6.56166e-07
6.47615e-07
6.4129e-07
6.35437e-07
6.3008e-07
6.23765e-07
6.16506e-07
6.08322e-07
5.99232e-07
5.89256e-07
5.78415e-07
5.66732e-07
5.54229e-07
5.40932e-07
5.26865e-07
5.13802e-07
5.04759e-07
4.97644e-07
4.92598e-07
4.93396e-07
5.02873e-07
5.11365e-07
5.18872e-07
5.26859e-07
5.35153e-07
5.42443e-07
5.48733e-07
5.54026e-07
5.58328e-07
5.61648e-07
5.63995e-07
5.65381e-07
5.67506e-07
5.71199e-07
5.73919e-07
5.75677e-07
5.76486e-07
5.76359e-07
5.75314e-07
5.73367e-07
5.70536e-07
5.66841e-07
5.62304e-07
5.56945e-07
5.54426e-07
5.53512e-07
5.51332e-07
5.47887e-07
5.53518e-07
5.58523e-07
5.62302e-07
5.64845e-07
5.66143e-07
5.6619e-07
5.64984e-07
5.63631e-07
5.64072e-07
5.63292e-07
5.61293e-07
5.58077e-07
5.53651e-07
5.53723e-07
5.5343e-07
5.52003e-07
5.49449e-07
5.45773e-07
5.44987e-07
5.43257e-07
5.40475e-07
5.37451e-07
5.36495e-07
5.34565e-07
5.31669e-07
5.27819e-07
5.23737e-07
5.26292e-07
5.40708e-07
5.54135e-07
5.66541e-07
5.77898e-07
5.88182e-07
5.97369e-07
6.05438e-07
6.12371e-07
6.18152e-07
6.22767e-07
6.26207e-07
6.28463e-07
6.31579e-07
6.36211e-07
6.39609e-07
6.41763e-07
6.42669e-07
6.43506e-07
6.45264e-07
6.45732e-07
6.44909e-07
6.42798e-07
6.43583e-07
6.43945e-07
6.42979e-07
6.4069e-07
6.37084e-07
6.32172e-07
6.289e-07
6.25015e-07
6.1982e-07
6.13334e-07
6.06163e-07
6.0254e-07
5.9763e-07
5.91451e-07
5.84023e-07
5.7585e-07
5.69858e-07
5.62653e-07
5.54262e-07
5.44713e-07
5.34036e-07
5.22265e-07
5.09435e-07
5.00834e-07
4.96743e-07
4.91617e-07
4.8713e-07
4.83221e-07
4.78263e-07
4.72251e-07
4.67554e-07
4.62792e-07
4.60316e-07
4.57694e-07
4.5399e-07
4.49195e-07
4.43304e-07
4.36314e-07
4.28224e-07
4.19038e-07
4.08761e-07
3.97403e-07
3.95119e-07
3.96502e-07
4.02057e-07
4.20632e-07
4.38499e-07
4.55568e-07
4.71816e-07
4.87216e-07
5.01749e-07
5.15392e-07
5.28128e-07
5.39939e-07
5.50809e-07
5.60725e-07
5.69675e-07
5.77649e-07
5.84637e-07
5.90633e-07
5.95632e-07
6.01646e-07
6.08068e-07
6.13458e-07
6.1781e-07
6.21124e-07
6.23399e-07
6.24637e-07
6.26179e-07
6.27662e-07
6.28109e-07
6.27525e-07
6.25916e-07
6.322e-07
6.39787e-07
6.49002e-07
6.58691e-07
6.67269e-07
6.74719e-07
6.8116e-07
6.911e-07
6.99877e-07
7.07472e-07
7.1387e-07
7.19055e-07
7.23017e-07
7.29358e-07
7.34628e-07
7.38648e-07
7.44246e-07
7.50208e-07
7.54911e-07
7.58345e-07
7.60501e-07
7.61374e-07
7.6098e-07
7.62824e-07
7.63391e-07
7.6268e-07
7.63962e-07
7.65369e-07
7.65519e-07
7.64412e-07
7.62047e-07
7.58426e-07
7.53553e-07
7.47436e-07
7.40081e-07
7.31501e-07
7.21707e-07
7.10714e-07
6.98538e-07
6.85198e-07
6.70714e-07
6.55108e-07
6.38404e-07
6.21507e-07
6.14654e-07
6.09391e-07
6.03179e-07
5.96026e-07
5.88987e-07
5.8298e-07
5.77038e-07
5.72174e-07
5.66447e-07
5.61214e-07
5.56455e-07
5.50864e-07
5.4525e-07
5.39243e-07
5.33574e-07
5.29048e-07
5.23745e-07
5.1767e-07
5.10828e-07
5.03962e-07
5.19551e-07
5.3431e-07
5.48211e-07
5.63157e-07
5.81493e-07
5.98883e-07
6.15291e-07
6.30685e-07
6.45031e-07
6.58301e-07
6.70463e-07
6.81492e-07
6.91362e-07
7.00049e-07
7.09309e-07
7.19785e-07
7.2901e-07
7.36963e-07
7.4362e-07
7.48965e-07
7.56567e-07
7.64306e-07
7.70677e-07
7.75663e-07
7.79249e-07
7.81422e-07
7.85088e-07
7.88399e-07
7.9027e-07
7.90689e-07
7.89652e-07
7.91814e-07
7.92909e-07
7.9253e-07
7.90674e-07
7.87339e-07
7.8253e-07
7.7987e-07
7.76179e-07
7.71029e-07
7.64429e-07
7.61552e-07
7.57616e-07
7.52246e-07
7.45451e-07
7.37245e-07
7.27642e-07
7.16661e-07
7.04323e-07
6.90653e-07
6.75679e-07
6.59431e-07
6.41942e-07
6.23247e-07
6.03387e-07
5.82402e-07
5.67525e-07
5.58994e-07
5.51476e-07
5.42931e-07
5.33379e-07
5.22844e-07
5.11876e-07
5.06065e-07
4.99316e-07
4.91645e-07
4.8445e-07
4.78548e-07
4.80933e-07
4.95039e-07
5.09057e-07
5.25964e-07
5.41977e-07
5.57064e-07
5.71199e-07
5.84353e-07
5.97234e-07
6.12062e-07
6.30966e-07
6.49377e-07
6.66594e-07
6.82586e-07
6.97321e-07
7.10774e-07
7.2292e-07
7.33738e-07
7.43208e-07
7.51314e-07
7.58043e-07
7.63384e-07
7.67329e-07
7.71275e-07
7.76002e-07
7.7928e-07
7.81106e-07
7.81479e-07
7.80401e-07
7.77877e-07
7.76748e-07
7.75541e-07
7.72863e-07
7.6872e-07
7.63126e-07
7.56093e-07
7.48913e-07
7.4247e-07
7.34604e-07
7.25333e-07
7.14678e-07
7.03351e-07
6.94084e-07
6.83458e-07
6.71498e-07
6.58228e-07
6.43676e-07
6.28926e-07
6.15326e-07
6.00502e-07
5.85142e-07
5.72356e-07
5.58396e-07
5.4329e-07
5.27069e-07
5.09767e-07
4.93118e-07
4.97836e-07
5.01884e-07
5.05177e-07
5.0771e-07
5.09479e-07
5.1048e-07
5.10712e-07
5.10175e-07
5.0887e-07
5.06799e-07
5.04214e-07
5.02621e-07
5.00262e-07
4.9714e-07
4.93263e-07
4.88637e-07
4.83271e-07
4.77175e-07
4.70361e-07
4.78232e-07
4.97395e-07
5.15778e-07
5.33351e-07
5.51954e-07
5.75632e-07
5.98384e-07
6.20174e-07
6.40964e-07
6.6072e-07
6.79409e-07
6.96998e-07
7.13458e-07
7.28761e-07
7.4288e-07
7.5579e-07
7.67469e-07
7.77895e-07
7.87051e-07
7.94918e-07
8.01483e-07
8.08615e-07
8.15148e-07
8.20321e-07
8.24122e-07
8.26544e-07
8.28471e-07
8.31231e-07
8.3257e-07
8.32484e-07
8.3097e-07
8.28028e-07
8.2366e-07
8.17872e-07
8.10737e-07
8.04666e-07
7.97183e-07
7.90283e-07
7.83077e-07
7.74466e-07
7.64461e-07
7.53077e-07
7.40332e-07
7.26245e-07
7.11085e-07
7.00034e-07
6.88219e-07
6.75107e-07
6.60719e-07
6.45077e-07
6.28207e-07
6.10138e-07
5.90899e-07
5.70524e-07
5.49048e-07
5.26509e-07
5.02945e-07
4.78401e-07
4.52918e-07
4.28041e-07
4.13428e-07
3.9795e-07
3.85631e-07
3.73133e-07
3.59826e-07
3.45734e-07
3.35118e-07
3.33642e-07
3.31515e-07
3.28745e-07
3.25343e-07
3.2132e-07
3.16688e-07
3.33325e-07
3.55624e-07
3.79727e-07
4.06112e-07
4.33372e-07
4.59836e-07
4.85461e-07
5.10203e-07
5.34022e-07
5.5688e-07
5.78738e-07
5.99563e-07
6.19321e-07
6.37982e-07
6.55518e-07
6.71901e-07
6.87109e-07
7.01118e-07
7.15731e-07
7.29307e-07
7.41603e-07
7.54073e-07
7.66378e-07
7.77337e-07
7.86938e-07
7.95167e-07
8.02016e-07
8.07478e-07
8.11548e-07
8.14227e-07
8.15515e-07
8.18411e-07
8.21577e-07
8.23331e-07
8.23676e-07
8.22614e-07
8.20155e-07
8.16307e-07
8.11083e-07
8.04498e-07
7.99696e-07
7.95739e-07
7.90449e-07
7.83841e-07
7.7593e-07
7.66736e-07
7.5628e-07
7.44585e-07
7.31677e-07
7.17582e-07
7.02332e-07
6.85956e-07
6.68488e-07
6.49963e-07
6.30419e-07
6.09893e-07
5.88426e-07
5.66059e-07
5.43347e-07
5.30264e-07
5.1927e-07
5.08692e-07
4.97329e-07
4.85203e-07
4.73083e-07
4.62392e-07
4.51e-07
4.38929e-07
4.26202e-07
4.12842e-07
4.0305e-07
3.92797e-07
3.81967e-07
3.72318e-07
3.63206e-07
3.53567e-07
3.43416e-07
3.32774e-07
3.2166e-07
3.12155e-07
3.29977e-07
3.53569e-07
3.76495e-07
3.9872e-07
4.2021e-07
4.40932e-07
4.60856e-07
4.79951e-07
4.98189e-07
5.15542e-07
5.31984e-07
5.47492e-07
5.62042e-07
5.75613e-07
5.88185e-07
5.99741e-07
6.10263e-07
6.19737e-07
6.2815e-07
6.36641e-07
6.45055e-07
6.52325e-07
6.58443e-07
6.63403e-07
6.67202e-07
6.69837e-07
6.71308e-07
6.71618e-07
6.7077e-07
6.69142e-07
6.68852e-07
6.67382e-07
6.64742e-07
6.60942e-07
6.55994e-07
6.49913e-07
6.42716e-07
6.37031e-07
6.31654e-07
6.25172e-07
6.17603e-07
6.08966e-07
5.99284e-07
5.88582e-07
5.76884e-07
5.64218e-07
5.50614e-07
5.36104e-07
5.20719e-07
5.04495e-07
4.87468e-07
4.69674e-07
4.51153e-07
4.31944e-07
4.17218e-07
4.05694e-07
3.96431e-07
3.87177e-07
3.77282e-07
3.66769e-07
3.579e-07
3.48725e-07
3.38983e-07
3.28699e-07
3.28133e-07
3.3838e-07
3.50741e-07
3.63103e-07
3.76497e-07
3.90113e-07
4.03116e-07
4.15472e-07
4.27152e-07
4.3962e-07
4.53253e-07
4.66142e-07
4.80031e-07
4.93725e-07
5.0659e-07
5.18594e-07
5.29705e-07
5.39926e-07
5.52456e-07
5.64031e-07
5.74974e-07
5.86747e-07
5.97492e-07
6.07179e-07
6.15782e-07
6.23276e-07
6.2964e-07
6.34855e-07
6.38905e-07
6.41777e-07
6.44436e-07
6.49982e-07
6.54362e-07
6.57563e-07
6.59572e-07
6.60379e-07
6.59978e-07
6.58364e-07
6.55536e-07
6.51495e-07
6.46604e-07
6.419e-07
6.36017e-07
6.28962e-07
6.20745e-07
6.11381e-07
6.00883e-07
5.89715e-07
5.7931e-07
5.67857e-07
5.55374e-07
5.41881e-07
5.27402e-07
5.11961e-07
4.96934e-07
4.81219e-07
4.64637e-07
4.47217e-07
4.28989e-07
4.09982e-07
3.91799e-07
3.74972e-07
3.5752e-07
3.39471e-07
3.20851e-07
3.0169e-07
2.95361e-07
2.92512e-07
2.89204e-07
2.85443e-07
2.81238e-07
2.766e-07
2.72629e-07
2.79836e-07
2.93372e-07
3.07647e-07
3.2246e-07
3.36666e-07
3.50243e-07
3.63171e-07
3.77081e-07
3.92045e-07
4.06291e-07
4.21528e-07
4.36673e-07
4.51033e-07
4.64587e-07
4.77316e-07
4.89202e-07
5.03406e-07
5.16846e-07
5.3138e-07
5.45231e-07
5.58138e-07
5.70083e-07
5.8105e-07
5.91023e-07
5.99987e-07
6.07932e-07
6.14846e-07
6.20719e-07
6.29721e-07
6.38741e-07
6.4669e-07
6.53557e-07
6.59333e-07
6.64009e-07
6.6758e-07
6.7004e-07
6.71388e-07
6.7162e-07
6.72473e-07
6.72252e-07
6.70919e-07
6.68477e-07
6.64929e-07
6.60282e-07
6.5672e-07
6.52375e-07
6.46961e-07
6.40485e-07
6.3296e-07
6.24397e-07
6.14811e-07
6.04421e-07
5.94445e-07
5.835e-07
5.71604e-07
5.58775e-07
5.45035e-07
5.30405e-07
5.17862e-07
5.05888e-07
4.93118e-07
4.79575e-07
4.65281e-07
4.50259e-07
4.34535e-07
4.18135e-07
4.01086e-07
3.83416e-07
3.65154e-07
3.46329e-07
3.34818e-07
3.4183e-07
3.48276e-07
3.54143e-07
3.5942e-07
3.64096e-07
3.68162e-07
3.71611e-07
3.74433e-07
3.76624e-07
3.78179e-07
3.79093e-07
3.79363e-07
3.78988e-07
3.77967e-07
3.78106e-07
3.91275e-07
4.03576e-07
4.1756e-07
4.32186e-07
4.45945e-07
4.6165e-07
4.76399e-07
4.90159e-07
5.02904e-07
5.14606e-07
5.2524e-07
5.34786e-07
5.43223e-07
5.50535e-07
5.60653e-07
5.72856e-07
5.83948e-07
5.93906e-07
6.0271e-07
6.10344e-07
6.16792e-07
6.22041e-07
6.26083e-07
6.30712e-07
6.34883e-07
6.37852e-07
6.39614e-07
6.40166e-07
6.39508e-07
6.3904e-07
6.39866e-07
6.39533e-07
6.38042e-07
6.35398e-07
6.31606e-07
6.26673e-07
6.22179e-07
6.17482e-07
6.11699e-07
6.04842e-07
5.96924e-07
5.87959e-07
5.79889e-07
5.7154e-07
5.63675e-07
5.5781e-07
5.51046e-07
5.43394e-07
5.34864e-07
5.25471e-07
5.15227e-07
5.0415e-07
4.92256e-07
4.79564e-07
4.66094e-07
4.51867e-07
4.36905e-07
4.21471e-07
4.08041e-07
3.93967e-07
3.80947e-07
3.69187e-07
3.56964e-07
3.45531e-07
3.45001e-07
3.48587e-07
3.51536e-07
3.53847e-07
3.58303e-07
3.662e-07
3.7641e-07
3.85843e-07
3.94487e-07
4.02329e-07
4.11746e-07
4.22414e-07
4.32243e-07
4.41218e-07
4.51859e-07
4.62319e-07
4.71886e-07
4.80549e-07
4.88297e-07
4.95121e-07
5.01015e-07
5.05973e-07
5.09992e-07
5.20861e-07
5.31003e-07
5.40176e-07
5.4837e-07
5.55573e-07
5.6178e-07
5.66982e-07
5.71176e-07
5.75631e-07
5.80681e-07
5.84711e-07
5.87719e-07
5.89703e-07
5.90663e-07
5.90601e-07
5.93748e-07
5.9608e-07
5.97393e-07
5.97685e-07
5.9696e-07
5.96144e-07
5.95256e-07
5.93624e-07
5.91597e-07
5.89772e-07
5.8844e-07
5.86121e-07
5.8282e-07
5.78544e-07
5.73304e-07
5.67109e-07
5.62997e-07
5.60355e-07
5.56801e-07
5.52342e-07
5.46987e-07
5.40747e-07
5.33634e-07
5.25661e-07
5.16842e-07
5.07194e-07
4.96733e-07
4.85479e-07
4.761e-07
4.66534e-07
4.58265e-07
4.51066e-07
4.45184e-07
4.38624e-07
4.31395e-07
4.23509e-07
4.1692e-07
4.11064e-07
4.04598e-07
3.97533e-07
3.89879e-07
3.95857e-07
4.01833e-07
4.07069e-07
4.14848e-07
4.21938e-07
4.28248e-07
4.33765e-07
4.40413e-07
4.49032e-07
4.56821e-07
4.63766e-07
4.70651e-07
4.79309e-07
4.87079e-07
4.93948e-07
4.99901e-07
5.04927e-07
5.09017e-07
5.12162e-07
5.14357e-07
5.1833e-07
5.27284e-07
5.35274e-07
5.42287e-07
5.4831e-07
5.53333e-07
5.57346e-07
5.60344e-07
5.62322e-07
5.64866e-07
5.67974e-07
5.7006e-07
5.7112e-07
5.71155e-07
5.70168e-07
5.69488e-07
5.715e-07
5.7251e-07
5.72515e-07
5.7152e-07
5.70687e-07
5.69798e-07
5.67928e-07
5.6508e-07
5.62005e-07
5.61343e-07
5.59734e-07
5.57184e-07
5.53699e-07
5.49286e-07
5.4484e-07
5.41913e-07
5.40583e-07
5.38937e-07
5.36414e-07
5.33018e-07
5.28758e-07
5.23639e-07
5.17673e-07
5.10869e-07
5.0324e-07
4.95771e-07
4.90212e-07
4.83872e-07
4.78162e-07
4.75192e-07
4.734e-07
4.70873e-07
4.67613e-07
4.6528e-07
4.64617e-07
4.63247e-07
4.61169e-07
4.58381e-07
4.54887e-07
4.50686e-07
4.45784e-07
4.40184e-07
4.33891e-07
4.26913e-07
4.22169e-07
4.17645e-07
4.12458e-07
4.06612e-07
4.00111e-07
3.95005e-07
3.91525e-07
3.87415e-07
3.88968e-07
3.92589e-07
3.95499e-07
3.97702e-07
3.99203e-07
4.03917e-07
4.11708e-07
4.18748e-07
4.25033e-07
4.30562e-07
4.35333e-07
4.39346e-07
4.42604e-07
4.45109e-07
4.48969e-07
4.52783e-07
4.55833e-07
4.58123e-07
4.59655e-07
4.60436e-07
4.64159e-07
4.68022e-07
4.71116e-07
4.73443e-07
4.76562e-07
4.7925e-07
4.81164e-07
4.82307e-07
4.83694e-07
4.86999e-07
4.89515e-07
4.91243e-07
4.92186e-07
4.92347e-07
4.91731e-07
4.93049e-07
4.94029e-07
4.94233e-07
4.96709e-07
4.98475e-07
4.99466e-07
4.99685e-07
4.99135e-07
4.9782e-07
4.95746e-07
4.9292e-07
4.8963e-07
4.88785e-07
4.87196e-07
4.8614e-07
4.86956e-07
4.87023e-07
4.88329e-07
4.89669e-07
4.90253e-07
4.94266e-07
4.97622e-07
5.00199e-07
5.01995e-07
5.03006e-07
5.03229e-07
5.02664e-07
5.01312e-07
4.99175e-07
4.96254e-07
4.92555e-07
4.88899e-07
4.87206e-07
4.84731e-07
4.81478e-07
4.77449e-07
4.72651e-07
4.68681e-07
4.66462e-07
4.63467e-07
4.59701e-07
4.55433e-07
4.53524e-07
4.50839e-07
4.47381e-07
4.43153e-07
4.38162e-07
4.33759e-07
4.31158e-07
4.27788e-07
4.23652e-07
4.19154e-07
4.16638e-07
4.13356e-07
4.09313e-07
4.04514e-07
4.00807e-07
3.9827e-07
3.94974e-07
3.90922e-07
3.86121e-07
3.80577e-07
3.74301e-07
3.67301e-07
3.59589e-07
3.51179e-07
3.5334e-07
3.59936e-07
3.65931e-07
3.71319e-07
3.76096e-07
3.80257e-07
3.838e-07
3.87675e-07
3.9304e-07
3.97779e-07
4.01921e-07
4.0852e-07
4.14478e-07
4.19788e-07
4.24445e-07
4.28442e-07
4.31776e-07
4.34444e-07
4.36445e-07
4.38514e-07
4.42449e-07
4.45942e-07
4.52145e-07
4.57648e-07
4.62441e-07
4.66544e-07
4.72537e-07
4.77792e-07
4.86192e-07
4.94056e-07
5.01141e-07
5.07432e-07
5.12919e-07
5.17588e-07
5.21431e-07
5.24438e-07
5.26602e-07
5.27918e-07
5.28381e-07
5.27987e-07
5.26736e-07
5.27713e-07
5.27837e-07
5.27083e-07
5.25447e-07
5.22931e-07
5.19894e-07
5.19197e-07
5.17604e-07
5.15114e-07
5.11728e-07
5.07448e-07
5.05099e-07
5.01986e-07
4.97973e-07
4.93063e-07
4.87434e-07
4.84093e-07
4.79851e-07
4.74711e-07
4.68679e-07
4.6205e-07
4.57009e-07
4.51084e-07
4.44576e-07
4.40169e-07
4.34882e-07
4.28721e-07
4.21694e-07
4.1381e-07
4.05079e-07
3.95516e-07
3.85134e-07
3.7395e-07
3.61982e-07
3.49249e-07
3.35773e-07
3.21578e-07
3.1198e-07
3.05736e-07
2.98804e-07
2.91326e-07
2.86214e-07
2.80438e-07
2.88817e-07
2.98201e-07
3.07124e-07
3.15576e-07
3.23546e-07
3.31025e-07
3.38004e-07
3.45677e-07
3.54377e-07
3.62883e-07
3.73477e-07
3.83471e-07
3.93119e-07
4.04365e-07
4.14959e-07
4.28277e-07
4.4137e-07
4.53737e-07
4.65357e-07
4.7621e-07
4.8628e-07
4.9555e-07
5.04004e-07
5.1163e-07
5.18414e-07
5.24346e-07
5.29417e-07
5.33618e-07
5.36944e-07
5.41431e-07
5.45421e-07
5.48497e-07
5.50654e-07
5.53231e-07
5.56426e-07
5.5867e-07
5.59958e-07
5.60289e-07
5.59662e-07
5.58176e-07
5.58022e-07
5.56899e-07
5.55413e-07
5.55114e-07
5.53838e-07
5.51587e-07
5.48365e-07
5.44179e-07
5.39265e-07
5.35716e-07
5.33789e-07
5.30903e-07
5.27064e-07
5.2228e-07
5.1656e-07
5.09915e-07
5.02358e-07
4.93902e-07
4.84563e-07
4.7436e-07
4.63312e-07
4.51438e-07
4.38762e-07
4.25306e-07
4.11095e-07
3.99001e-07
3.94033e-07
3.89173e-07
3.83605e-07
3.77341e-07
3.70602e-07
3.65033e-07
3.588e-07
3.51913e-07
3.46146e-07
3.41004e-07
3.35243e-07
3.28875e-07
3.228e-07
3.17217e-07
3.11059e-07
3.04337e-07
2.98556e-07
2.93538e-07
3.01156e-07
3.13149e-07
3.25033e-07
3.38082e-07
3.51485e-07
3.67232e-07
3.82351e-07
3.96817e-07
4.10606e-07
4.23694e-07
4.36058e-07
4.47678e-07
4.58534e-07
4.68608e-07
4.77881e-07
4.86339e-07
4.93966e-07
5.00751e-07
5.06681e-07
5.11747e-07
5.17256e-07
5.22493e-07
5.26831e-07
5.31685e-07
5.36598e-07
5.4058e-07
5.43625e-07
5.45729e-07
5.46888e-07
5.471e-07
5.46876e-07
5.47202e-07
5.47839e-07
5.48676e-07
5.48557e-07
5.47485e-07
5.4546e-07
5.42489e-07
5.38578e-07
5.3732e-07
5.36202e-07
5.34152e-07
5.31177e-07
5.2728e-07
5.22471e-07
5.16758e-07
5.10154e-07
5.02671e-07
4.94324e-07
4.8513e-07
4.75105e-07
4.6427e-07
4.52645e-07
4.40255e-07
4.27121e-07
4.15628e-07
4.12093e-07
4.07856e-07
4.02925e-07
3.9731e-07
3.91951e-07
3.87016e-07
3.81427e-07
3.75197e-07
3.69446e-07
3.64999e-07
3.5994e-07
3.54279e-07
3.48434e-07
3.43571e-07
3.38137e-07
3.32141e-07
3.25597e-07
3.19789e-07
3.15042e-07
3.09774e-07
3.03997e-07
2.97722e-07
2.90962e-07
3.02576e-07
3.17559e-07
3.31942e-07
3.45704e-07
3.58823e-07
3.71279e-07
3.83052e-07
3.94125e-07
4.04481e-07
4.14107e-07
4.22987e-07
4.31111e-07
4.38466e-07
4.45044e-07
4.50837e-07
4.55838e-07
4.60041e-07
4.63444e-07
4.66043e-07
4.67838e-07
4.69166e-07
4.70483e-07
4.71789e-07
4.73011e-07
4.73387e-07
4.72921e-07
4.71619e-07
4.69488e-07
4.66536e-07
4.62774e-07
4.58455e-07
4.5474e-07
4.51612e-07
4.47675e-07
4.42942e-07
4.37427e-07
4.31146e-07
4.25229e-07
4.20917e-07
4.15841e-07
4.10017e-07
4.0346e-07
3.96191e-07
3.88227e-07
3.7959e-07
3.70302e-07
3.60386e-07
3.49865e-07
3.38765e-07
3.2711e-07
3.14929e-07
3.06077e-07
3.01621e-07
2.9661e-07
2.91363e-07
2.86964e-07
2.82036e-07
2.76594e-07
2.72331e-07
2.68394e-07
2.63959e-07
2.59039e-07
2.55114e-07
2.50885e-07
2.46193e-07
2.4105e-07
2.37008e-07
2.33338e-07
2.29232e-07
2.24702e-07
2.19759e-07
2.14416e-07
2.1874e-07
2.30763e-07
2.42426e-07
2.53892e-07
2.65102e-07
2.75864e-07
2.87274e-07
2.99495e-07
3.11176e-07
3.22299e-07
3.32847e-07
3.42805e-07
3.52156e-07
3.60889e-07
3.68989e-07
3.76445e-07
3.83248e-07
3.89387e-07
3.94854e-07
3.99642e-07
4.03746e-07
4.07161e-07
4.09884e-07
4.11911e-07
4.13243e-07
4.13879e-07
4.13821e-07
4.13072e-07
4.11634e-07
4.09513e-07
4.06716e-07
4.03249e-07
3.99121e-07
3.94342e-07
3.88921e-07
3.82872e-07
3.76206e-07
3.68938e-07
3.61082e-07
3.52654e-07
3.43672e-07
3.34152e-07
3.24113e-07
3.13575e-07
3.02558e-07
2.91318e-07
2.80329e-07
2.68995e-07
2.60364e-07
2.51264e-07
2.41716e-07
2.31738e-07
2.21352e-07
2.17061e-07
2.14202e-07
2.11005e-07
2.07476e-07
2.03623e-07
1.99518e-07
1.96793e-07
1.93647e-07
1.92409e-07
1.97365e-07
2.01979e-07
2.06241e-07
2.1014e-07
2.13898e-07
2.17911e-07
2.21598e-07
2.24886e-07
2.27768e-07
2.30234e-07
2.32277e-07
2.33891e-07
2.3507e-07
2.3581e-07
2.36105e-07
2.35953e-07
2.35352e-07
2.343e-07
2.32796e-07
2.37169e-07
2.4811e-07
2.58589e-07
2.69597e-07
2.80612e-07
2.91142e-07
3.01167e-07
3.10665e-07
3.19618e-07
3.28008e-07
3.35817e-07
3.43031e-07
3.49633e-07
3.55611e-07
3.60953e-07
3.65814e-07
3.70227e-07
3.73988e-07
3.77089e-07
3.79524e-07
3.81288e-07
3.82376e-07
3.82787e-07
3.82518e-07
3.81579e-07
3.80445e-07
3.78659e-07
3.76221e-07
3.73137e-07
3.69411e-07
3.65049e-07
3.60059e-07
3.5445e-07
3.48231e-07
3.41414e-07
3.3401e-07
3.26032e-07
3.17495e-07
3.08414e-07
2.98804e-07
2.88871e-07
2.7877e-07
2.68202e-07
2.57186e-07
2.46137e-07
2.35058e-07
2.23882e-07
2.12578e-07
2.06393e-07
2.04878e-07
2.07561e-07
2.14343e-07
2.20756e-07
2.26787e-07
2.32846e-07
2.39055e-07
2.44848e-07
2.50215e-07
2.55145e-07
2.59627e-07
2.63655e-07
2.67219e-07
2.70314e-07
2.72934e-07
2.75072e-07
2.76726e-07
2.77893e-07
2.7857e-07
2.78756e-07
2.78451e-07
2.77656e-07
2.76372e-07
2.74602e-07
2.7235e-07
2.6962e-07
2.66416e-07
2.62747e-07
2.66691e-07
2.75117e-07
2.83064e-07
2.93073e-07
3.02559e-07
3.11505e-07
3.19894e-07
3.27713e-07
3.34946e-07
3.4158e-07
3.47603e-07
3.53004e-07
3.57772e-07
3.62209e-07
3.66482e-07
3.70111e-07
3.73087e-07
3.75405e-07
3.7706e-07
3.78047e-07
3.78365e-07
3.7801e-07
3.77189e-07
3.76696e-07
3.75555e-07
3.73767e-07
3.71334e-07
3.68259e-07
3.64547e-07
3.60202e-07
3.55231e-07
3.49641e-07
3.43551e-07
3.3761e-07
3.31092e-07
3.24009e-07
3.1637e-07
3.08188e-07
2.99477e-07
2.9069e-07
2.82645e-07
2.74951e-07
2.66829e-07
2.58292e-07
2.49355e-07
2.4003e-07
2.30334e-07
2.20282e-07
2.09889e-07
1.99682e-07
2.05484e-07
2.109e-07
2.16632e-07
2.22237e-07
2.27429e-07
2.32197e-07
2.36535e-07
2.40435e-07
2.4389e-07
2.46897e-07
2.4945e-07
2.51544e-07
2.53179e-07
2.5435e-07
2.55058e-07
2.55302e-07
2.55082e-07
2.544e-07
2.53258e-07
2.59115e-07
2.69177e-07
2.78721e-07
2.87727e-07
2.96179e-07
3.04058e-07
3.1135e-07
3.1804e-07
3.24114e-07
3.29563e-07
3.34374e-07
3.4101e-07
3.48633e-07
3.55604e-07
3.6191e-07
3.6754e-07
3.72483e-07
3.76731e-07
3.80275e-07
3.8311e-07
3.85232e-07
3.8683e-07
3.88879e-07
3.90214e-07
3.90833e-07
3.90737e-07
3.89927e-07
3.88405e-07
3.86177e-07
3.83246e-07
3.81691e-07
3.79529e-07
3.76696e-07
3.73196e-07
3.69038e-07
3.64231e-07
3.58804e-07
3.5372e-07
3.48024e-07
3.41771e-07
3.35291e-07
3.28238e-07
3.21632e-07
3.15064e-07
3.07969e-07
3.00358e-07
2.92247e-07
2.85417e-07
2.78954e-07
2.72048e-07
2.6471e-07
2.56953e-07
2.48792e-07
2.4024e-07
2.31311e-07
2.22022e-07
2.12388e-07
2.03259e-07
1.94693e-07
1.96618e-07
2.00205e-07
2.03384e-07
2.06151e-07
2.08503e-07
2.10436e-07
2.11949e-07
2.1304e-07
2.1371e-07
2.13959e-07
2.20586e-07
2.26987e-07
2.33251e-07
2.41406e-07
2.4911e-07
2.56353e-07
2.63451e-07
2.71496e-07
2.79044e-07
2.86082e-07
2.92602e-07
2.98593e-07
3.04049e-07
3.0896e-07
3.13321e-07
3.17126e-07
3.20371e-07
3.25498e-07
3.31806e-07
3.37532e-07
3.42669e-07
3.4721e-07
3.5115e-07
3.54484e-07
3.57209e-07
3.59321e-07
3.6082e-07
3.61792e-07
3.63477e-07
3.64547e-07
3.65002e-07
3.64843e-07
3.64071e-07
3.62691e-07
3.60706e-07
3.58498e-07
3.57589e-07
3.5609e-07
3.54005e-07
3.5134e-07
3.481e-07
3.45151e-07
3.41768e-07
3.37831e-07
3.33347e-07
3.28324e-07
3.23303e-07
3.19196e-07
3.14575e-07
3.09452e-07
3.03834e-07
2.97732e-07
2.92105e-07
2.86649e-07
2.81026e-07
2.76099e-07
2.70746e-07
2.64976e-07
2.58798e-07
2.52224e-07
2.45264e-07
2.37929e-07
2.30233e-07
2.23534e-07
2.17009e-07
2.10159e-07
2.04435e-07
2.00466e-07
1.96207e-07
1.91662e-07
1.91569e-07
1.91921e-07
1.91923e-07
1.91577e-07
1.90883e-07
1.89846e-07
1.88468e-07
1.86985e-07
1.93293e-07
1.9918e-07
2.05773e-07
2.1261e-07
2.18997e-07
2.24923e-07
2.3038e-07
2.35359e-07
2.39854e-07
2.43859e-07
2.4737e-07
2.50383e-07
2.54901e-07
2.61314e-07
2.67213e-07
2.72589e-07
2.77436e-07
2.81748e-07
2.85519e-07
2.88747e-07
2.91428e-07
2.93563e-07
2.96426e-07
2.98978e-07
3.00981e-07
3.02434e-07
3.03339e-07
3.03697e-07
3.03512e-07
3.03375e-07
3.0459e-07
3.05272e-07
3.05425e-07
3.05052e-07
3.04398e-07
3.04045e-07
3.03178e-07
3.01803e-07
2.99925e-07
2.9755e-07
2.96257e-07
2.9497e-07
2.93201e-07
2.90956e-07
2.88242e-07
2.85066e-07
2.83048e-07
2.80663e-07
2.77835e-07
2.75651e-07
2.73533e-07
2.70989e-07
2.68024e-07
2.64646e-07
2.60861e-07
2.56677e-07
2.52102e-07
2.47433e-07
2.44037e-07
2.4027e-07
2.36837e-07
2.34575e-07
2.31953e-07
2.29263e-07
2.27407e-07
2.25201e-07
2.22888e-07
2.22219e-07
2.21204e-07
2.19845e-07
2.1814e-07
2.16092e-07
2.13701e-07
2.1097e-07
2.079e-07
2.04496e-07
2.01939e-07
1.99922e-07
1.97572e-07
1.94891e-07
1.91882e-07
1.88547e-07
1.85664e-07
1.83561e-07
1.81409e-07
1.79054e-07
1.78234e-07
1.77105e-07
1.78239e-07
1.81938e-07
1.85277e-07
1.88255e-07
1.90872e-07
1.94186e-07
1.97493e-07
2.00431e-07
2.03001e-07
2.05202e-07
2.07033e-07
2.08495e-07
2.09846e-07
2.12873e-07
2.15527e-07
2.17809e-07
2.2011e-07
2.22582e-07
2.24675e-07
2.26389e-07
2.27724e-07
2.28745e-07
2.31116e-07
2.33103e-07
2.34702e-07
2.35916e-07
2.36743e-07
2.37186e-07
2.37244e-07
2.37647e-07
2.38513e-07
2.38997e-07
2.39099e-07
2.40028e-07
2.40911e-07
2.41414e-07
2.41538e-07
2.41284e-07
2.40654e-07
2.39649e-07
2.38274e-07
2.36805e-07
2.3643e-07
2.35688e-07
2.35323e-07
2.35801e-07
2.3591e-07
2.35649e-07
2.36398e-07
2.36818e-07
2.38289e-07
2.40113e-07
2.41557e-07
2.42618e-07
2.43294e-07
2.43584e-07
2.43486e-07
2.43001e-07
2.42128e-07
2.40868e-07
2.39223e-07
2.37704e-07
2.37104e-07
2.36117e-07
2.34743e-07
2.32985e-07
2.30842e-07
2.29627e-07
2.2877e-07
2.27529e-07
2.25902e-07
2.24986e-07
2.24296e-07
2.23218e-07
2.21752e-07
2.19901e-07
2.1858e-07
2.17854e-07
2.16741e-07
2.15241e-07
2.14094e-07
2.13338e-07
2.12194e-07
2.10844e-07
2.10671e-07
2.10109e-07
2.09157e-07
2.07816e-07
2.06084e-07
2.03963e-07
2.01454e-07
1.98559e-07
1.95283e-07
1.91627e-07
1.87597e-07
1.83199e-07
1.78437e-07
1.75307e-07
1.76948e-07
1.79201e-07
1.81154e-07
1.82805e-07
1.84739e-07
1.87271e-07
1.89493e-07
1.91405e-07
1.93536e-07
1.96327e-07
1.98799e-07
2.00948e-07
2.02774e-07
2.04274e-07
2.05448e-07
2.06295e-07
2.07779e-07
2.09573e-07
2.11032e-07
2.1307e-07
2.15603e-07
2.17784e-07
2.2024e-07
2.23115e-07
2.26615e-07
2.30877e-07
2.34757e-07
2.38248e-07
2.41344e-07
2.44038e-07
2.46327e-07
2.48204e-07
2.49667e-07
2.50713e-07
2.51338e-07
2.51542e-07
2.51641e-07
2.52622e-07
2.53171e-07
2.53286e-07
2.52967e-07
2.53504e-07
2.5422e-07
2.54493e-07
2.54321e-07
2.53704e-07
2.53811e-07
2.53893e-07
2.53524e-07
2.52828e-07
2.53393e-07
2.53501e-07
2.53154e-07
2.52349e-07
2.51597e-07
2.51375e-07
2.51244e-07
2.51911e-07
2.52118e-07
2.51864e-07
2.51149e-07
2.49973e-07
2.48338e-07
2.46246e-07
2.43701e-07
2.40708e-07
2.37272e-07
2.33398e-07
2.29094e-07
2.24368e-07
2.19228e-07
2.17673e-07
2.16627e-07
2.16778e-07
2.16534e-07
2.15895e-07
2.14861e-07
2.13733e-07
2.13043e-07
2.11966e-07
2.10502e-07
2.08992e-07
2.08451e-07
2.07534e-07
2.06242e-07
2.04576e-07
2.03012e-07
2.01679e-07
1.99983e-07
1.97926e-07
1.9552e-07
1.94339e-07
1.9281e-07
1.90936e-07
1.8896e-07
1.92208e-07
1.95832e-07
2.01443e-07
2.06794e-07
2.11791e-07
2.16427e-07
2.20693e-07
2.24584e-07
2.28094e-07
2.31219e-07
2.33953e-07
2.36292e-07
2.38235e-07
2.39778e-07
2.4092e-07
2.41781e-07
2.43364e-07
2.44532e-07
2.45283e-07
2.45617e-07
2.47054e-07
2.4809e-07
2.48696e-07
2.4887e-07
2.48614e-07
2.48233e-07
2.48411e-07
2.48153e-07
2.4746e-07
2.47823e-07
2.478e-07
2.47335e-07
2.46429e-07
2.45085e-07
2.44352e-07
2.43828e-07
2.44059e-07
2.43844e-07
2.43186e-07
2.42084e-07
2.40543e-07
2.38566e-07
2.36157e-07
2.33321e-07
2.30064e-07
2.26393e-07
2.22315e-07
2.17838e-07
2.12971e-07
2.07724e-07
2.05885e-07
2.05545e-07
2.05235e-07
2.04543e-07
2.0347e-07
2.02295e-07
2.01568e-07
2.00465e-07
1.9899e-07
1.97294e-07
1.96753e-07
1.95845e-07
1.94572e-07
1.92937e-07
1.91574e-07
1.90281e-07
1.88634e-07
1.86637e-07
1.84294e-07
1.83069e-07
1.81615e-07
1.79823e-07
1.77698e-07
1.75244e-07
1.72466e-07
1.6937e-07
1.71908e-07
1.77843e-07
1.83465e-07
1.88767e-07
1.93738e-07
1.9837e-07
2.02657e-07
2.06591e-07
2.10166e-07
2.13376e-07
2.16216e-07
2.18682e-07
2.2077e-07
2.22477e-07
2.23801e-07
2.25081e-07
2.2631e-07
2.27299e-07
2.27886e-07
2.28587e-07
2.29456e-07
2.29908e-07
2.29943e-07
2.29561e-07
2.28764e-07
2.27554e-07
2.26266e-07
2.25162e-07
2.2393e-07
2.23106e-07
2.21859e-07
2.20192e-07
2.18109e-07
2.15615e-07
2.14257e-07
2.13145e-07
2.1161e-07
2.09658e-07
2.07293e-07
2.0452e-07
2.01347e-07
1.97781e-07
1.93831e-07
1.89504e-07
1.84812e-07
1.79765e-07
1.74374e-07
1.72588e-07
1.71696e-07
1.70442e-07
1.68955e-07
1.67996e-07
1.66683e-07
1.6502e-07
1.64525e-07
1.63733e-07
1.62595e-07
1.61115e-07
1.599e-07
1.58746e-07
1.57257e-07
1.55439e-07
1.54078e-07
1.53123e-07
1.51847e-07
1.50253e-07
1.48347e-07
1.46132e-07
1.43614e-07
1.408e-07
1.37696e-07
1.34309e-07
1.30648e-07
1.3431e-07
1.40366e-07
1.46161e-07
1.51687e-07
1.56936e-07
1.619e-07
1.66571e-07
1.70944e-07
1.75012e-07
1.78769e-07
1.82211e-07
1.85334e-07
1.88134e-07
1.90606e-07
1.9275e-07
1.94562e-07
1.96041e-07
1.97186e-07
1.9807e-07
1.99385e-07
2.00361e-07
2.00975e-07
2.01228e-07
2.0112e-07
2.00655e-07
1.99834e-07
1.98661e-07
1.97139e-07
1.95685e-07
1.94515e-07
1.92985e-07
1.91098e-07
1.89893e-07
1.88683e-07
1.87107e-07
1.85172e-07
1.82881e-07
1.8024e-07
1.77257e-07
1.73938e-07
1.70291e-07
1.66325e-07
1.62048e-07
1.60016e-07
1.59248e-07
1.58321e-07
1.57798e-07
1.56959e-07
1.56064e-07
1.56046e-07
1.55716e-07
1.55076e-07
1.54128e-07
1.53407e-07
1.52776e-07
1.51843e-07
1.50611e-07
1.49229e-07
1.48848e-07
1.48176e-07
1.47214e-07
1.45965e-07
1.44431e-07
1.42618e-07
1.40528e-07
1.38166e-07
1.35538e-07
1.32649e-07
1.29505e-07
1.26112e-07
1.22479e-07
1.18611e-07
1.19441e-07
1.2023e-07
1.20819e-07
1.21207e-07
1.21391e-07
1.21371e-07
1.21146e-07
1.24473e-07
1.29074e-07
1.33434e-07
1.37545e-07
1.41402e-07
1.45e-07
1.48332e-07
1.51396e-07
1.54245e-07
1.56947e-07
1.59353e-07
1.61459e-07
1.63264e-07
1.64765e-07
1.65962e-07
1.66854e-07
1.67441e-07
1.67831e-07
1.68266e-07
1.69306e-07
1.70019e-07
1.70407e-07
1.70469e-07
1.70208e-07
1.69624e-07
1.68722e-07
1.67505e-07
1.65976e-07
1.6414e-07
1.62003e-07
1.5957e-07
1.56848e-07
1.54569e-07
1.54789e-07
1.5472e-07
1.54364e-07
1.54456e-07
1.54356e-07
1.53971e-07
1.53304e-07
1.53059e-07
1.53241e-07
1.53145e-07
1.52772e-07
1.52125e-07
1.5195e-07
1.51653e-07
1.51085e-07
1.50251e-07
1.49152e-07
1.47792e-07
1.47546e-07
1.47074e-07
1.46346e-07
1.45366e-07
1.44136e-07
1.42659e-07
1.40941e-07
1.38986e-07
1.36798e-07
1.34383e-07
1.31748e-07
1.28897e-07
1.25839e-07
1.25285e-07
1.27088e-07
1.28665e-07
1.30013e-07
1.3113e-07
1.32011e-07
1.32655e-07
1.33061e-07
1.33227e-07
1.33152e-07
1.32837e-07
1.32281e-07
1.31485e-07
1.3045e-07
1.29178e-07
1.27672e-07
1.2643e-07
1.30176e-07
1.34376e-07
1.386e-07
1.42562e-07
1.46256e-07
1.49672e-07
1.52806e-07
1.55651e-07
1.58201e-07
1.60452e-07
1.624e-07
1.64041e-07
1.65371e-07
1.6639e-07
1.67094e-07
1.67654e-07
1.67992e-07
1.68017e-07
1.6773e-07
1.67131e-07
1.66222e-07
1.65005e-07
1.63481e-07
1.61654e-07
1.59528e-07
1.57106e-07
1.54394e-07
1.51395e-07
1.48116e-07
1.44564e-07
1.40956e-07
1.37336e-07
1.33468e-07
1.29359e-07
1.25017e-07
1.20448e-07
1.15663e-07
1.10669e-07
1.07904e-07
1.07528e-07
1.06962e-07
1.06209e-07
1.05272e-07
1.04941e-07
1.04806e-07
1.04489e-07
1.03992e-07
1.03318e-07
1.02471e-07
1.02898e-07
1.05554e-07
1.08004e-07
1.10245e-07
1.12272e-07
1.14083e-07
1.15673e-07
1.17438e-07
1.19107e-07
1.20545e-07
1.21751e-07
1.22721e-07
1.23455e-07
1.23952e-07
1.24211e-07
1.24232e-07
1.24015e-07
1.23561e-07
1.22871e-07
1.23911e-07
1.28537e-07
1.32934e-07
1.37093e-07
1.41005e-07
1.44662e-07
1.48058e-07
1.51184e-07
1.54034e-07
1.56603e-07
1.58883e-07
1.61071e-07
1.64107e-07
1.6685e-07
1.69293e-07
1.71433e-07
1.73265e-07
1.74785e-07
1.75988e-07
1.76873e-07
1.77437e-07
1.77678e-07
1.77595e-07
1.77188e-07
1.76457e-07
1.75542e-07
1.74578e-07
1.73303e-07
1.71714e-07
1.69812e-07
1.67602e-07
1.65085e-07
1.62267e-07
1.59152e-07
1.55746e-07
1.52055e-07
1.48123e-07
1.44606e-07
1.40831e-07
1.36805e-07
1.32534e-07
1.28026e-07
1.23289e-07
1.18615e-07
1.13824e-07
1.08833e-07
1.03651e-07
