0.99901 0.593177 0.0172221 2.67279 
0.979584 0.625074 -0.0150889 2.62841 
1.0213 0.545771 -0.084437 2.72544 
0.987041 0.613686 3.5854e-05 2.64554 
1 0.591295 -0.000270908 2.67485 
1.00024 0.591226 0.000498048 2.67557 
1.00051 0.590817 -0.00497137 2.67629 
1.00093 0.59002 0.0152138 2.67728 
0.982677 0.621132 -0.0227705 2.63618 
0.987192 0.613377 -0.000539911 2.64584 
0.987546 0.612891 0.000648602 2.64671 
0.9985 0.593704 -0.018451 2.67149 
0.989963 0.60865 0.0142013 2.65215 
0.998958 0.590592 -0.0484986 2.67228 
0.987665 0.612281 0.0178341 2.6469 
1.01737 0.548109 -0.0876435 2.71365 
0.999963 0.591406 -1.73645e-05 2.67476 
0.999723 0.592249 7.60924e-05 2.67446 
1.00352 0.585114 0.000515961 2.6829 
1.00669 0.577201 -0.00223592 2.69026 
0.888427 0.715081 -0.107278 2.41394 
0.962958 0.646923 0.022464 2.58892 
0.870871 0.732765 0.0933065 2.3738 
1.00082 0.587973 -0.000266005 2.67669 
1.00076 0.590302 0.000127856 2.67675 
0.959472 0.632038 0.161991 2.58129 
0.994032 0.601537 -0.00112423 2.66115 
0.992352 0.603107 0.0446792 2.65755 
0.999371 0.592726 -0.000231185 2.67357 
0.999178 0.592964 -0.000222811 2.67307 
0.980247 0.624581 -0.0186046 2.63031 
0.996225 0.598507 0.000834602 2.66658 
0.965042 0.642882 -0.0447158 2.59372 
0.999525 0.592421 -0.0127697 2.67402 
0.998645 0.593955 0.00379408 2.6719 
1.00047 0.590688 0.00522915 2.67604 
1.02172 0.551014 0.0232443 2.72521 
1.01917 0.549744 0.0985218 2.72057 
0.978929 0.60439 -0.152327 2.62642 
0.967918 0.641677 0.0227145 2.60142 
1.0061 0.579039 0.0371504 2.68869 
0.88485 0.725748 -0.0949043 2.41024 
0.940664 0.67861 -0.0172872 2.53994 
1.00407 0.584135 0.00649752 2.68419 
1.00357 0.583217 -0.0417418 2.68302 
1.018 0.556086 -0.0164068 2.71678 
1.00232 0.585077 -0.000443691 2.68024 
1.00737 0.575625 -0.00320226 2.69146 
0.998602 0.594238 -0.00408175 2.67194 
1.00152 0.588848 0.000185942 2.67843 
0.959593 0.651571 0.0195721 2.58117 
0.985165 0.615636 -0.0198642 2.64082 
1.00042 0.590898 0.00432423 2.67599 
0.887254 0.724639 0.0986746 2.41646 
1.00924 0.574719 0.00233139 2.69605 
0.848755 0.752169 -0.0107952 2.32161 
1.00036 0.591037 -0.003587 2.67593 
1.00066 0.590455 0.00146549 2.67651 
0.98534 0.607051 0.0970923 2.64063 
1.00099 0.587792 -0.000311453 2.67702 
1.00079 0.590193 0.00123756 2.67681 
0.999999 0.591327 -0.00026119 2.67485 
1.00002 0.591577 5.56053e-06 2.67505 
1.00315 0.58582 0.000744443 2.68208 
1.00297 0.586406 -0.00557935 2.68202 
1.0004 0.590716 -0.00127995 2.6759 
1.00025 0.59123 0.000706224 2.67561 
1.00019 0.589104 -8.66948e-05 2.6753 
1.00043 0.590902 2.76243e-05 2.67602 
1.0005 0.590691 -0.000973648 2.67631 
1.00068 0.590448 0.000137904 2.67657 
0.951197 0.657491 -0.0986905 2.56327 
1.00005 0.591289 -0.000560789 2.67502 
1.00016 0.591342 7.3744e-05 2.67537 
0.916281 0.704342 0.0306853 2.4832 
1.00786 0.575318 0.0496146 2.69295 
1.00131 0.58932 0.0166845 2.67816 
1.01875 0.554732 0.0211023 2.71716 
0.970626 0.637069 -0.0536854 2.60849 
1.00005 0.591606 0.000412978 2.67515 
1.00006 0.591294 -0.000684622 2.67503 
1.00298 0.58599 -0.00806971 2.68184 
0.965164 0.639492 0.0721514 2.59351 
1.00069 0.590479 -0.00443404 2.6767 
1.00024 0.591461 -0.0170644 2.67592 
1.0029 0.586288 0.0056144 2.68155 
0.998491 0.593831 -0.0139524 2.67144 
0.927605 0.693018 0.0475895 2.51046 
1.00056 0.590206 -0.00143771 2.67619 
1.00084 0.590279 0.00401803 2.67703 
0.999615 0.592388 0.000180928 2.67418 
0.999883 0.592051 -0.000453621 2.67488 
1.00013 0.59126 -0.000659956 2.67526 
1.0006 0.590543 0.00105367 2.67637 
0.96936 0.635329 0.0699308 2.60416 
0.967365 0.641629 -0.0484568 2.60063 
0.940814 0.671651 -0.0840208 2.53878 
0.997763 0.595559 -0.00454361 2.66994 
0.989722 0.606086 0.0486986 2.6509 
0.93282 0.682867 -0.0260586 2.51853 
1.00031 0.591062 1.26713e-05 2.67572 
1.00019 0.591274 4.05502e-05 2.67543 
0.999861 0.589572 -2.93487e-05 2.67448 
0.999862 0.590164 -0.000118448 2.67436 
0.992834 0.604147 0.0193415 2.65897 
0.995255 0.600086 0.0177501 2.66449 
0.9983 0.594824 0.00900886 2.6713 
0.979889 0.624723 0.00889983 2.62911 
0.977882 0.629182 0.00395645 2.62536 
0.970758 0.638621 -0.00332064 2.60839 
1.02317 0.545405 -0.042417 2.72916 
1.01942 0.547129 -0.0498011 2.71747 
1.00719 0.574205 -0.0550882 2.69048 
0.985797 0.615899 0.00510857 2.64285 
0.985368 0.616108 0.00290896 2.64156 
0.984365 0.618228 -0.00397539 2.6396 
1.00006 0.591305 -0.000409817 2.67506 
1.00006 0.591323 -0.000364872 2.67506 
1.00008 0.591401 -0.000325064 2.67524 
1.00019 0.591282 0.000182 2.67545 
1.00022 0.591245 0.00026613 2.67552 
1.00033 0.591067 0.000356484 2.67577 
1.00041 0.590805 -0.00981879 2.67599 
1.00083 0.590201 -0.00828934 2.67705 
1.00161 0.588264 -0.0063955 2.67856 
1.00106 0.589916 0.0073875 2.67754 
1.0012 0.589277 0.00863172 2.67764 
1.00273 0.586523 0.00989336 2.68116 
0.977833 0.626596 -0.036495 2.62433 
0.980943 0.623108 -0.0357521 2.63221 
0.989796 0.607473 -0.0423805 2.65179 
0.985516 0.616277 -0.00643837 2.64217 
0.986588 0.614872 -0.00521195 2.6448 
0.98925 0.610731 -0.0062052 2.65099 
0.99163 0.606269 0.00160639 2.65609 
0.990103 0.608583 0.001889 2.65247 
0.987496 0.612819 0.00596127 2.64652 
0.990677 0.607896 -0.0257448 2.6543 
0.993312 0.6025 -0.0262102 2.65974 
0.998887 0.591991 -0.0302681 2.67213 
0.993979 0.602177 0.00492025 2.66137 
0.99377 0.602365 0.00680817 2.6608 
0.996125 0.598235 0.00871566 2.66613 
0.983595 0.616194 -0.0591169 2.63769 
0.988212 0.607966 -0.0600569 2.64784 
0.993887 0.597221 -0.0686362 2.66062 
0.995478 0.598782 0.0222134 2.66453 
0.993525 0.602606 0.0239493 2.66041 
0.988513 0.610059 0.0306015 2.64862 
1.00511 0.578893 -0.0595112 2.6865 
1.00608 0.575142 -0.0672364 2.68802 
1.00148 0.580823 -0.0899376 2.67779 
0.999784 0.591853 -8.25521e-05 2.67443 
0.999864 0.591729 -6.59447e-05 2.67462 
0.999921 0.592025 -0.000201502 2.67498 
0.999988 0.591669 1.94744e-05 2.67499 
0.999956 0.591738 5.82146e-05 2.67493 
0.999938 0.59182 0.00027764 2.67492 
1.00559 0.581316 0.00100727 2.6876 
1.00492 0.582562 0.00141307 2.68609 
1.00391 0.584344 0.00354192 2.68377 
1.00392 0.582211 -0.00095898 2.68386 
1.00437 0.581352 -0.00148639 2.68469 
1.00455 0.582453 -0.00531028 2.6849 
0.936776 0.660564 -0.150676 2.52806 
0.928742 0.675139 -0.141257 2.5116 
0.930035 0.681249 -0.105405 2.51426 
0.977517 0.625565 0.0457726 2.62293 
0.97306 0.633226 0.0439315 2.61323 
0.96393 0.646728 0.0468247 2.59282 
0.855363 0.747178 0.0478006 2.33723 
0.869864 0.74272 0.0533327 2.37616 
0.903469 0.713859 0.0513594 2.45238 
1.00046 0.588674 -0.000151938 2.67588 
1.00057 0.588644 -0.000236124 2.67605 
1.00076 0.590037 -0.000902582 2.67671 
1.00105 0.589739 0.000171191 2.6774 
1.00096 0.589925 0.000250143 2.67721 
1.0008 0.590223 0.000693115 2.67686 
0.914225 0.688104 0.144094 2.47552 
0.929213 0.675518 0.145893 2.51321 
0.948923 0.656347 0.12868 2.55888 
0.989057 0.610015 -0.00106358 2.6499 
0.990559 0.607906 -0.00144877 2.65356 
0.992958 0.604159 -0.00542879 2.65919 
0.999128 0.592561 0.0268199 2.67303 
0.99856 0.592512 0.0318862 2.67126 
1.00066 0.588583 0.0455467 2.67647 
0.998892 0.594127 -0.00179992 2.67281 
0.999065 0.593845 -0.00139474 2.67321 
0.999482 0.592914 -0.00112401 2.67405 
0.997546 0.595869 -0.000588703 2.66938 
0.998108 0.594916 -0.00059456 2.67068 
0.998515 0.594773 -0.00186034 2.67194 
0.967748 0.642463 -0.0105632 2.60126 
0.970947 0.637653 -0.0162313 2.6085 
0.974217 0.633663 -0.0299394 2.61685 
0.998746 0.594043 0.000389378 2.67228 
0.998221 0.594825 0.000715921 2.671 
0.997521 0.59613 0.00316287 2.66946 
0.957674 0.655452 -0.0100205 2.57752 
0.956886 0.657022 -0.0204653 2.57622 
0.951899 0.662928 -0.0373449 2.56506 
1.00028 0.591118 -0.00683604 2.67569 
0.999822 0.591562 -0.0077176 2.67445 
0.998598 0.593514 -0.00679765 2.67152 
0.999251 0.593037 0.000972049 2.67336 
0.999201 0.593131 0.00149693 2.67325 
0.999619 0.592384 0.00223174 2.6742 
1.00037 0.59067 0.0101285 2.67573 
1.00026 0.591133 0.00832403 2.67563 
0.999233 0.592903 0.00579638 2.67324 
1.02498 0.543108 0.0529436 2.73318 
1.022 0.545535 0.046632 2.72408 
1.01377 0.563795 0.0413325 2.70596 
0.998074 0.581468 0.137664 2.67231 
1.00151 0.573273 0.126408 2.67748 
0.999697 0.583419 0.102116 2.67444 
1.00977 0.55876 -0.121796 2.69785 
1.00175 0.56995 -0.12663 2.67777 
0.98829 0.599725 -0.111188 2.64745 
0.981947 0.621263 0.0212756 2.63381 
0.979385 0.624234 0.0247577 2.6274 
0.978881 0.625417 0.0411373 2.62707 
1.00219 0.587049 0.0228787 2.67987 
1.00378 0.584354 0.025014 2.68365 
1.00757 0.577065 0.0234211 2.69207 
0.925468 0.688491 -0.0931189 2.50392 
0.915665 0.698844 -0.091009 2.48127 
0.899497 0.717552 -0.060913 2.44382 
0.952446 0.662101 0.00862126 2.56537 
0.947347 0.668306 0.00458049 2.55347 
0.929305 0.690731 0.0104638 2.51304 
1.00652 0.579583 0.00492511 2.68973 
1.00601 0.580399 0.00616499 2.6885 
1.00614 0.580312 0.0102041 2.68893 
1.01351 0.563268 -0.0323486 2.70447 
1.01119 0.568827 -0.0331693 2.69986 
1.00706 0.577974 -0.0257132 2.69108 
1.01123 0.568788 -0.00556652 2.70089 
1.01175 0.566703 -0.00807905 2.70129 
1.01069 0.570417 -0.0164167 2.6987 
1.00133 0.586884 -0.000284567 2.678 
1.00155 0.586553 -0.000424526 2.67836 
1.00198 0.586939 -0.00164492 2.67894 
1.00479 0.582156 -0.00663529 2.68554 
1.00572 0.580145 -0.00682829 2.68746 
1.00741 0.576683 -0.0107281 2.69117 
0.999648 0.591621 -0.00429546 2.67387 
0.999472 0.591942 -0.00386965 2.67348 
0.999478 0.592606 -0.00240507 2.67388 
1.00227 0.587431 0.000290886 2.68009 
1.00205 0.587866 0.000427332 2.67961 
1.00176 0.588365 0.00126419 2.67896 
0.956751 0.654758 0.0453951 2.57515 
0.955284 0.657338 0.0386789 2.57192 
0.943823 0.672849 0.028894 2.54599 
0.994664 0.600164 -0.0205505 2.66265 
0.992899 0.603616 -0.0202987 2.6589 
0.990986 0.606242 -0.0141675 2.65407 
0.999406 0.592785 0.00476497 2.67373 
0.999701 0.592195 0.0043208 2.67436 
1.00004 0.591635 0.00251407 2.67516 
0.91062 0.70648 0.0589534 2.46891 
0.908798 0.706777 0.0726339 2.46458 
0.926767 0.68453 0.105427 2.50644 
1.01491 0.564247 0.00782482 2.7092 
1.01275 0.567546 0.00757375 2.70382 
1.00934 0.573892 0.0107179 2.69596 
0.860346 0.742201 -0.0596101 2.34865 
0.865812 0.744195 -0.0497887 2.36571 
0.885656 0.730548 -0.033875 2.41129 
1.0005 0.590643 -0.00206505 2.6762 
1.00039 0.591016 -0.00231839 2.67599 
0.999948 0.591208 -0.00213072 2.67462 
1.00067 0.590402 0.00279432 2.67653 
1.00061 0.590555 0.00233503 2.6764 
1.00028 0.591199 0.00176031 2.67568 
0.976033 0.615168 0.130617 2.61922 
0.977253 0.617005 0.120655 2.62304 
0.966817 0.633076 0.109028 2.59805 
1.00082 0.590092 -0.00109665 2.67696 
1.00098 0.589476 -0.00102686 2.6771 
1.00137 0.588523 -0.00139292 2.67782 
1.00119 0.589476 0.000788149 2.67771 
1.00114 0.589583 0.00102923 2.6776 
1.00124 0.589406 0.00164224 2.67783 
0.999972 0.591757 -0.000141586 2.67499 
0.999994 0.591801 -0.000215488 2.6751 
0.999976 0.591658 -0.000305282 2.67496 
1.00008 0.59147 3.89617e-05 2.67519 
1.00006 0.591511 4.41927e-05 2.67513 
1.00003 0.591578 0.000109991 2.67509 
1.00346 0.585268 0.00349433 2.68279 
1.00319 0.585705 0.0026987 2.68214 
1.00233 0.587355 0.00205051 2.68024 
1.00312 0.584456 -0.0021681 2.68131 
1.003 0.585233 -0.00295224 2.68133 
1.00203 0.588041 -0.00319148 2.67982 
1.00017 0.591182 -0.000898663 2.67536 
1.00018 0.591166 -0.00102776 2.67537 
1.00004 0.591124 -0.00143722 2.67488 
1.00044 0.590892 0.00105645 2.67605 
1.00036 0.591037 0.00103635 2.67584 
1.00017 0.591403 0.00114815 2.67545 
1.00001 0.589379 -4.56462e-05 2.67485 
1.00007 0.589393 -6.127e-05 2.67493 
1.00031 0.590422 -0.000209406 2.67544 
1.00055 0.590694 3.32269e-05 2.6763 
1.0005 0.590764 6.62013e-05 2.67618 
1.00042 0.59089 0.000159218 2.67599 
1.00056 0.589685 -0.000357464 2.6758 
1.00052 0.590375 -0.000507371 2.67608 
1.00031 0.591086 -0.000462131 2.67586 
1.00071 0.590392 0.000678554 2.67663 
1.00066 0.590474 0.000496974 2.67652 
1.0005 0.590772 0.000287753 2.67617 
0.960654 0.638658 -0.133997 2.5854 
0.961407 0.638996 -0.12219 2.58625 
0.976657 0.621258 -0.100946 2.62157 
1.00001 0.591301 -0.000319655 2.67489 
1.00002 0.591309 -0.00037307 2.67492 
0.999971 0.591521 -0.000481118 2.67487 
1.00019 0.591318 0.000328763 2.67546 
1.00017 0.591352 0.000270703 2.67541 
1.00011 0.591454 0.000251363 2.67527 
0.884326 0.7327 0.01499 2.4085 
0.89345 0.725028 0.0139248 2.42956 
0.905487 0.714704 -0.00549812 2.45767 
1.01379 0.560923 0.0715374 2.70609 
1.01064 0.567256 0.068524 2.69885 
1.00123 0.58455 0.0744056 2.67768 
1.00348 0.585226 0.0106945 2.68291 
1.0034 0.585411 0.0126546 2.68277 
1.00473 0.583111 0.0166791 2.68591 
1.01287 0.566461 0.0354712 2.70417 
1.01361 0.564897 0.0306568 2.70564 
1.01135 0.570237 0.0191787 2.70076 
0.959991 0.648806 -0.0742905 2.58338 
0.965191 0.643232 -0.0724105 2.59624 
0.977853 0.623461 -0.079974 2.625 
1.00014 0.591442 0.000571982 2.67536 
1.0001 0.591497 0.000588906 2.67528 
1.00004 0.59165 0.000916714 2.67515 
0.999954 0.591594 -0.000560743 2.67486 
0.999966 0.591482 -0.000652282 2.67483 
0.999927 0.591487 -0.00103026 2.67471 
1.00166 0.588073 -0.0134691 2.67863 
1.00241 0.586847 -0.0124501 2.68044 
1.00466 0.582967 -0.0124713 2.68573 
0.978001 0.622037 0.087749 2.62511 
0.972646 0.630026 0.0864622 2.61269 
0.958536 0.649122 0.0905372 2.58015 
1.00171 0.588182 -0.00553829 2.67883 
1.00141 0.588632 -0.0049386 2.67809 
1.00128 0.589047 -0.00348935 2.67792 
1.00185 0.588125 -0.027938 2.67965 
1.00157 0.588289 -0.0246372 2.67873 
1.00351 0.584892 -0.0190943 2.68308 
1.0014 0.58903 0.00499558 2.67814 
1.00181 0.588413 0.00493365 2.67914 
1.0021 0.587724 0.00341605 2.67971 
0.998012 0.594596 -0.00738815 2.67022 
0.997703 0.595023 -0.00893788 2.66946 
0.995376 0.599239 -0.0119766 2.66431 
0.951185 0.661268 0.0668911 2.56306 
0.945114 0.668968 0.067681 2.54921 
0.938463 0.676511 0.08327 2.53486 
1.00062 0.59025 -0.00279356 2.67636 
1.00071 0.589948 -0.00241526 2.67651 
1.00097 0.589804 -0.00203571 2.67735 
1.00084 0.590172 0.002093 2.67695 
1.00091 0.590006 0.00246825 2.67707 
1.00137 0.589182 0.00307075 2.67813 
0.999902 0.591852 0.000385269 2.67482 
0.99986 0.591975 0.00046841 2.67475 
0.999772 0.592127 0.000931833 2.67455 
0.999651 0.592378 -0.000389328 2.6743 
0.999696 0.592495 -0.000472445 2.67451 
0.999799 0.59203 -0.000901677 2.67459 
1.00031 0.59108 -0.000926823 2.67583 
1.00024 0.591198 -0.000782791 2.67564 
1.00019 0.591256 -0.000466826 2.67554 
1.00035 0.591032 0.000775026 2.67583 
1.00041 0.590934 0.000769618 2.67597 
1.00045 0.590832 0.000494168 2.67603 
0.982902 0.616645 0.0571822 2.63548 
0.980614 0.619369 0.0626162 2.63004 
0.980244 0.618823 0.0816569 2.62989 
0.950511 0.665168 -0.0449668 2.56253 
0.954016 0.65999 -0.0502996 2.57038 
0.955571 0.656488 -0.0674993 2.57393 
0.935516 0.680711 -0.0499416 2.52632 
0.934057 0.682778 -0.0571027 2.52361 
0.92192 0.695796 -0.061268 2.49567 
0.996013 0.598809 -0.00283969 2.66606 
0.996234 0.598841 -0.00385548 2.66681 
0.995475 0.59935 -0.00709879 2.66464 
1.00048 0.588184 0.051546 2.67594 
0.997516 0.593494 0.054417 2.66937 
0.990822 0.603439 0.0677019 2.65403 
0.922271 0.695994 0.00415802 2.49494 
0.923831 0.694758 -0.00634342 2.49889 
0.919779 0.699352 -0.0274495 2.49009 
1.00036 0.591009 2.50986e-05 2.67585 
1.00035 0.591021 2.08685e-05 2.67583 
1.00036 0.590998 9.07778e-05 2.67584 
1.00028 0.591101 2.26319e-05 2.67564 
1.00028 0.591128 4.38596e-05 2.67564 
1.00029 0.591125 0.000170194 2.67567 
0.999741 0.58973 -2.67326e-05 2.67416 
0.999844 0.589721 -3.51467e-05 2.67435 
1.00016 0.590557 -0.000152839 2.67504 
0.99999 0.591534 -0.000192171 2.67502 
1.00001 0.591495 -0.000177651 2.67507 
1.00009 0.591037 -0.000196034 2.67509 
0.996104 0.598519 0.0192734 2.66639 
0.997968 0.595384 0.0163548 2.67064 
0.998719 0.593958 0.0119287 2.6722 
0.977729 0.62894 -0.00262563 2.6247 
0.977242 0.629046 -0.0104175 2.62325 
0.97554 0.631239 -0.0112455 2.61915 
1.02435 0.542646 -0.0606555 2.73258 
1.0176 0.547353 -0.0695429 2.71256 
1.01183 0.562251 -0.0655057 2.70007 
0.986479 0.614631 0.00148648 2.64428 
0.986472 0.614443 0.00046679 2.64414 
0.986162 0.615155 -0.00106054 2.64357 
1.00003 0.591317 -0.000318819 2.67496 
1.00003 0.591329 -0.000297988 2.67496 
1.00003 0.591364 -0.000302581 2.67502 
1.00021 0.591262 0.000322178 2.67551 
1.00025 0.59121 0.000421752 2.67558 
1.00029 0.591138 0.000435971 2.67569 
1.00054 0.590631 -0.0070252 2.67632 
1.00077 0.590378 -0.0058152 2.67693 
1.00099 0.58936 -0.00566216 2.67707 
1.00112 0.589706 0.0103904 2.67765 
1.00124 0.589212 0.0125579 2.67779 
1.00198 0.587884 0.0125163 2.67947 
0.980364 0.623071 -0.0284695 2.63003 
0.982675 0.620162 -0.0281082 2.63572 
0.984569 0.616181 -0.0328993 2.63959 
0.986632 0.614247 -0.00249665 2.64455 
0.987293 0.613439 -0.00197429 2.64622 
0.987723 0.612607 -0.00280777 2.64712 
0.989171 0.61041 0.00144106 2.65052 
0.987918 0.612202 0.000996614 2.6475 
0.987502 0.612918 0.00234919 2.64658 
0.995466 0.599385 -0.0233874 2.66492 
0.997689 0.595349 -0.0216411 2.66985 
0.998668 0.59232 -0.0233512 2.67137 
0.992432 0.604874 0.0090299 2.65792 
0.991969 0.605024 0.0116085 2.65651 
0.993604 0.602359 0.0119394 2.6603 
0.992594 0.601622 -0.0555966 2.65816 
0.996327 0.595065 -0.0541165 2.66649 
0.996788 0.593571 -0.0579387 2.6674 
0.991406 0.605744 0.0219715 2.65529 
0.989168 0.609829 0.0211828 2.65039 
0.988 0.611707 0.0238083 2.64777 
1.00946 0.569302 -0.0705164 2.6962 
1.01264 0.56189 -0.0820974 2.70389 
1.00964 0.566081 -0.0911484 2.69695 
0.999902 0.591614 -3.57775e-05 2.67468 
0.99994 0.591542 -5.74691e-05 2.67476 
0.999935 0.59162 -0.000100334 2.67479 
0.9999 0.591846 3.65277e-05 2.67481 
0.999827 0.592 0.000131341 2.67466 
0.999847 0.591997 0.000223182 2.67472 
1.0044 0.583483 0.000704191 2.68489 
1.00391 0.584412 0.00101617 2.6838 
1.00378 0.584593 0.00185728 2.68346 
1.00511 0.580065 -0.00140249 2.68662 
1.00563 0.578945 -0.00221086 2.68752 
1.00568 0.579588 -0.00398452 2.68722 
0.91272 0.689266 -0.135516 2.47167 
0.90796 0.701536 -0.121036 2.46419 
0.9139 0.697503 -0.110886 2.47738 
0.969331 0.638402 0.0367428 2.60429 
0.965087 0.645274 0.0312325 2.5949 
0.963135 0.648617 0.0339995 2.59099 
0.862982 0.740857 0.0711526 2.35546 
0.87711 0.735425 0.0752037 2.39291 
0.890518 0.724791 0.0670911 2.42317 
1.00063 0.588361 -0.000203393 2.67627 
1.00075 0.588294 -0.000309206 2.67646 
1.0009 0.588765 -0.000622272 2.67656 
1.00088 0.590059 0.000134959 2.67703 
1.00082 0.590199 0.000207894 2.6769 
1.0008 0.590235 0.000374249 2.67685 
0.938236 0.660396 0.156922 2.53223 
0.951405 0.646653 0.154706 2.56424 
0.954439 0.645763 0.144975 2.57162 
0.991521 0.605888 -0.00126446 2.65549 
0.993179 0.603493 -0.00146085 2.65951 
0.993535 0.602598 -0.00290095 2.66015 
0.996774 0.595542 0.0354897 2.66724 
0.995482 0.597647 0.0426784 2.66453 
0.996325 0.596385 0.0460261 2.66672 
0.999121 0.593413 -0.00081824 2.67315 
0.999287 0.593014 -0.00059719 2.67346 
0.999356 0.592958 -0.000683937 2.67366 
0.998552 0.59415 -0.000318591 2.6717 
0.99888 0.593543 -0.000388652 2.67243 
0.998835 0.593648 -0.00082922 2.67234 
0.974662 0.632117 -0.0168914 2.61695 
0.977504 0.627789 -0.0196873 2.62346 
0.977409 0.627715 -0.0235977 2.62319 
0.997749 0.595827 0.000613865 2.67003 
0.996925 0.597051 0.00102221 2.66803 
0.996826 0.597352 0.00201385 2.66788 
0.95968 0.653237 -0.0299166 2.58281 
0.960655 0.650111 -0.0402207 2.58427 
0.959131 0.651491 -0.0424904 2.58049 
1.00006 0.591495 -0.00939699 2.6752 
0.99937 0.592277 -0.010483 2.67339 
0.998856 0.593079 -0.0092856 2.67214 
0.998973 0.593507 0.0020622 2.67271 
0.998975 0.593589 0.00287048 2.67277 
0.999245 0.593034 0.00297645 2.67334 
1.00048 0.590652 0.00724562 2.67607 
1.00033 0.591033 0.00598389 2.67578 
0.999886 0.591773 0.00565303 2.67473 
1.0241 0.545872 0.0360243 2.73089 
1.02086 0.549373 0.0320182 2.72169 
1.01763 0.556078 0.0343626 2.71446 
1.01074 0.562848 0.118146 2.7015 
1.01221 0.557122 0.107979 2.70203 
1.00915 0.565265 0.103559 2.6958 
0.997136 0.577848 -0.139556 2.66874 
0.987245 0.592613 -0.141416 2.6449 
0.983915 0.602817 -0.130529 2.63769 
0.976308 0.629904 0.0245078 2.62097 
0.972231 0.636354 0.0280042 2.61207 
0.97214 0.635889 0.0335033 2.61164 
1.00408 0.583278 0.0281206 2.68412 
1.00587 0.580361 0.031399 2.68849 
1.00731 0.577078 0.0303801 2.69139 
0.908842 0.705421 -0.0962571 2.46595 
0.894624 0.717894 -0.0909787 2.43233 
0.891703 0.722495 -0.0771683 2.42572 
0.946165 0.670142 -0.000643594 2.55101 
0.940763 0.678211 -0.00775532 2.5398 
0.933892 0.686883 -0.00618901 2.52452 
1.00525 0.581967 0.0060368 2.68686 
1.00476 0.582923 0.00686545 2.6858 
1.00501 0.582389 0.00808341 2.68633 
1.00893 0.572675 -0.0384734 2.69472 
1.00645 0.578914 -0.0378111 2.68999 
1.00588 0.579723 -0.0333762 2.68841 
1.01426 0.563073 -0.0098042 2.70793 
1.01467 0.560708 -0.0133212 2.70782 
1.01396 0.563882 -0.0163902 2.70639 
1.00175 0.5861 -0.000348651 2.67893 
1.00203 0.585671 -0.000526558 2.67943 
1.00223 0.585817 -0.0010802 2.67946 
1.00618 0.578742 -0.0053982 2.68822 
1.00727 0.576548 -0.00526853 2.69084 
1.0078 0.575514 -0.00686058 2.69193 
0.999152 0.592602 -0.00425929 2.6728 
0.998998 0.593492 -0.00378478 2.67281 
0.999139 0.593286 -0.00312688 2.67315 
1.00185 0.58822 0.000234862 2.67916 
1.00168 0.588566 0.000336818 2.67879 
1.00165 0.588611 0.000645298 2.67871 
0.957537 0.655037 0.0316468 2.57728 
0.956705 0.656312 0.024494 2.57528 
0.952916 0.661705 0.0232989 2.56686 
0.99017 0.60751 -0.0219504 2.6523 
0.988324 0.611167 -0.0199528 2.64843 
0.988501 0.610086 -0.0172336 2.64829 
0.999942 0.591863 0.00465828 2.67497 
1.00016 0.591381 0.00410944 2.67539 
1.00018 0.59139 0.00329235 2.67549 
0.899927 0.715176 0.0754363 2.44439 
0.89876 0.714704 0.0919606 2.44216 
0.909059 0.703218 0.105793 2.46598 
1.01179 0.570008 0.00426984 2.70193 
1.01013 0.572702 0.0044733 2.6979 
1.00942 0.57384 0.00640841 2.69615 
0.854052 0.748013 -0.0340396 2.33388 
0.85858 0.749655 -0.0266167 2.34824 
0.868804 0.74295 -0.0259159 2.37182 
1.00046 0.590836 -0.00275235 2.67614 
1.00031 0.591151 -0.00305475 2.67581 
1.0001 0.591238 -0.00277461 2.67514 
1.00069 0.590402 0.00203871 2.67657 
1.00061 0.590554 0.00170767 2.67641 
1.00047 0.590825 0.00168114 2.67611 
0.981673 0.610753 0.112207 2.63255 
0.982101 0.611556 0.104537 2.63357 
0.977417 0.618772 0.10421 2.62275 
1.00106 0.588791 -0.000806434 2.67693 
1.00113 0.588091 -0.000670215 2.67697 
1.0013 0.587959 -0.000809496 2.6774 
1.001 0.589852 0.00109052 2.67728 
1.00093 0.589985 0.0012573 2.67715 
1.00099 0.589842 0.00144114 2.67726 
0.999991 0.59164 -0.000252821 2.675 
0.999991 0.59145 -0.000257968 2.67489 
0.999998 0.591458 -0.00027615 2.67492 
1.00004 0.591543 2.29256e-05 2.6751 
1.00003 0.591565 2.12641e-05 2.67506 
1.00003 0.591573 4.10193e-05 2.67507 
1.00335 0.585439 0.00203094 2.68253 
1.00305 0.585964 0.00137779 2.68182 
1.00273 0.586598 0.00150056 2.68113 
1.00316 0.585207 -0.00378974 2.68184 
1.0029 0.586471 -0.00457158 2.68181 
1.00244 0.587329 -0.00424405 2.68077 
1.00027 0.591132 -0.00111199 2.67568 
1.0003 0.591058 -0.00129408 2.67574 
1.00023 0.591262 -0.00142539 2.67561 
1.00033 0.59109 0.000871136 2.67579 
1.00027 0.591201 0.00083949 2.67564 
1.00023 0.591289 0.000910434 2.67556 
1.00009 0.58926 -6.16901e-05 2.67505 
1.00015 0.589261 -8.69092e-05 2.67511 
1.00029 0.589544 -0.000153315 2.6752 
1.00048 0.590818 2.41544e-05 2.67614 
1.00045 0.590863 5.41427e-05 2.67606 
1.00043 0.590894 8.96833e-05 2.67601 
1.00056 0.590585 -0.000652813 2.67636 
1.00048 0.590773 -0.000760069 2.67628 
1.00038 0.59094 -0.000670907 2.67606 
1.00071 0.590394 0.000390784 2.67663 
1.00065 0.590507 0.000242055 2.6765 
1.00058 0.590635 0.000240029 2.67636 
0.954893 0.649989 -0.116139 2.57195 
0.956507 0.648907 -0.106026 2.57516 
0.964746 0.6387 -0.102632 2.59443 
1.00004 0.591295 -0.000413248 2.67496 
1.00004 0.591307 -0.000496452 2.67497 
1.00001 0.591346 -0.000530382 2.67491 
1.00017 0.591331 0.000185923 2.67542 
1.00016 0.59136 0.000139347 2.67537 
1.00014 0.591396 0.000159848 2.67533 
0.90124 0.717568 0.0239777 2.44737 
0.908857 0.710765 0.0223461 2.46516 
0.909684 0.710724 0.0140812 2.46747 
1.01056 0.568885 0.0594042 2.69891 
1.00791 0.574189 0.0569757 2.6929 
1.00542 0.578734 0.0613221 2.68741 
1.00258 0.586815 0.0137441 2.68087 
1.00224 0.587436 0.0158633 2.68011 
1.0029 0.586409 0.0169999 2.68174 
1.01614 0.56053 0.0294233 2.71169 
1.0162 0.559763 0.0238063 2.71134 
1.01468 0.563806 0.0201956 2.70838 
0.96534 0.643038 -0.0635595 2.59601 
0.969484 0.637351 -0.0619445 2.60552 
0.973069 0.631889 -0.0672894 2.61394 
1.00008 0.591535 0.00049493 2.67523 
1.00005 0.591586 0.000497332 2.67515 
1.00004 0.591631 0.000613176 2.67516 
1 0.591378 -0.000634271 2.67489 
1.00002 0.591326 -0.000724113 2.67493 
1.00001 0.591348 -0.000837715 2.67491 
1.00256 0.586691 -0.0109817 2.68083 
1.00312 0.585816 -0.00962927 2.6822 
1.00378 0.584497 -0.00985456 2.68363 
0.971236 0.633377 0.0809988 2.60985 
0.96589 0.640926 0.0776722 2.59726 
0.961908 0.646524 0.0806192 2.58839 
1.00113 0.589097 -0.00493212 2.67741 
1.00089 0.589542 -0.00445006 2.67687 
1.00102 0.589356 -0.00399504 2.67717 
1.00085 0.589439 -0.021633 2.67691 
1.00072 0.589418 -0.0191259 2.67638 
1.00155 0.588077 -0.0182634 2.67837 
1.00208 0.587772 0.00530529 2.67967 
1.00253 0.587035 0.00511188 2.68074 
1.00249 0.586965 0.00447469 2.68058 
0.998104 0.594254 -0.0101776 2.67035 
0.997835 0.594847 -0.0123247 2.66984 
0.996869 0.596491 -0.013346 2.66763 
0.939385 0.676845 0.0605051 2.53626 
0.932696 0.685406 0.0595428 2.52134 
0.931537 0.686655 0.0667558 2.51921 
1.00061 0.590053 -0.00202302 2.67624 
1.00066 0.590088 -0.00169772 2.67646 
1.00074 0.590092 -0.00173185 2.67672 
1.00088 0.590084 0.00289825 2.67702 
1.00093 0.589947 0.00353635 2.67712 
1.00112 0.589611 0.00361823 2.67757 
0.999775 0.592083 0.000353412 2.67453 
0.99971 0.592257 0.000374776 2.67442 
0.999672 0.592301 0.000576488 2.67432 
0.999786 0.59239 -0.000442336 2.67475 
0.999817 0.592165 -0.000523441 2.67472 
0.999844 0.59205 -0.00063854 2.67475 
1.0002 0.591201 -0.000773571 2.67548 
1.00016 0.59124 -0.000672022 2.67537 
1.00016 0.591276 -0.000569347 2.67543 
1.00046 0.590832 0.000923996 2.67607 
1.00053 0.59069 0.000890292 2.67623 
1.00051 0.590714 0.000715314 2.67618 
0.977219 0.624479 0.0640101 2.62226 
0.974023 0.629366 0.0704576 2.61548 
0.974259 0.628706 0.0761395 2.61626 
0.959339 0.652764 -0.0484796 2.58234 
0.962415 0.647474 -0.0523149 2.58885 
0.961512 0.648797 -0.0580315 2.58717 
0.937138 0.677817 -0.06719 2.53035 
0.936563 0.677104 -0.07509 2.52857 
0.931775 0.683101 -0.0740926 2.51787 
0.996916 0.597691 -0.00392421 2.66838 
0.997161 0.596585 -0.00477993 2.66855 
0.996837 0.597043 -0.00567047 2.66776 
0.995048 0.598049 0.0515647 2.66378 
0.991709 0.603684 0.0526186 2.65619 
0.990267 0.605908 0.0575928 2.65308 
0.927562 0.691531 -0.0138163 2.5082 
0.929483 0.689754 -0.0213491 2.51301 
0.927585 0.69138 -0.0263308 2.50836 
1.00033 0.591043 1.82695e-05 2.67578 
1.00033 0.591051 1.28585e-05 2.67576 
1.00034 0.591041 2.96155e-05 2.67579 
1.00024 0.591176 3.78542e-05 2.67555 
1.00023 0.591221 5.54228e-05 2.67552 
1.00024 0.591205 0.000103197 2.67555 
0.999816 0.589623 -2.1018e-06 2.67434 
0.999891 0.589658 -3.93244e-05 2.67448 
1.00006 0.589836 -8.80073e-05 2.67461 
0.999976 0.591207 -0.000190224 2.67479 
0.999979 0.590689 -0.000151484 2.67457 
1.00001 0.590569 -0.00016849 2.67467 
0.989648 0.609753 0.0165578 2.65183 
0.992385 0.605156 0.0172847 2.65805 
0.994126 0.601544 0.0137847 2.66155 
0.99575 0.598684 0.0124187 2.66519 
0.996532 0.59741 0.013432 2.66702 
0.997743 0.59512 0.0114805 2.66966 
0.996707 0.597672 0.00989759 2.66773 
0.997652 0.595734 0.00850417 2.66969 
0.998209 0.59506 0.00646234 2.67112 
0.984523 0.617837 0.0151424 2.63999 
0.98197 0.622385 0.0136709 2.63446 
0.980584 0.62351 0.0160805 2.6307 
0.977403 0.629668 0.0129198 2.62418 
0.975216 0.631955 0.0058185 2.61848 
0.973567 0.633684 -0.00382658 2.61426 
0.974823 0.631813 0.0159561 2.61722 
0.971141 0.638006 0.00719083 2.60923 
0.967972 0.644621 0.00927192 2.60345 
1.02102 0.550378 -0.0292838 2.72406 
1.01882 0.550111 -0.0351745 2.71647 
1.01584 0.559179 -0.0377315 2.7105 
1.01329 0.56298 -0.0446529 2.70403 
1.01544 0.558666 -0.050537 2.70939 
1.0119 0.56474 -0.0576152 2.70101 
1.01003 0.570549 -0.0440231 2.69739 
1.0068 0.575929 -0.0485017 2.68987 
1.00359 0.583276 -0.0460653 2.6833 
0.985034 0.616621 0.0121128 2.64086 
0.983963 0.618257 0.00825649 2.63834 
0.981826 0.621773 0.00682363 2.63354 
0.981907 0.621627 0.00237988 2.63369 
0.984498 0.618155 0.000762999 2.63998 
0.984867 0.617146 -0.00115824 2.64056 
0.98024 0.624107 -0.00223451 2.62982 
0.982255 0.621327 -0.00511752 2.63465 
0.981822 0.620857 -0.0115406 2.63301 
1.0001 0.591281 -0.000551775 2.67517 
1.0001 0.591297 -0.000481311 2.67518 
1.00012 0.591304 -0.000490047 2.67529 
1.00012 0.591335 -0.000419839 2.6753 
1.00007 0.591353 -0.000367219 2.67515 
1.00007 0.591379 -0.000328239 2.67515 
1.00014 0.591323 -0.000411194 2.6754 
1.00012 0.591345 -0.000351308 2.67538 
1.00015 0.59127 -0.000330853 2.67544 
1.00017 0.591298 7.14047e-05 2.67539 
1.0002 0.591267 0.000137065 2.67546 
1.00022 0.591225 0.000156965 2.67552 
1.00025 0.591187 0.000223529 2.67559 
1.00025 0.591194 0.0002823 2.6756 
1.00028 0.591137 0.000356757 2.67567 
1.00028 0.591143 0.000234753 2.67566 
1.00032 0.591076 0.000282948 2.67573 
1.00035 0.591006 0.000275797 2.6758 
1 0.591372 -0.0135801 2.67502 
1.00071 0.590408 -0.011596 2.6768 
1.00125 0.588707 -0.011664 2.67761 
1.0016 0.588171 -0.00973611 2.67847 
1.00118 0.588871 -0.00822654 2.67745 
1.00136 0.588733 -0.00670173 2.67798 
1.0021 0.587278 -0.00956073 2.67963 
1.0022 0.587438 -0.00759515 2.68006 
1.00258 0.586646 -0.00715778 2.68087 
1.0009 0.590165 0.00532821 2.67714 
1.00105 0.589662 0.00616691 2.67737 
1.00143 0.589074 0.00599538 2.67827 
1.00172 0.588322 0.0068783 2.6788 
1.0018 0.58836 0.00843161 2.67911 
1.00211 0.587712 0.0102267 2.67979 
1.00218 0.587693 0.00654919 2.67997 
1.0026 0.586835 0.00777649 2.68089 
1.00307 0.585796 0.00730912 2.68185 
0.975797 0.629011 -0.0484075 2.61977 
0.978847 0.623318 -0.0458475 2.62595 
0.983418 0.616696 -0.0527018 2.63706 
0.985886 0.611943 -0.0488599 2.64202 
0.983416 0.617003 -0.0409622 2.63668 
0.986097 0.613928 -0.03923 2.64348 
0.991249 0.604381 -0.051203 2.65515 
0.992474 0.601882 -0.0472564 2.65749 
0.997007 0.595503 -0.0469854 2.66862 
0.984762 0.61709 -0.0148786 2.64032 
0.985664 0.615212 -0.0119726 2.64206 
0.987612 0.612399 -0.0138601 2.64674 
0.988077 0.611401 -0.0111451 2.64761 
0.987376 0.613318 -0.00671718 2.64643 
0.988119 0.612393 -0.00529705 2.64829 
0.989974 0.608742 -0.0120664 2.65223 
0.990048 0.608458 -0.00959837 2.65227 
0.991802 0.606236 -0.010158 2.6567 
0.994128 0.601996 0.00127395 2.66174 
0.992786 0.604078 0.00203364 2.65857 
0.992672 0.604268 0.00410318 2.65832 
0.991208 0.606982 0.00527537 2.65514 
0.989755 0.609139 0.00400396 2.65167 
0.988337 0.611664 0.00387354 2.64856 
0.990714 0.60741 0.00780535 2.6538 
0.988978 0.610785 0.00820148 2.65015 
0.987933 0.612248 0.0113024 2.64765 
0.984697 0.617878 -0.0226997 2.64073 
0.987028 0.612798 -0.02678 2.64534 
0.987226 0.611993 -0.0307522 2.64563 
0.991014 0.604719 -0.0327591 2.65373 
0.9946 0.599828 -0.0295632 2.66253 
0.99745 0.594662 -0.0275282 2.66883 
0.992091 0.603506 -0.0373763 2.65675 
0.996537 0.595889 -0.0356044 2.66682 
0.998093 0.591982 -0.0392569 2.66983 
0.995077 0.600149 0.0017242 2.66377 
0.994999 0.600319 0.00320438 2.66362 
0.995888 0.59887 0.00329977 2.66569 
0.995908 0.598798 0.00480338 2.66572 
0.995003 0.600469 0.00687043 2.66374 
0.995032 0.600392 0.00883833 2.66381 
0.996758 0.597329 0.00470467 2.66765 
0.996951 0.597071 0.00608591 2.66814 
0.99765 0.595641 0.00569126 2.66961 
0.973843 0.631067 -0.055658 2.61508 
0.977905 0.624428 -0.0607352 2.62438 
0.977192 0.625522 -0.0652282 2.62309 
0.982296 0.616307 -0.0688506 2.6342 
0.988927 0.607192 -0.0652283 2.65013 
0.993339 0.599945 -0.0639719 2.66015 
0.982166 0.617296 -0.0746993 2.63479 
0.988254 0.606102 -0.0750861 2.64784 
0.987882 0.60142 -0.0801689 2.64412 
0.999282 0.592609 0.0196106 2.6734 
0.997652 0.595401 0.022676 2.66971 
0.99774 0.595222 0.0254351 2.66996 
0.995425 0.599281 0.0288723 2.66482 
0.992619 0.603603 0.0275407 2.65813 
0.989854 0.608609 0.0270868 2.65205 
0.995054 0.599522 0.0325485 2.66384 
0.99153 0.605333 0.0338413 2.65575 
0.990571 0.60855 0.0390364 2.65477 
1.00237 0.586459 -0.0490305 2.68125 
1.0027 0.584605 -0.0556337 2.68161 
1.00122 0.587397 -0.0590404 2.67852 
1.00099 0.585402 -0.0671114 2.67702 
1.00339 0.578818 -0.072383 2.68152 
1.00508 0.575307 -0.0832415 2.68597 
0.999236 0.589216 -0.0703171 2.67368 
0.998256 0.587193 -0.0802213 2.66991 
0.995476 0.593407 -0.084293 2.66476 
0.999571 0.592279 -7.25507e-05 2.67397 
0.99969 0.592071 -0.000102387 2.67425 
0.999684 0.592147 -0.000219179 2.67427 
0.999799 0.59203 -0.000205835 2.67458 
0.999866 0.591807 -0.000143302 2.67467 
0.999916 0.591792 -0.000136839 2.67483 
0.9998 0.592261 -0.000296137 2.67472 
0.99988 0.592157 -0.000265734 2.67492 
0.999878 0.592043 -0.000326645 2.67485 
1.00001 0.591591 4.52219e-06 2.67504 
1.00001 0.591614 3.0257e-05 2.67504 
1.00002 0.591605 4.92223e-05 2.67505 
1 0.59164 9.82113e-05 2.67502 
0.999966 0.591723 0.00010387 2.67495 
0.999916 0.591831 0.000210248 2.67485 
1.00002 0.591629 0.000127532 2.67506 
0.999986 0.591693 0.00023505 2.675 
1.00001 0.59164 0.000281388 2.67506 
1.00716 0.578348 0.00174681 2.69114 
1.00625 0.580084 0.00212541 2.68912 
1.00593 0.580587 0.00361 2.68834 
1.00519 0.582026 0.00371019 2.68671 
1.0047 0.582875 0.00250493 2.68556 
1.00416 0.58396 0.00268397 2.68439 
1.00487 0.582568 0.0048727 2.68594 
1.00425 0.583799 0.0047255 2.6846 
1.00389 0.584565 0.00558653 2.68385 
1.00303 0.58384 -0.00072281 2.68183 
1.0034 0.583172 -0.00108646 2.6825 
1.00356 0.583518 -0.00213669 2.68243 
1.00391 0.58305 -0.00296193 2.6831 
1.00451 0.581773 -0.00284834 2.68458 
1.00489 0.581191 -0.00398199 2.6853 
1.00371 0.584039 -0.00400524 2.68301 
1.00384 0.583943 -0.00505365 2.6834 
1.00349 0.585398 -0.00597011 2.68315 
0.958679 0.63265 -0.158407 2.57996 
0.950041 0.646807 -0.151289 2.56049 
0.950414 0.650006 -0.139535 2.5613 
0.943255 0.662788 -0.129962 2.5458 
0.931363 0.674948 -0.129127 2.5172 
0.925642 0.685798 -0.115367 2.50516 
0.945107 0.661235 -0.118877 2.54897 
0.939882 0.670544 -0.107796 2.53761 
0.942867 0.668007 -0.0987045 2.54422 
0.985458 0.613547 0.0477706 2.64141 
0.981599 0.619608 0.0492149 2.63261 
0.981083 0.620459 0.0523784 2.63166 
0.97615 0.628859 0.0534626 2.62096 
0.970917 0.635889 0.048026 2.60829 
0.966022 0.643307 0.0427493 2.59706 
0.975098 0.629005 0.0571954 2.61785 
0.969225 0.638192 0.0553171 2.60462 
0.967972 0.642686 0.0596086 2.6039 
0.851524 0.750059 0.0240575 2.32771 
0.865107 0.747188 0.0297631 2.36502 
0.880502 0.73511 0.027417 2.39961 
0.888029 0.728258 0.0372005 2.41657 
0.884577 0.731353 0.0470495 2.40947 
0.892832 0.72303 0.0558028 2.42775 
0.898715 0.718914 0.0348376 2.44114 
0.90598 0.71225 0.0416648 2.45824 
0.914638 0.704275 0.0382993 2.4784 
1.00034 0.588946 -0.000132432 2.67559 
1.00042 0.588914 -0.000198857 2.67572 
1.00061 0.589366 -0.000380589 2.67593 
1.00069 0.58953 -0.000511232 2.67614 
1.00075 0.589094 -0.000473103 2.67623 
1.00084 0.58925 -0.000657091 2.67646 
1.00064 0.590261 -0.000704544 2.67645 
1.00065 0.59039 -0.00087355 2.67657 
1.00057 0.590555 -0.00104015 2.67645 
1.00126 0.589336 0.000256251 2.67785 
1.00115 0.589573 0.000321086 2.67762 
1.00111 0.589653 0.000607932 2.67754 
1.00099 0.589864 0.000672023 2.67728 
1.00093 0.589988 0.000468678 2.67712 
1.00084 0.590155 0.000524273 2.67695 
1.00094 0.589963 0.00090309 2.67717 
1.00084 0.590149 0.00090454 2.67694 
1.00078 0.590274 0.00107698 2.6768 
0.890452 0.713937 0.119387 2.41971 
0.907535 0.702303 0.127182 2.46362 
0.914247 0.697332 0.118756 2.47902 
0.926217 0.68269 0.124457 2.50585 
0.934193 0.672103 0.136581 2.52468 
0.94529 0.657771 0.137821 2.54978 
0.931513 0.679067 0.116261 2.51854 
0.941173 0.666125 0.120001 2.54011 
0.945482 0.661695 0.11136 2.54943 
0.987567 0.612713 -0.000386583 2.64666 
0.988248 0.611696 -0.0011027 2.64828 
0.988347 0.611398 -0.00212336 2.64842 
0.989645 0.60936 -0.00343979 2.65144 
0.990907 0.60731 -0.00295438 2.65434 
0.992418 0.604713 -0.00378257 2.65775 
0.989815 0.609515 -0.00487605 2.65209 
0.991592 0.606486 -0.00634925 2.65611 
0.991881 0.60498 -0.00790604 2.65617 
1.00039 0.590584 0.0202047 2.6759 
1.00027 0.590381 0.0241937 2.67547 
1.00148 0.588605 0.0254097 2.67849 
1.00138 0.587815 0.0302321 2.67781 
1.00009 0.590371 0.0339601 2.67512 
0.999157 0.591985 0.0424334 2.67335 
1.00314 0.585359 0.0317796 2.68227 
1.00284 0.585261 0.040259 2.68158 
1.0049 0.580714 0.0426362 2.68588 
0.998648 0.594013 -0.00311178 2.67195 
0.998865 0.593624 -0.00247773 2.67244 
0.999079 0.593181 -0.00250469 2.67289 
0.999248 0.592929 -0.00196747 2.6733 
0.999205 0.593445 -0.00147943 2.67344 
0.999376 0.593244 -0.00108551 2.67389 
0.999427 0.592563 -0.00195603 2.67368 
0.999525 0.592413 -0.00149325 2.67391 
0.999669 0.592152 -0.00144231 2.67424 
0.996075 0.598552 -0.000466106 2.66611 
0.996709 0.597256 -0.000817699 2.66744 
0.996601 0.597487 -0.00178425 2.66722 
0.99738 0.596298 -0.00183204 2.66909 
0.998067 0.595056 -0.00129117 2.67063 
0.998504 0.594428 -0.00126548 2.6717 
0.997356 0.596747 -0.00276405 2.66927 
0.998041 0.595584 -0.00255845 2.67085 
0.998048 0.594857 -0.0033349 2.67046 
0.961732 0.650969 0.00289912 2.58749 
0.963232 0.649318 -0.00653808 2.59128 
0.96103 0.651728 -0.0111261 2.58578 
0.964583 0.647058 -0.0205693 2.5943 
0.970658 0.638703 -0.0222808 2.60841 
0.974166 0.632939 -0.025075 2.61609 
0.963201 0.647442 -0.0275491 2.59023 
0.96915 0.640234 -0.0316225 2.60478 
0.968813 0.636905 -0.0392418 2.60176 
0.999358 0.592934 0.00019466 2.67365 
0.999049 0.593396 0.00044306 2.6729 
0.999045 0.593465 0.000837315 2.67293 
0.998644 0.594146 0.00145235 2.672 
0.998163 0.594966 0.00137599 2.67089 
0.997547 0.596048 0.00223286 2.6695 
0.998676 0.594111 0.00202524 2.67209 
0.998167 0.594944 0.00309158 2.6709 
0.998314 0.594857 0.00388075 2.67133 
0.96042 0.652654 0.0076218 2.5844 
0.957175 0.656644 -0.00122149 2.57669 
0.954352 0.660425 -0.000734108 2.57029 
0.952274 0.66344 -0.0113217 2.56579 
0.953736 0.660916 -0.0211455 2.56882 
0.954284 0.657791 -0.0347047 2.56896 
0.94863 0.666805 -0.0112048 2.55653 
0.947635 0.668119 -0.0262671 2.55475 
0.944525 0.676925 -0.0288622 2.55127 
1.00033 0.591075 -0.00493765 2.67583 
1.00003 0.591251 -0.00566043 2.67493 
0.999712 0.591656 -0.00520306 2.67411 
0.999361 0.59212 -0.0058099 2.67322 
0.999395 0.592169 -0.00699323 2.67337 
0.998933 0.592864 -0.00772455 2.67226 
0.999098 0.592675 -0.00516214 2.67267 
0.998703 0.593454 -0.00561482 2.67182 
0.998486 0.594515 -0.00488078 2.67172 
0.999501 0.592599 0.000313248 2.67393 
0.999439 0.592723 0.000665211 2.6738 
0.999573 0.59252 0.000792263 2.67412 
0.999538 0.592543 0.00116554 2.67402 
0.99941 0.592819 0.00160659 2.67376 
0.99942 0.592793 0.00218089 2.67378 
0.999687 0.592307 0.00124613 2.67437 
0.999717 0.592251 0.00163625 2.67444 
0.999852 0.59197 0.00164966 2.67472 
0.999623 0.592063 0.0140873 2.67412 
0.999879 0.591937 0.0108531 2.67485 
0.999133 0.592751 0.00984993 2.67285 
0.999267 0.593057 0.00853076 2.67346 
0.999651 0.592156 0.00783842 2.67419 
0.999645 0.592322 0.00630245 2.67426 
0.998719 0.593715 0.0076931 2.67202 
0.998909 0.593643 0.00623322 2.6726 
0.998485 0.594129 0.00548537 2.67148 
1.0235 0.544886 0.0733846 2.73041 
1.02114 0.545072 0.0645448 2.72191 
1.01692 0.555146 0.0640056 2.71301 
1.01626 0.558187 0.0545829 2.71185 
1.01816 0.553994 0.0479264 2.71566 
1.01696 0.558079 0.0407959 2.71349 
1.01283 0.564783 0.0536426 2.70394 
1.01227 0.566932 0.0464926 2.70288 
1.00969 0.572009 0.0455552 2.69703 
0.980742 0.608752 0.14995 2.63345 
0.986967 0.595897 0.140177 2.64451 
0.985144 0.603118 0.129855 2.64146 
0.990406 0.595265 0.119583 2.65264 
0.998554 0.581344 0.11946 2.67141 
1.0022 0.576586 0.108063 2.67941 
0.988534 0.601438 0.111072 2.64923 
0.992703 0.595031 0.10272 2.65817 
0.991154 0.599276 0.0955893 2.65489 
1.01771 0.546195 -0.102451 2.71577 
1.01153 0.554668 -0.108389 2.69986 
1.00768 0.565954 -0.103128 2.69171 
1.00233 0.577616 -0.108513 2.68078 
0.998104 0.581227 -0.118507 2.67019 
0.990946 0.59503 -0.121193 2.65471 
0.998493 0.584305 -0.102089 2.67098 
0.993583 0.593793 -0.104792 2.66062 
0.990726 0.598059 -0.0976737 2.65289 
0.985524 0.615719 0.0181192 2.642 
0.984207 0.617477 0.0213606 2.63885 
0.98515 0.616097 0.0240713 2.64114 
0.983433 0.617854 0.0283565 2.63671 
0.980808 0.623361 0.0285051 2.6316 
0.977111 0.629249 0.0350423 2.62356 
0.98498 0.616139 0.0317847 2.64083 
0.982884 0.619745 0.0384359 2.63648 
0.985018 0.615286 0.0430417 2.64085 
1.00085 0.589428 0.0185114 2.67672 
1.00197 0.587809 0.0201325 2.67952 
1.00259 0.586292 0.0195175 2.68069 
1.00406 0.583811 0.0207076 2.68415 
1.00476 0.582338 0.0238139 2.68573 
1.0066 0.578917 0.0252861 2.6899 
1.0046 0.582505 0.0193238 2.68519 
1.0065 0.579188 0.0200249 2.68962 
1.00701 0.578131 0.0179599 2.69069 
0.938708 0.674836 -0.0885637 2.53488 
0.930569 0.683094 -0.0880775 2.51541 
0.927736 0.687677 -0.0798616 2.50916 
0.918873 0.697051 -0.0761964 2.48843 
0.912662 0.703245 -0.0808941 2.47442 
0.900854 0.714397 -0.0742471 2.44653 
0.916421 0.701003 -0.066149 2.48303 
0.907496 0.709806 -0.059527 2.46205 
0.906384 0.711824 -0.0477897 2.45947 
0.959171 0.652949 0.0149438 2.58066 
0.954457 0.659468 0.0132467 2.57003 
0.951667 0.664018 0.0168004 2.56436 
0.945833 0.671358 0.0154791 2.55094 
0.942884 0.674636 0.00782698 2.54387 
0.936164 0.684791 0.00477424 2.53006 
0.942278 0.675782 0.020657 2.543 
0.934134 0.686681 0.0205498 2.52528 
0.927889 0.691428 0.0285152 2.50947 
1.00802 0.576741 0.0028234 2.69313 
1.00751 0.57751 0.00453891 2.69184 
1.00826 0.576297 0.00614291 2.69369 
1.00752 0.577423 0.00773637 2.69185 
1.00652 0.579614 0.00764837 2.68978 
1.00586 0.580868 0.00869563 2.6883 
1.00816 0.576473 0.00979357 2.69348 
1.00717 0.578307 0.0110725 2.69121 
1.00748 0.57768 0.0131773 2.69193 
1.01686 0.554972 -0.0230913 2.71222 
1.01517 0.560716 -0.0258458 2.70885 
1.01323 0.564004 -0.0219854 2.70384 
1.01144 0.568688 -0.0237447 2.70037 
1.01005 0.57108 -0.0288713 2.69716 
1.00797 0.576489 -0.0291704 2.69338 
1.00991 0.571227 -0.0205206 2.69659 
1.0084 0.575847 -0.0217544 2.69423 
1.00721 0.577695 -0.0191966 2.69126 
1.00865 0.573353 -0.00307057 2.69484 
1.00932 0.57167 -0.00470123 2.69586 
1.00916 0.572872 -0.00700539 2.69523 
1.0096 0.571832 -0.00964352 2.69589 
1.01129 0.568812 -0.0107832 2.7001 
1.01158 0.567862 -0.0144418 2.70033 
1.00884 0.573829 -0.0116298 2.69434 
1.00897 0.573504 -0.0147066 2.69461 
1.00804 0.576621 -0.015993 2.69335 
1.00099 0.587402 -0.000183794 2.67723 
1.0012 0.587221 -0.00028973 2.67754 
1.00138 0.587303 -0.000624172 2.6775 
1.00159 0.587191 -0.000866824 2.67793 
1.00174 0.586705 -0.00086005 2.67835 
1.00199 0.586458 -0.00117499 2.67882 
1.00157 0.587656 -0.00124633 2.67798 
1.00173 0.58768 -0.00162169 2.6785 
1.00164 0.588619 -0.00198415 2.67882 
1.00367 0.585206 -0.00703199 2.68367 
1.00434 0.583786 -0.00750611 2.68506 
1.00447 0.583567 -0.00868316 2.68538 
1.00538 0.581886 -0.0094399 2.68743 
1.00596 0.579733 -0.00827117 2.68805 
1.00721 0.577157 -0.00866313 2.69076 
1.00556 0.581534 -0.0110277 2.68787 
1.00666 0.579327 -0.0118905 2.69023 
1.00674 0.579188 -0.0140416 2.69046 
1.00011 0.591211 -0.00405791 2.67519 
0.999924 0.591364 -0.00377741 2.67464 
0.999894 0.591297 -0.0031302 2.6745 
0.999763 0.59144 -0.00285433 2.67414 
0.999537 0.591863 -0.00319587 2.67364 
0.999408 0.592684 -0.0028767 2.6737 
0.99976 0.591416 -0.00234524 2.67412 
0.999667 0.592159 -0.00217843 2.67424 
0.999689 0.592146 -0.00177808 2.67431 
1.00282 0.586394 0.000375801 2.68131 
1.00253 0.586975 0.00055615 2.68068 
1.00247 0.587036 0.00103845 2.68053 
1.00221 0.587547 0.00116277 2.67998 
1.00201 0.58791 0.000805966 2.67951 
1.0018 0.588309 0.000913493 2.67906 
1.00213 0.587656 0.00156496 2.67978 
1.00193 0.588108 0.00159121 2.67935 
1.00184 0.58833 0.00194679 2.67919 
0.95964 0.650292 0.060201 2.58222 
0.955849 0.6563 0.0541127 2.5738 
0.95139 0.662178 0.0587896 2.56384 
0.947401 0.667529 0.0492497 2.55442 
0.951314 0.663712 0.0396262 2.5637 
0.948933 0.666261 0.0307953 2.5576 
0.940791 0.675474 0.0519655 2.5392 
0.937658 0.679523 0.0392328 2.53174 
0.9299 0.688795 0.0390029 2.51412 
0.99785 0.595008 -0.0167857 2.67006 
0.996366 0.597614 -0.0178705 2.6667 
0.995751 0.59818 -0.0156476 2.66496 
0.994415 0.600775 -0.0158214 2.66211 
0.992619 0.603458 -0.0175217 2.65782 
0.991043 0.606415 -0.0165223 2.65441 
0.994088 0.600992 -0.0137235 2.66113 
0.992861 0.60363 -0.013243 2.65866 
0.992671 0.604276 -0.01147 2.65839 
0.998872 0.593869 0.00456556 2.6726 
0.999217 0.593071 0.00431874 2.67327 
0.999423 0.592767 0.00349742 2.67378 
0.999646 0.592318 0.00317857 2.67425 
0.999804 0.592046 0.00345786 2.67461 
1 0.591671 0.00309535 2.67504 
0.999766 0.592171 0.00259841 2.67456 
0.999911 0.59185 0.00233733 2.67485 
0.999977 0.591785 0.00189525 2.67503 
0.919431 0.69923 0.0452624 2.48965 
0.917782 0.699288 0.0572147 2.48529 
0.923328 0.692789 0.067766 2.49826 
0.924082 0.690629 0.0792518 2.4999 
0.916961 0.698033 0.0849643 2.48398 
0.918042 0.695541 0.0977623 2.48675 
0.930831 0.681936 0.0861692 2.51516 
0.933216 0.678051 0.0976199 2.5209 
0.940219 0.668357 0.102078 2.53648 
1.01841 0.557417 0.0142757 2.71731 
1.01572 0.561386 0.0129618 2.71045 
1.01406 0.564334 0.0156845 2.7065 
1.01249 0.568193 0.0136737 2.70336 
1.01162 0.569456 0.00988156 2.70107 
1.01027 0.572532 0.00893629 2.69829 
1.01102 0.57048 0.0155395 2.69974 
1.00992 0.573149 0.0135514 2.69752 
1.00872 0.575123 0.0148917 2.69464 
0.870829 0.733163 -0.0828112 2.37376 
0.873079 0.73657 -0.0735614 2.38233 
0.882642 0.730797 -0.0690118 2.40496 
0.883135 0.731371 -0.0560608 2.40573 
0.876084 0.737559 -0.0481367 2.38971 
0.877562 0.736839 -0.0358309 2.39265 
0.892123 0.724684 -0.0522268 2.42679 
0.8925 0.724522 -0.0410564 2.42714 
0.900123 0.718096 -0.038118 2.44495 
1.00051 0.590563 -0.00149962 2.67618 
1.00041 0.59083 -0.00172195 2.67598 
1.00025 0.591179 -0.00165441 2.67564 
1.00017 0.591278 -0.00185781 2.67541 
1.00019 0.591228 -0.00215141 2.67544 
1.00007 0.591254 -0.00240502 2.67505 
1.00006 0.591145 -0.00163984 2.67495 
0.999926 0.591178 -0.00182256 2.67453 
0.999857 0.591686 -0.00168012 2.67459 
1.00057 0.59058 0.00374561 2.67628 
1.00054 0.590708 0.00309515 2.67626 
1.00032 0.591108 0.00290752 2.67576 
1.00031 0.591169 0.00245157 2.67579 
1.00043 0.590903 0.00225241 2.67601 
1.0004 0.590983 0.00187007 2.67596 
1.00016 0.591408 0.00224747 2.6754 
1.00018 0.591411 0.00188315 2.67547 
1.00006 0.59158 0.00169846 2.67519 
0.967564 0.623191 0.153415 2.60039 
0.969826 0.62444 0.141342 2.60655 
0.962459 0.634299 0.139389 2.58891 
0.964529 0.635119 0.128709 2.59454 
0.971297 0.625675 0.119317 2.609 
0.972323 0.625174 0.110857 2.61098 
0.957109 0.644435 0.125464 2.5765 
0.960047 0.642302 0.115563 2.58315 
0.953623 0.650714 0.111658 2.56782 
1.00062 0.590462 -0.0012085 2.67656 
1.00076 0.590413 -0.00126608 2.67699 
1.00079 0.590252 -0.00144618 2.67701 
1.00098 0.590009 -0.00145256 2.67747 
1.00104 0.589405 -0.00123005 2.67726 
1.00126 0.588633 -0.00114433 2.67752 
1.00103 0.589828 -0.0016775 2.67755 
1.00128 0.589369 -0.00166708 2.67809 
1.00136 0.589173 -0.00197988 2.67824 
1.00139 0.589116 0.000306414 2.67815 
1.00136 0.58916 0.000607865 2.67807 
1.00148 0.588927 0.000751061 2.67835 
1.00142 0.589024 0.00106986 2.6782 
1.00124 0.589399 0.00122866 2.67782 
1.00116 0.589577 0.00145565 2.67768 
1.00156 0.588784 0.00131833 2.67852 
1.00144 0.589049 0.00160508 2.67829 
1.00156 0.588788 0.00189736 2.67852 
0.999992 0.591491 -1.61239e-05 2.6749 
0.999987 0.591695 -9.08525e-05 2.67501 
0.999969 0.59174 -9.07426e-05 2.67497 
0.999981 0.591917 -0.000192972 2.67512 
0.999969 0.591813 -0.0002393 2.67502 
0.999986 0.591644 -0.000262762 2.67499 
0.999952 0.591943 -0.000206257 2.67504 
0.999964 0.591845 -0.000271967 2.67502 
0.999941 0.591881 -0.000321565 2.67497 
1.00013 0.591376 3.99905e-05 2.67531 
1.00011 0.591418 5.59909e-05 2.67525 
1.00011 0.59142 0.000106313 2.67527 
1.00008 0.591468 0.000120147 2.6752 
1.00006 0.591517 8.82667e-05 2.67515 
1.00004 0.591561 8.44574e-05 2.6751 
1.00009 0.591481 0.000185337 2.67521 
1.00005 0.591553 0.000171394 2.67513 
1.00004 0.591574 0.000235347 2.6751 
1.00348 0.585422 0.00521074 2.68296 
1.00322 0.585677 0.00418127 2.68223 
1.00284 0.586535 0.00406272 2.68149 
1.00263 0.586834 0.00319414 2.68095 
1.00283 0.586424 0.00266515 2.68139 
1.00261 0.586769 0.00203579 2.68083 
1.00235 0.587446 0.00307099 2.68038 
1.00218 0.587663 0.00248513 2.67995 
1.00198 0.588138 0.00241811 2.67953 
1.00263 0.584556 -0.00076861 2.68077 
1.00281 0.584803 -0.00151006 2.68077 
1.00249 0.585526 -0.00154496 2.67992 
1.00244 0.586171 -0.00217125 2.68001 
1.00258 0.586177 -0.00281916 2.68048 
1.00239 0.587326 -0.00345243 2.68058 
1.00211 0.586946 -0.00210682 2.67934 
1.00199 0.587973 -0.00261445 2.6796 
1.0017 0.588592 -0.00245726 2.67903 
1.0001 0.591263 -0.000753647 2.67515 
1.00011 0.591247 -0.000853105 2.67519 
1.00005 0.591301 -0.000939392 2.67503 
1.00007 0.591286 -0.00107799 2.67508 
1.00013 0.591186 -0.00112742 2.6752 
1.00013 0.591182 -0.00127756 2.67521 
0.999983 0.59138 -0.0011869 2.67483 
0.999987 0.591386 -0.00137245 2.67485 
0.999872 0.591673 -0.0014384 2.67464 
1.0006 0.590588 0.00123597 2.67639 
1.00048 0.590802 0.00125246 2.67613 
1.00043 0.590914 0.00140918 2.67603 
1.00033 0.591089 0.00135273 2.67579 
1.00031 0.591135 0.00114654 2.67575 
1.00023 0.591274 0.00108183 2.67558 
1.00026 0.59123 0.00147284 2.67565 
1.00017 0.591409 0.00137232 2.67545 
1.00008 0.591568 0.00143225 2.67526 
0.999962 0.589526 -5.80721e-05 2.67471 
0.999997 0.589498 -8.15287e-05 2.67475 
1.00017 0.589819 -0.00011221 2.6749 
1.0002 0.589928 -0.000161443 2.67496 
1.00021 0.589664 -0.000118889 2.675 
1.00029 0.589819 -0.000162599 2.67516 
1.00025 0.590564 -0.000175942 2.67534 
1.00025 0.590706 -0.000217068 2.6754 
1.00023 0.591095 -0.000246685 2.6756 
1.00064 0.590539 3.13834e-05 2.6765 
1.00058 0.590628 8.7741e-05 2.67635 
1.00054 0.59069 0.000154136 2.67627 
1.0005 0.590776 0.000163957 2.67618 
1.00048 0.590804 0.000121914 2.67612 
1.00045 0.590869 0.000130524 2.67605 
1.00047 0.590811 0.000205144 2.6761 
1.00044 0.59088 0.000200236 2.67603 
1.00041 0.590936 0.000220705 2.67597 
1.00027 0.589098 -0.000124002 2.67539 
1.00044 0.589472 -0.000231488 2.67555 
1.00038 0.589726 -0.000217556 2.67538 
1.0004 0.590384 -0.000332354 2.67572 
1.00044 0.59066 -0.000438633 2.67596 
1.00037 0.590939 -0.000515332 2.67598 
1.00033 0.590629 -0.000280514 2.67561 
1.00029 0.591014 -0.000358137 2.67573 
1.00022 0.591146 -0.000303631 2.67562 
1.00068 0.590424 0.000994779 2.67656 
1.00065 0.590498 0.000770442 2.6765 
1.00058 0.590631 0.000663722 2.67636 
1.00055 0.590678 0.000510739 2.67626 
1.00059 0.590611 0.000435035 2.67638 
1.00055 0.590671 0.000311269 2.67628 
1.00049 0.590787 0.000457436 2.67616 
1.00047 0.590827 0.000341358 2.67609 
1.00043 0.590904 0.000298142 2.67601 
0.968854 0.620606 -0.149456 2.60329 
0.968231 0.626 -0.137056 2.60209 
0.976972 0.617252 -0.128894 2.62349 
0.97611 0.618919 -0.118529 2.6203 
0.970147 0.628678 -0.116698 2.60698 
0.970182 0.629623 -0.106765 2.60649 
0.982497 0.611139 -0.110166 2.63528 
0.981463 0.613217 -0.101695 2.63224 
0.986275 0.608427 -0.0961623 2.64451 
0.999995 0.591266 -0.000273785 2.67481 
1.00001 0.591293 -0.000284178 2.67486 
0.999996 0.591316 -0.000295338 2.67484 
0.999997 0.59138 -0.00033467 2.67488 
1.00001 0.591345 -0.000392965 2.67489 
0.999995 0.591393 -0.000462575 2.67488 
0.999978 0.591504 -0.000344577 2.67489 
0.999964 0.591602 -0.000411641 2.67489 
0.999937 0.591802 -0.000412809 2.67492 
1.00021 0.591309 0.000509394 2.67552 
1.00018 0.591346 0.000432858 2.67546 
1.00015 0.591411 0.000457412 2.67538 
1.00014 0.591431 0.000380072 2.67535 
1.00014 0.591397 0.000292675 2.67535 
1.00013 0.591418 0.000232913 2.67532 
1.0001 0.591492 0.000390299 2.67527 
1.0001 0.591493 0.000312739 2.67525 
1.00007 0.591546 0.000322291 2.67519 
0.862702 0.749031 0.0030278 2.35923 
0.875132 0.74034 0.00223344 2.38778 
0.876755 0.739199 -0.0106079 2.39156 
0.887687 0.729981 -0.0100058 2.41632 
0.894231 0.723771 0.00351819 2.43074 
0.903029 0.716243 0.00317088 2.45143 
0.891154 0.727271 -0.02125 2.42465 
0.899736 0.718812 -0.0190008 2.44372 
0.904207 0.715484 -0.0272473 2.45484 
1.01758 0.549203 0.0865798 2.71377 
1.01385 0.558442 0.0831163 2.70591 
1.00996 0.564646 0.0910905 2.69691 
1.0065 0.572972 0.0860977 2.68961 
1.00763 0.572907 0.0739784 2.6923 
1.00476 0.578467 0.0700519 2.68565 
1.00165 0.580425 0.0915807 2.67813 
0.999429 0.586244 0.0853408 2.6736 
0.99419 0.594894 0.0878736 2.66156 
1.00385 0.584553 0.00771056 2.68373 
1.00397 0.584286 0.00934523 2.68396 
1.00458 0.583061 0.00942707 2.68531 
1.00477 0.582772 0.0116474 2.68578 
1.00397 0.584142 0.0132453 2.68393 
1.00391 0.584368 0.015658 2.68389 
1.00558 0.581206 0.0118438 2.68757 
1.00573 0.580949 0.0147497 2.68797 
1.00681 0.579163 0.0152414 2.69056 
1.00967 0.573316 0.0399939 2.69747 
1.01058 0.570398 0.035695 2.69872 
1.00994 0.572939 0.0316326 2.69787 
1.01035 0.571547 0.0271334 2.69833 
1.01246 0.567823 0.0263787 2.70329 
1.01259 0.567202 0.0220425 2.70327 
1.00967 0.573855 0.0238262 2.69726 
1.00971 0.57299 0.0204603 2.69686 
1.00893 0.57534 0.0181612 2.69553 
0.953932 0.653805 -0.0883078 2.56847 
0.960045 0.64576 -0.0851119 2.58233 
0.965317 0.63739 -0.0927617 2.59442 
0.970264 0.630626 -0.0880642 2.6056 
0.968982 0.635775 -0.0781539 2.604 
0.973457 0.630926 -0.0755357 2.61516 
0.975875 0.621868 -0.0922433 2.61856 
0.979331 0.617246 -0.0876698 2.62653 
0.984745 0.610184 -0.0895642 2.63995 
1.0002 0.591319 0.000646532 2.67549 
1.00017 0.591395 0.000672351 2.67543 
1.00017 0.591396 0.000833494 2.67544 
1.00013 0.591492 0.000855049 2.67535 
1.0001 0.591524 0.000722025 2.67529 
1.00005 0.591597 0.000733156 2.67517 
1.00011 0.591517 0.00103886 2.67533 
1.00006 0.5916 0.00107078 2.6752 
1.00004 0.591652 0.00128587 2.67517 
0.99992 0.591895 -0.000471433 2.67491 
0.999925 0.591766 -0.00055586 2.67486 
0.999893 0.591839 -0.000645911 2.67479 
0.999904 0.591721 -0.000769362 2.67477 
0.999943 0.591535 -0.000762526 2.67479 
0.999967 0.591422 -0.000876877 2.67481 
0.999872 0.591795 -0.000890174 2.6747 
0.999878 0.591676 -0.00103672 2.67466 
0.999815 0.591785 -0.00118686 2.67451 
1.00014 0.591155 -0.0154923 2.67538 
1.0011 0.588913 -0.0150192 2.67729 
1.00156 0.587805 -0.0161705 2.67819 
1.00263 0.586158 -0.0152618 2.6808 
1.00315 0.585673 -0.0132301 2.68226 
1.0038 0.58442 -0.01182 2.68368 
1.00332 0.585186 -0.0166095 2.68259 
1.00441 0.58317 -0.0149922 2.68502 
1.00529 0.581386 -0.0159103 2.68697 
0.985227 0.610873 0.0912917 2.64207 
0.979904 0.618561 0.0920956 2.6295 
0.977099 0.622821 0.0968715 2.62352 
0.970738 0.631615 0.096368 2.60845 
0.968888 0.634958 0.0907079 2.6041 
0.963176 0.643508 0.087157 2.591 
0.967199 0.636581 0.100407 2.60065 
0.960123 0.646021 0.097489 2.58382 
0.955249 0.653129 0.101134 2.57343 
1.00261 0.586854 -0.00614342 2.68109 
1.00207 0.587533 -0.00543328 2.67967 
1.0022 0.587629 -0.00464407 2.68015 
1.00179 0.58816 -0.00416473 2.6791 
1.0015 0.588615 -0.00431585 2.6784 
1.00122 0.589025 -0.00395877 2.67769 
1.00184 0.588297 -0.00354811 2.67934 
1.00151 0.588766 -0.00329689 2.67852 
1.00152 0.588901 -0.00281189 2.67864 
1.0027 0.585845 -0.0363997 2.68145 
1.00287 0.585455 -0.0317778 2.68162 
1.00434 0.582576 -0.0307956 2.68481 
1.00428 0.582898 -0.0262977 2.68468 
1.0026 0.586202 -0.0234943 2.68091 
1.00257 0.586545 -0.0203678 2.68095 
1.00567 0.580772 -0.0245501 2.68803 
1.00496 0.581856 -0.0209667 2.68621 
1.00614 0.580454 -0.0190181 2.68932 
1.00086 0.59004 0.00444264 2.67696 
1.00122 0.589477 0.00450829 2.6778 
1.00125 0.589284 0.00406678 2.67779 
1.00156 0.588822 0.00396151 2.67855 
1.00179 0.588283 0.00436461 2.67902 
1.00217 0.58761 0.00407618 2.67987 
1.00155 0.588775 0.00342928 2.67849 
1.00183 0.588243 0.00321722 2.67913 
1.00178 0.58833 0.00269007 2.679 
0.998052 0.595279 -0.00526345 2.67074 
0.99775 0.595671 -0.00638124 2.66998 
0.99714 0.596872 -0.00672711 2.66867 
0.996594 0.597656 -0.00818226 2.66734 
0.996899 0.59652 -0.00959794 2.6677 
0.996331 0.59733 -0.0115003 2.66632 
0.995807 0.599207 -0.00843053 2.66567 
0.995039 0.600313 -0.0100967 2.66381 
0.994008 0.602226 -0.0101333 2.66155 
0.961316 0.645895 0.0700788 2.58518 
0.956112 0.65371 0.072206 2.57397 
0.956582 0.65456 0.0774254 2.5765 
0.951463 0.660359 0.0799376 2.5643 
0.944968 0.669023 0.0743764 2.54931 
0.93837 0.677448 0.075889 2.53457 
0.952041 0.658216 0.0863902 2.56523 
0.945757 0.666487 0.0898713 2.55134 
0.947017 0.664263 0.096963 2.5545 
1.00054 0.590751 -0.0037788 2.67638 
1.00068 0.590172 -0.00334233 2.67652 
1.00082 0.589579 -0.00340872 2.67665 
1.00093 0.589515 -0.00289924 2.67699 
1.00082 0.589688 -0.00247291 2.67673 
1.00086 0.589879 -0.00204601 2.67699 
1.00107 0.589373 -0.00297385 2.67742 
1.00113 0.589512 -0.00243277 2.67769 
1.00127 0.589276 -0.00238108 2.67805 
1.00078 0.59025 0.00148518 2.6768 
1.00085 0.590102 0.00176985 2.67694 
1.00096 0.589885 0.00175928 2.67719 
1.00107 0.589669 0.00207032 2.67741 
1.00107 0.589726 0.00246353 2.67744 
1.00116 0.589506 0.00306443 2.67764 
1.00121 0.589429 0.00204154 2.67776 
1.00135 0.589149 0.00253063 2.67804 
1.00154 0.588761 0.00246259 2.67843 
1 0.59166 0.000371077 2.67504 
0.999972 0.591742 0.0004573 2.67499 
0.999983 0.591724 0.000582901 2.67501 
0.999942 0.591824 0.000715472 2.67493 
0.999848 0.591975 0.000648748 2.67471 
0.99978 0.592141 0.000725984 2.67459 
0.999958 0.591786 0.000884879 2.67497 
0.999899 0.591922 0.00102886 2.67485 
0.999932 0.591877 0.00123726 2.67493 
0.9995 0.592489 -0.000221338 2.67386 
0.999535 0.592519 -0.000403107 2.67399 
0.999521 0.592719 -0.000601568 2.67407 
0.999582 0.592739 -0.000719164 2.67428 
0.999712 0.592576 -0.000641445 2.67461 
0.999763 0.592206 -0.000744745 2.67457 
0.999604 0.592768 -0.000952934 2.67437 
0.999699 0.592229 -0.0010554 2.67438 
0.999721 0.591996 -0.00123762 2.67432 
1.00046 0.590705 -0.00101282 2.67613 
1.00035 0.590852 -0.00087937 2.67586 
1.00035 0.590911 -0.000717154 2.67589 
1.00028 0.591006 -0.000620796 2.67571 
1.00025 0.591171 -0.000655665 2.67567 
1.0002 0.591256 -0.000563429 2.67554 
1.00027 0.59106 -0.000493621 2.67573 
1.00021 0.591141 -0.000433825 2.67558 
1.00019 0.591169 -0.000345176 2.67554 
1.00028 0.59117 0.000627223 2.67566 
1.00032 0.591089 0.00063824 2.67577 
1.00033 0.591071 0.000533488 2.67578 
1.00037 0.591006 0.000530257 2.67588 
1.00041 0.590931 0.000631388 2.67595 
1.00046 0.590828 0.000609497 2.67608 
1.00037 0.590991 0.000438015 2.67587 
1.00041 0.590913 0.000416642 2.67595 
1.0004 0.590925 0.000331001 2.67591 
0.986546 0.610055 0.0502505 2.64295 
0.985635 0.61238 0.0558814 2.64172 
0.98672 0.611248 0.05933 2.64479 
0.985066 0.612787 0.0654716 2.64069 
0.981985 0.618093 0.0669533 2.634 
0.979016 0.622237 0.0754151 2.62756 
0.986392 0.609994 0.0702186 2.64363 
0.984385 0.612927 0.0789927 2.63955 
0.985916 0.609126 0.0847707 2.64268 
0.940722 0.676902 -0.0366051 2.53942 
0.944055 0.672496 -0.0443241 2.54717 
0.941385 0.674486 -0.0506282 2.54039 
0.945521 0.668667 -0.0576873 2.54977 
0.952668 0.66116 -0.0572933 2.56727 
0.956606 0.655625 -0.0609076 2.57625 
0.943419 0.670128 -0.0655064 2.5446 
0.948733 0.663151 -0.0702248 2.5569 
0.947215 0.662652 -0.0786994 2.55229 
0.936328 0.678602 -0.0341845 2.5267 
0.934582 0.683151 -0.0396587 2.52467 
0.930281 0.688344 -0.0363909 2.51489 
0.927608 0.690971 -0.0434604 2.50874 
0.92875 0.687796 -0.0541455 2.51053 
0.927235 0.688263 -0.0627842 2.50661 
0.922523 0.695643 -0.0391527 2.49626 
0.919425 0.698552 -0.0475748 2.48916 
0.914061 0.705852 -0.0438502 2.47811 
0.995446 0.599668 -0.001278 2.6647 
0.99541 0.59971 -0.00250358 2.66461 
0.994941 0.60072 -0.00306153 2.66367 
0.995007 0.600962 -0.00443704 2.66403 
0.995714 0.599591 -0.00464824 2.66554 
0.996022 0.598433 -0.00588469 2.66589 
0.994535 0.601871 -0.00539905 2.66302 
0.994717 0.600828 -0.00693125 2.66302 
0.993892 0.602053 -0.00795821 2.66104 
1.00582 0.579247 0.04836 2.68837 
1.00313 0.583489 0.0528127 2.68204 
1.00296 0.583544 0.0585944 2.68183 
0.999456 0.589156 0.0630384 2.67373 
0.996307 0.594606 0.0604887 2.66639 
0.992494 0.601318 0.0616439 2.65786 
0.998666 0.590175 0.0699285 2.67217 
0.993844 0.597869 0.0722038 2.66092 
0.992182 0.60146 0.0803412 2.65826 
0.919306 0.699519 0.0227433 2.48866 
0.918714 0.700199 0.0120836 2.48716 
0.914711 0.70569 0.00852396 2.47887 
0.915171 0.70475 -0.00441346 2.47962 
0.920772 0.698611 -0.0113635 2.49229 
0.922207 0.696058 -0.0217654 2.49504 
0.911003 0.709442 -0.00968907 2.47037 
0.913255 0.706812 -0.0220983 2.47554 
0.909445 0.709056 -0.0286293 2.46567 
1.00039 0.590953 4.44652e-05 2.67592 
1.00038 0.590979 3.82196e-05 2.67591 
1.0004 0.590947 7.86688e-05 2.67594 
1.00038 0.590967 8.92549e-05 2.67589 
1.00036 0.591005 4.75414e-05 2.67586 
1.00035 0.591017 5.20058e-05 2.67581 
1.0004 0.59094 0.000138464 2.67593 
1.00038 0.590967 0.000143761 2.67588 
1.00039 0.59098 0.000199133 2.67592 
1.00031 0.591066 1.1145e-06 2.6757 
1.00031 0.59107 1.84591e-05 2.67571 
1.00032 0.591052 3.10909e-05 2.67574 
1.00032 0.591057 7.30242e-05 2.67574 
1.00029 0.591108 8.48769e-05 2.67566 
1.00027 0.59115 0.000116004 2.67564 
1.00034 0.591026 9.55813e-05 2.67578 
1.00033 0.591047 0.000151778 2.67578 
1.00036 0.59101 0.000196002 2.67584 
0.999658 0.589596 -1.05475e-05 2.67391 
0.99979 0.589768 1.83226e-06 2.67416 
0.999931 0.589881 -1.59777e-05 2.67421 
1.00005 0.590108 -7.41658e-05 2.67458 
1.00002 0.589906 -8.48496e-05 2.67453 
1.0001 0.590051 -0.000107557 2.6747 
1.00012 0.590595 -0.000105989 2.6749 
1.00016 0.590808 -0.000167169 2.67516 
1.00017 0.59113 -0.000196177 2.6754 
0.999997 0.59136 -0.000248736 2.67489 
1 0.591456 -0.000248511 2.675 
1.00002 0.59144 -0.000254096 2.67506 
1.00004 0.591487 -0.000244671 2.67518 
1.00001 0.591423 -0.000171545 2.67504 
1.00008 0.591143 -0.000158663 2.6751 
1.00006 0.591431 -0.000241882 2.67521 
1.00011 0.591334 -0.000228505 2.67534 
1.00013 0.591259 -0.000258848 2.67535 
