0.998467 0.594017 0.0175581 2.6715 
0.978083 0.627261 -0.00893902 2.62496 
1.01905 0.548878 -0.0760746 2.72041 
0.987115 0.61422 0.000693599 2.64612 
0.999939 0.590618 -0.000348908 2.67442 
1.00075 0.590214 0.000393698 2.67668 
1.0006 0.590593 -0.00575989 2.67672 
1.002 0.588351 0.0137826 2.67983 
0.982953 0.619885 -0.0282137 2.63666 
0.987562 0.612973 -0.00163795 2.6468 
0.988993 0.610355 0.0026747 2.6499 
0.997715 0.594653 -0.0219338 2.66976 
0.992613 0.604426 0.0128294 2.65829 
0.994966 0.596237 -0.0532876 2.66283 
0.989505 0.607681 0.0205004 2.6502 
1.01128 0.554311 -0.0837865 2.69765 
0.999914 0.592626 -0.000103846 2.67529 
1.00027 0.591154 0.000102225 2.67562 
1.0046 0.583444 0.000934633 2.68552 
1.00562 0.573918 -0.00312473 2.68639 
0.902023 0.696903 -0.110846 2.44287 
0.965791 0.642625 0.0312305 2.5955 
0.870453 0.729213 0.0853671 2.36952 
1.00031 0.584416 -0.00067931 2.6742 
1.00132 0.589268 0.000200124 2.67802 
0.951327 0.642474 0.156498 2.56119 
0.992861 0.603382 -0.00276512 2.65837 
0.996078 0.597431 0.0429399 2.6664 
0.9994 0.593351 -0.000507313 2.67403 
0.998862 0.594129 -0.000734947 2.67269 
0.977103 0.630496 -0.0179541 2.62392 
0.997347 0.596461 0.00137632 2.66908 
0.961049 0.648544 -0.0386176 2.58478 
0.999801 0.591007 -0.0106524 2.67422 
0.999386 0.59227 0.00298337 2.67336 
1.00072 0.58962 0.00603953 2.67625 
1.02227 0.550972 0.028639 2.7272 
1.01466 0.559524 0.105357 2.71162 
0.985999 0.591203 -0.138043 2.64145 
0.973983 0.633075 0.0277948 2.61554 
1.00566 0.57972 0.032761 2.6875 
0.896324 0.717215 -0.0851994 2.43802 
0.94123 0.675634 -0.00630528 2.53963 
1.00546 0.581826 0.00702608 2.6875 
1.00551 0.578303 -0.0390762 2.68623 
1.0153 0.555618 -0.0139289 2.70926 
1.00168 0.580338 -0.00071983 2.67701 
1.00633 0.572552 -0.00532331 2.68763 
0.998869 0.593138 -0.00374019 2.67222 
1.00223 0.587593 0.00042049 2.68007 
0.95689 0.652604 0.0238462 2.57345 
0.987413 0.610345 -0.0193651 2.64499 
1.00073 0.590117 0.00418461 2.67656 
0.900278 0.714771 0.0951627 2.44833 
1.01111 0.571725 0.00396355 2.7006 
0.850733 0.744992 -0.0206315 2.32254 
1.00031 0.590189 -0.00271919 2.67543 
1.00108 0.58957 0.00166412 2.67739 
0.98133 0.609372 0.104283 2.62977 
1.00054 0.584549 -0.000863729 2.67475 
1.00139 0.589036 0.00112026 2.67812 
0.999944 0.591118 -0.00034704 2.67462 
1.00059 0.590563 1.61307e-05 2.67634 
1.00371 0.584989 0.00150162 2.68348 
1.00309 0.585645 -0.00457402 2.6819 
1.00013 0.590116 -0.00126233 2.67486 
1.00075 0.590235 0.000769266 2.67667 
0.999546 0.585219 -7.893e-05 2.67226 
1.00096 0.589901 3.22535e-05 2.67717 
1.00041 0.590364 -0.00078298 2.6757 
1.00115 0.589553 0.000241119 2.67761 
0.957351 0.649443 -0.103791 2.57854 
0.999895 0.590689 -0.000518303 2.67428 
1.0007 0.590367 0.000157383 2.67658 
0.911556 0.707892 0.023038 2.47122 
1.0087 0.573075 0.0566069 2.69482 
1.00295 0.586855 0.0163356 2.68216 
1.01724 0.55649 0.0236295 2.71314 
0.970177 0.636538 -0.0609203 2.6074 
1.00054 0.590618 0.000549057 2.67622 
0.999883 0.590801 -0.000699162 2.67429 
1.00344 0.583971 -0.00974946 2.68236 
0.967494 0.633797 0.0777542 2.59767 
1.00098 0.589843 -0.00449514 2.67756 
1.0019 0.58946 -0.0187228 2.68057 
1.00285 0.586265 0.00521591 2.68137 
0.998053 0.59347 -0.0124381 2.66987 
0.935925 0.681742 0.0567259 2.52876 
1.00053 0.589653 -0.00181564 2.67595 
1.00147 0.589274 0.00340779 2.67851 
1.00009 0.591316 0.000304329 2.67514 
0.999754 0.592142 -0.00045461 2.67453 
1.00003 0.590507 -0.000661266 2.67466 
1.001 0.589707 0.000860052 2.6772 
0.974923 0.625598 0.0704324 2.61592 
0.962889 0.648787 -0.0488347 2.59126 
0.936882 0.6762 -0.0755708 2.5289 
0.997157 0.596785 -0.00479041 2.6687 
0.99244 0.60048 0.0519025 2.65665 
0.927131 0.68479 -0.0214145 2.502 
1.00086 0.590067 3.92507e-05 2.67695 
1.00076 0.590239 7.75847e-05 2.67672 
0.999215 0.585721 -4.29768e-05 2.6715 
0.999635 0.588342 -0.000645511 2.67329 
0.992612 0.605265 0.0165154 2.6589 
0.996782 0.597599 0.0157687 2.66804 
0.99869 0.594053 0.00832988 2.67212 
0.981893 0.620881 0.0135361 2.63331 
0.977846 0.629619 0.00195729 2.62569 
0.972634 0.638814 0.00572342 2.61487 
1.02148 0.546881 -0.0386599 2.72571 
1.0122 0.552957 -0.0539619 2.69783 
1.00502 0.577211 -0.0479018 2.68492 
0.984633 0.617846 0.00771184 2.64031 
0.984043 0.618388 0.00324397 2.63865 
0.982755 0.619371 -0.00599428 2.63514 
0.999951 0.590591 -0.000487427 2.67444 
0.999959 0.590621 -0.000409957 2.67448 
1.00001 0.590816 -0.000438744 2.67475 
1.00073 0.590283 0.000146673 2.67664 
1.00076 0.590197 0.000260043 2.6767 
1.00083 0.590101 0.000264093 2.67686 
1.00061 0.590208 -0.011969 2.67658 
1.00168 0.589323 -0.00810376 2.67963 
1.00227 0.585725 -0.0075635 2.6795 
1.00167 0.588972 0.00615226 2.67903 
1.00199 0.587771 0.00890663 2.6794 
1.00319 0.585628 0.00842546 2.68213 
0.980218 0.621848 -0.0452169 2.62982 
0.985323 0.613595 -0.0415736 2.6412 
0.992152 0.602847 -0.0469559 2.65719 
0.986997 0.614042 -0.0115708 2.64577 
0.988201 0.61159 -0.00782807 2.64814 
0.990948 0.608098 -0.00958425 2.65505 
0.993403 0.603029 0.0031912 2.65997 
0.990659 0.607952 0.00294933 2.65393 
0.989079 0.610516 0.00818109 2.65035 
0.988018 0.613182 -0.0254758 2.64892 
0.992877 0.601832 -0.0277023 2.65818 
0.99539 0.595057 -0.0346071 2.66289 
0.99537 0.599276 0.00359643 2.66421 
0.995284 0.599023 0.00707891 2.66379 
0.997186 0.59565 0.00695456 2.66808 
0.978367 0.624654 -0.0596544 2.62626 
0.986765 0.60829 -0.0625505 2.64347 
0.986711 0.601398 -0.0711488 2.6395 
0.99831 0.593605 0.0227241 2.67084 
0.994203 0.601077 0.0249942 2.66172 
0.992319 0.606714 0.0337638 2.65928 
1.0028 0.586377 -0.0535774 2.68263 
1.005 0.57631 -0.0689271 2.68554 
1.00001 0.585628 -0.0803724 2.67538 
0.999587 0.593029 -0.000107308 2.67445 
0.999786 0.592644 -8.27496e-05 2.67489 
0.999755 0.592242 -0.00021118 2.67458 
1.00053 0.59062 -4.8416e-06 2.67617 
1.00044 0.59076 0.000179691 2.67596 
1.00048 0.590691 0.000262636 2.67606 
1.007 0.578967 0.00219997 2.69095 
1.00546 0.581841 0.00293514 2.6875 
1.00482 0.582929 0.00487896 2.68597 
1.00325 0.578161 -0.00144645 2.68081 
1.00387 0.577816 -0.00268381 2.68229 
1.00412 0.58305 -0.00514757 2.6843 
0.947863 0.644509 -0.147583 2.55332 
0.934739 0.669781 -0.125804 2.52596 
0.939416 0.668994 -0.105858 2.53584 
0.982544 0.617571 0.0478047 2.63441 
0.973985 0.632956 0.0458954 2.61611 
0.971408 0.63873 0.0529872 2.61216 
0.857721 0.74063 0.0422614 2.33899 
0.884309 0.732249 0.0518485 2.41119 
0.908166 0.709359 0.0398887 2.46318 
0.999961 0.585204 -0.000128419 2.67338 
1.00003 0.585788 -0.000499915 2.67366 
1.00038 0.58937 -0.000889856 2.67543 
1.00165 0.588661 0.000375903 2.67876 
1.00144 0.589063 0.00050064 2.6783 
1.00134 0.589251 0.000848353 2.67806 
0.908467 0.693211 0.12913 2.45979 
0.93629 0.670162 0.136393 2.53084 
0.945418 0.662491 0.118309 2.55103 
0.988901 0.611215 -0.00129221 2.6501 
0.990996 0.607894 -0.00314678 2.65497 
0.991464 0.605708 -0.00569173 2.65525 
1.00138 0.589081 0.0248949 2.6784 
1.00044 0.588953 0.0375414 2.67566 
1.00357 0.583178 0.0413253 2.68281 
0.998964 0.593489 -0.00203036 2.67273 
0.999324 0.593004 -0.00130729 2.67363 
0.999488 0.592333 -0.00137746 2.67378 
0.997122 0.597593 -0.000730426 2.66898 
0.997896 0.595697 -0.000981526 2.67043 
0.997857 0.595221 -0.00246412 2.67007 
0.963227 0.647602 -0.00756329 2.59023 
0.968973 0.640674 -0.017355 2.60425 
0.968469 0.636473 -0.0302408 2.60026 
0.999416 0.592629 0.000494539 2.67366 
0.998527 0.593934 0.00163899 2.67149 
0.998729 0.594071 0.00295779 2.67224 
0.958653 0.653483 -0.00175845 2.57939 
0.954485 0.659251 -0.0248248 2.57064 
0.949608 0.671785 -0.0276527 2.564 
1.00039 0.590028 -0.00549213 2.67556 
0.999404 0.590875 -0.0071356 2.67276 
0.998736 0.593442 -0.00540066 2.67198 
0.999859 0.591698 0.000752014 2.67459 
0.999824 0.591811 0.00158543 2.67454 
1.00015 0.591197 0.00173351 2.67526 
0.999512 0.591836 0.0120276 2.6736 
1.00018 0.59148 0.00654839 2.67552 
0.999085 0.592311 0.00513665 2.67239 
1.02327 0.548513 0.0594996 2.73076 
1.01882 0.550097 0.0461505 2.7158 
1.01221 0.564827 0.0475914 2.70166 
0.990516 0.598953 0.13541 2.6576 
0.998774 0.578893 0.114295 2.67022 
0.995332 0.590939 0.101476 2.66445 
1.01083 0.555742 -0.112321 2.70101 
0.997995 0.572994 -0.119639 2.66802 
0.990988 0.59327 -0.104239 2.65238 
0.984951 0.616917 0.0232791 2.641 
0.980328 0.623321 0.032485 2.63027 
0.983166 0.618771 0.0390391 2.63686 
1.00223 0.586347 0.0197094 2.67954 
1.00502 0.582556 0.0234238 2.68667 
1.00656 0.578254 0.0218465 2.68934 
0.931057 0.685256 -0.0852741 2.51845 
0.911608 0.702874 -0.080642 2.47202 
0.906919 0.71017 -0.0583631 2.46113 
0.956921 0.655672 0.0153941 2.5754 
0.946697 0.671005 0.0108837 2.55354 
0.934069 0.683151 0.0204554 2.52273 
1.00846 0.576167 0.00500159 2.69429 
1.00702 0.578458 0.0076307 2.69079 
1.00793 0.577232 0.011083 2.69315 
1.013 0.5561 -0.0261506 2.7014 
1.01046 0.570627 -0.0300991 2.699 
1.00752 0.574708 -0.0226481 2.69086 
1.00925 0.566306 -0.00639288 2.69477 
1.01038 0.563845 -0.0105942 2.69662 
1.01017 0.572065 -0.0147969 2.69859 
1.00061 0.582033 -0.000772256 2.67456 
1.00124 0.582426 -0.000936765 2.67621 
1.00174 0.586776 -0.00171468 2.67871 
1.00485 0.582694 -0.00722945 2.68609 
1.00644 0.57863 -0.00787161 2.68954 
1.00675 0.578209 -0.0110792 2.69018 
0.999822 0.590147 -0.00371902 2.6737 
0.999561 0.591683 -0.00310489 2.67368 
0.9996 0.591616 -0.00202714 2.67375 
1.00314 0.586022 0.000542306 2.68218 
1.00264 0.586962 0.000870162 2.68105 
1.00245 0.587275 0.00154214 2.68061 
0.956657 0.653887 0.0549634 2.57485 
0.949763 0.662567 0.037262 2.55812 
0.939569 0.677534 0.0409148 2.53632 
0.995927 0.596719 -0.0168772 2.66485 
0.993135 0.602845 -0.0171766 2.65924 
0.992205 0.60394 -0.0126308 2.65672 
0.999707 0.592451 0.00416089 2.67453 
1.00022 0.591054 0.0037928 2.6754 
1.00043 0.590791 0.00220061 2.67593 
0.919926 0.695583 0.0553975 2.48913 
0.918742 0.696262 0.0804306 2.48838 
0.933624 0.676576 0.100818 2.52195 
1.01673 0.561609 0.0113945 2.71387 
1.01276 0.567417 0.0105451 2.70384 
1.01007 0.571747 0.0140893 2.69724 
0.869429 0.730409 -0.0623606 2.36693 
0.871878 0.737204 -0.0467405 2.3788 
0.889521 0.7248 -0.0411266 2.41975 
1.0003 0.589975 -0.00164132 2.67531 
1.00013 0.590282 -0.0020002 2.67486 
0.999942 0.590925 -0.00162102 2.67454 
1.00093 0.58973 0.00300546 2.67698 
1.00091 0.589956 0.00199686 2.67704 
1.00061 0.590346 0.00175749 2.6763 
0.967074 0.625055 0.140298 2.59858 
0.972297 0.62417 0.120135 2.61174 
0.960041 0.64043 0.114578 2.58217 
1.00075 0.589832 -0.0010614 2.67657 
1.00099 0.588259 -0.000989292 2.67678 
1.00116 0.588061 -0.00147227 2.67721 
1.00189 0.588285 0.000632216 2.67932 
1.00172 0.588574 0.00106395 2.67895 
1.00193 0.588122 0.00149881 2.67935 
0.999969 0.592177 -0.000139838 2.67523 
0.99995 0.591674 -0.000221516 2.67491 
0.999885 0.591752 -0.000249469 2.67474 
1.00066 0.590435 9.24292e-05 2.67651 
1.00058 0.590539 7.17191e-05 2.67631 
1.00055 0.590574 0.000174959 2.67622 
1.00399 0.584757 0.00454931 2.68429 
1.00338 0.585393 0.00266925 2.68262 
1.00283 0.586753 0.00274203 2.68155 
1.00232 0.580519 -0.00137395 2.67874 
1.00273 0.585187 -0.00299496 2.68104 
1.00196 0.587123 -0.00264706 2.67921 
0.999942 0.590498 -0.000867307 2.67437 
0.999992 0.590495 -0.00109306 2.67452 
0.999857 0.590967 -0.00122404 2.67426 
1.00098 0.589786 0.00115639 2.6772 
1.00077 0.590163 0.00114902 2.67669 
1.00064 0.590409 0.00129713 2.67642 
0.999531 0.585811 6.70207e-05 2.67239 
0.999554 0.586074 -0.000241665 2.67247 
1.00005 0.589361 -0.000199132 2.67458 
1.00109 0.589698 1.14967e-05 2.67749 
1.00099 0.589821 0.000113072 2.67724 
1.00093 0.589947 0.000173243 2.67712 
0.999763 0.585931 -0.000133302 2.67302 
1.00015 0.5892 -0.000563909 2.67482 
1 0.590034 -0.000358961 2.67458 
1.00115 0.589524 0.000750795 2.67759 
1.00106 0.589708 0.000397146 2.6774 
1.00097 0.589902 0.000320871 2.67723 
0.969093 0.619973 -0.133763 2.60315 
0.967223 0.630076 -0.111671 2.59867 
0.982135 0.617337 -0.102247 2.63734 
0.99989 0.59073 -0.000381845 2.67428 
0.999886 0.590917 -0.000428064 2.67434 
0.999852 0.591452 -0.000440975 2.67448 
1.00068 0.590379 0.00041183 2.67653 
1.00066 0.590423 0.000285404 2.6765 
1.00059 0.590515 0.000324916 2.67633 
0.875209 0.739684 0.00594455 2.38931 
0.896071 0.722577 0.00269018 2.43641 
0.899901 0.720165 -0.0146438 2.4457 
1.01366 0.555405 0.0814004 2.70353 
1.00742 0.570628 0.0750373 2.69059 
0.999582 0.584235 0.0828359 2.67272 
1.00453 0.583249 0.00946417 2.68525 
1.00457 0.583294 0.0139776 2.68546 
1.00639 0.580321 0.0149241 2.6898 
1.01219 0.569666 0.0361928 2.70372 
1.01259 0.565078 0.0280222 2.70229 
1.01102 0.571831 0.0219535 2.70062 
0.960213 0.644387 -0.0839043 2.58199 
0.970032 0.63124 -0.0791763 2.60463 
0.979316 0.61875 -0.086382 2.62727 
1.00064 0.590409 0.000665426 2.67642 
1.00056 0.590521 0.000715241 2.67622 
1.00055 0.590571 0.00109871 2.67622 
0.999821 0.591691 -0.000520114 2.67451 
0.999835 0.591292 -0.000692926 2.67435 
0.99978 0.591445 -0.000895482 2.67425 
1.00115 0.589734 -0.0154452 2.67818 
1.00272 0.584799 -0.0134353 2.68051 
1.00444 0.581265 -0.0152191 2.68423 
0.982369 0.617107 0.0897331 2.63651 
0.970283 0.633181 0.0879216 2.60723 
0.962779 0.645161 0.0954699 2.59173 
1.00251 0.585781 -0.005534 2.68027 
1.00146 0.587139 -0.00438081 2.67756 
1.00173 0.58707 -0.00319745 2.67843 
1.00338 0.583891 -0.029629 2.68253 
1.00343 0.583967 -0.0231871 2.68262 
1.00524 0.580188 -0.0209679 2.68636 
1.00153 0.588671 0.00416727 2.67838 
1.00236 0.587466 0.00419265 2.68041 
1.0023 0.587207 0.00325927 2.68007 
0.997803 0.595345 -0.00642015 2.67001 
0.997091 0.596073 -0.00913607 2.66812 
0.995322 0.599594 -0.00998206 2.66437 
0.958032 0.648497 0.0726414 2.57647 
0.946653 0.665706 0.0771155 2.55235 
0.948127 0.666662 0.0882183 2.55909 
1.00063 0.590574 -0.00335087 2.67683 
1.00082 0.589282 -0.0026419 2.67667 
1.00106 0.587741 -0.00240218 2.67656 
1.00137 0.589104 0.00171571 2.67807 
1.00152 0.588747 0.00261994 2.67837 
1.0019 0.588033 0.00255251 2.67921 
1.00042 0.590742 0.000455571 2.67589 
1.00032 0.590997 0.000587827 2.67572 
1.00032 0.590993 0.0009602 2.67571 
0.999482 0.59313 -0.000395083 2.67417 
0.999545 0.592468 -0.000598035 2.67403 
0.999615 0.592119 -0.000962029 2.67408 
1.00025 0.590329 -0.00077168 2.67528 
1.00008 0.590583 -0.000652091 2.67485 
1 0.59054 -0.000489505 2.67469 
1.00081 0.590093 0.000635295 2.67679 
1.00092 0.589918 0.000604522 2.67706 
1.00089 0.589959 0.000377966 2.67699 
0.986016 0.609755 0.0564178 2.64134 
0.982536 0.614903 0.0695185 2.63406 
0.984474 0.611255 0.0782469 2.6388 
0.943967 0.670518 -0.0438276 2.54554 
0.951122 0.66012 -0.0538844 2.56152 
0.949245 0.659777 -0.0685863 2.55599 
0.933586 0.675523 -0.0400634 2.51605 
0.931281 0.683648 -0.0544571 2.5153 
0.920711 0.698953 -0.0492384 2.49379 
0.996333 0.59904 -0.00223307 2.66726 
0.996312 0.598577 -0.00468918 2.66697 
0.994988 0.600359 -0.00565545 2.66368 
1.00401 0.58228 0.0527005 2.68432 
0.997496 0.593176 0.0577771 2.66925 
0.994996 0.597827 0.0716406 2.66477 
0.918955 0.698522 0.00829177 2.48658 
0.918893 0.697396 -0.00992023 2.48552 
0.913114 0.704985 -0.0200462 2.47342 
1.00089 0.589984 7.31368e-05 2.677 
1.00088 0.590041 6.09934e-05 2.67699 
1.0009 0.590048 0.000138502 2.67707 
1.00084 0.590098 1.90048e-05 2.6769 
1.00083 0.590141 6.86335e-05 2.67689 
1.00084 0.590099 0.000137393 2.67691 
0.999052 0.58557 -0.000171399 2.67108 
0.999414 0.586598 -0.000136141 2.67221 
0.999754 0.589259 -0.000124312 2.67372 
0.999954 0.590881 -5.9889e-05 2.67458 
1.00006 0.590588 -0.000258165 2.6749 
0.999878 0.590341 -0.000332216 2.67433 
