0.998213 0.594497 0.0174932 2.67094 
0.97783 0.627535 -0.00900094 2.62431 
1.01885 0.549754 -0.0761746 2.7202 
0.986793 0.614671 0.000669742 2.64534 
0.999953 0.590853 -0.000300578 2.67461 
1.00049 0.590713 0.000387233 2.6761 
1.00042 0.590981 -0.00586166 2.67634 
1.00176 0.588842 0.0137221 2.67934 
0.982689 0.62017 -0.028267 2.63597 
0.987235 0.613413 -0.00165698 2.646 
0.98868 0.610834 0.0026621 2.64916 
0.997417 0.595001 -0.0220012 2.66899 
0.992329 0.604896 0.0127806 2.65764 
0.994699 0.596914 -0.053323 2.66235 
0.989224 0.608117 0.0204048 2.64954 
1.01108 0.555176 -0.0838854 2.69745 
0.99993 0.592386 -0.000104588 2.6752 
1.00003 0.591632 9.69775e-05 2.67512 
1.00437 0.583895 0.000924391 2.68502 
1.00536 0.574797 -0.00313584 2.68605 
0.901882 0.697758 -0.110986 2.44312 
0.965603 0.642963 0.03098 2.59511 
0.870625 0.729946 0.085354 2.37064 
1.00029 0.585109 -0.000662918 2.67452 
1.00106 0.589756 0.000200193 2.67742 
0.951025 0.643279 0.156649 2.56079 
0.992569 0.603731 -0.00278334 2.65762 
0.99581 0.597898 0.0428243 2.66579 
0.99937 0.593297 -0.000539194 2.6739 
0.998787 0.594139 -0.00076586 2.67245 
0.976867 0.630727 -0.0179978 2.62331 
0.997098 0.596951 0.0013707 2.66854 
0.960931 0.64899 -0.0386186 2.58471 
0.999558 0.591311 -0.0107524 2.6736 
0.99915 0.592752 0.00296608 2.67286 
1.00048 0.590111 0.00599228 2.67575 
1.02208 0.55154 0.0286358 2.72687 
1.01443 0.560221 0.105455 2.71124 
0.985814 0.592133 -0.138262 2.64144 
0.973754 0.633443 0.0275662 2.61503 
1.00544 0.5802 0.032677 2.68702 
0.896299 0.718024 -0.085284 2.4386 
0.941308 0.676062 -0.006382 2.54018 
1.00524 0.582303 0.00697714 2.68705 
1.00523 0.579055 -0.0391143 2.68575 
1.01505 0.556507 -0.0139514 2.70888 
1.00153 0.581158 -0.00072642 2.677 
1.00606 0.573427 -0.00533776 2.68723 
0.998723 0.593265 -0.00386485 2.67181 
1.00197 0.588066 0.000416568 2.67948 
0.956787 0.652959 0.023623 2.57336 
0.987115 0.610654 -0.019421 2.6442 
1.00049 0.590604 0.0041425 2.67605 
0.90027 0.715526 0.0951666 2.44891 
1.01092 0.572198 0.00394679 2.70021 
0.851176 0.745674 -0.0206168 2.32442 
1.00023 0.590507 -0.00278926 2.67534 
1.00083 0.590069 0.00163969 2.67686 
0.981026 0.610083 0.104281 2.62922 
1.00048 0.585265 -0.000854396 2.67498 
1.00114 0.589545 0.00110708 2.67756 
0.999948 0.591179 -0.000280128 2.67467 
1.00031 0.591065 1.2506e-05 2.67571 
1.00347 0.585448 0.00148815 2.68295 
1.00289 0.586372 -0.00460804 2.68165 
1.00014 0.590474 -0.0012609 2.67509 
1.0005 0.590729 0.000757354 2.67614 
0.999582 0.585786 -6.40449e-05 2.67272 
1.00068 0.590401 3.40154e-05 2.67656 
1.00042 0.59087 -0.00075289 2.67606 
1.00088 0.590047 0.000239311 2.67701 
0.957186 0.650217 -0.103902 2.57855 
0.999926 0.590878 -0.000473219 2.67449 
1.00042 0.590872 0.000156912 2.67596 
0.911873 0.708499 0.0229353 2.47266 
1.00846 0.573632 0.056558 2.69433 
1.00272 0.587335 0.0162644 2.68168 
1.01704 0.557023 0.0236061 2.71277 
0.969987 0.637113 -0.0609694 2.60717 
1.0003 0.591113 0.000538754 2.6757 
0.999911 0.590959 -0.000685133 2.67447 
1.00319 0.584576 -0.00980193 2.68187 
0.967239 0.634407 0.0775723 2.59723 
1.00083 0.59028 -0.00455982 2.67731 
1.0016 0.589882 -0.0187787 2.67982 
1.00262 0.586758 0.00517118 2.68089 
0.997783 0.593754 -0.012543 2.66914 
0.935939 0.682396 0.0565465 2.52927 
1.00049 0.590121 -0.00183387 2.6761 
1.00122 0.589778 0.00336941 2.67799 
0.99987 0.591793 0.000302708 2.67468 
0.999777 0.592011 -0.000489997 2.67453 
1.00006 0.59082 -0.000625765 2.67495 
1.00074 0.590207 0.0008459 2.67665 
0.974661 0.626142 0.0702337 2.6154 
0.962731 0.649309 -0.0488727 2.59111 
0.93682 0.676901 -0.0755909 2.52921 
0.996951 0.596981 -0.00489149 2.66814 
0.992158 0.60096 0.0517626 2.656 
0.927297 0.68525 -0.0214048 2.50286 
1.00058 0.590575 4.10308e-05 2.67631 
1.00048 0.590748 7.7357e-05 2.67608 
0.999248 0.586195 -2.50679e-05 2.6719 
0.999638 0.588767 -0.000635714 2.67356 
0.992333 0.605719 0.0164529 2.65826 
0.996522 0.598069 0.0157133 2.66746 
0.998437 0.594525 0.0082891 2.67156 
0.981611 0.621258 0.0134233 2.63263 
0.97759 0.629935 0.00185105 2.62506 
0.97242 0.639112 0.00558275 2.61437 
1.02126 0.547756 -0.0387256 2.72543 
1.01196 0.553811 -0.054027 2.69752 
1.00475 0.577986 -0.0479444 2.68449 
0.984337 0.618259 0.00763157 2.6396 
0.983744 0.618791 0.00318348 2.63792 
0.982469 0.61973 -0.00604078 2.63443 
0.999983 0.590858 -0.000436854 2.67471 
0.999988 0.59091 -0.00035703 2.67475 
1.00004 0.591184 -0.000389578 2.67506 
1.00045 0.59079 0.000144809 2.67601 
1.00049 0.5907 0.000256635 2.6761 
1.00056 0.590602 0.000260685 2.67626 
1.00036 0.590587 -0.012052 2.67596 
1.00146 0.58975 -0.00818202 2.67913 
1.00204 0.586258 -0.00762179 2.67907 
1.00144 0.589475 0.00610444 2.67854 
1.00176 0.588272 0.00885028 2.67891 
1.00296 0.58612 0.00837145 2.68166 
0.979984 0.622283 -0.0452518 2.62933 
0.985062 0.614003 -0.0416211 2.64059 
0.991874 0.603367 -0.0469907 2.65659 
0.986687 0.614408 -0.011613 2.64498 
0.987883 0.611987 -0.0078654 2.64734 
0.990636 0.608472 -0.00963406 2.65425 
0.993119 0.603519 0.0031791 2.65933 
0.990359 0.608432 0.00293363 2.65323 
0.988783 0.610976 0.00814284 2.64966 
0.987725 0.613451 -0.0255285 2.64813 
0.992586 0.602174 -0.0277435 2.65743 
0.995102 0.595553 -0.0346489 2.66223 
0.995101 0.599766 0.00358151 2.66362 
0.995015 0.599507 0.00704832 2.66319 
0.996932 0.596132 0.00692543 2.66752 
0.978145 0.62522 -0.0597005 2.6259 
0.986521 0.608952 -0.0625955 2.64308 
0.986481 0.60211 -0.0712006 2.63919 
0.998052 0.594083 0.0226407 2.67026 
0.99393 0.601538 0.0248895 2.66109 
0.992046 0.607167 0.033635 2.65865 
1.00253 0.587116 -0.0536371 2.68218 
1.00477 0.577093 -0.0690007 2.68523 
0.999791 0.586394 -0.0804598 2.67511 
0.999596 0.592879 -0.000114226 2.67439 
0.999806 0.592454 -9.47381e-05 2.67484 
0.999771 0.59206 -0.000228323 2.67453 
1.00026 0.591117 -3.71143e-06 2.67558 
1.00019 0.591249 0.000177549 2.67542 
1.00023 0.591182 0.000257755 2.67552 
1.00678 0.579423 0.00218266 2.69051 
1.00524 0.582295 0.00291265 2.68702 
1.00459 0.583405 0.00484004 2.68551 
1.00304 0.579014 -0.00145765 2.6806 
1.00363 0.578669 -0.00269593 2.682 
1.00389 0.583835 -0.00517217 2.68398 
0.947672 0.645429 -0.147788 2.55337 
0.934581 0.670659 -0.125973 2.52612 
0.939279 0.6698 -0.105986 2.536 
0.982266 0.618019 0.0476125 2.63377 
0.973746 0.63338 0.0456468 2.6156 
0.971182 0.639218 0.0527518 2.61174 
0.858225 0.741286 0.0422241 2.34103 
0.884661 0.732923 0.0518008 2.4128 
0.908438 0.710005 0.0397852 2.46452 
0.999971 0.585832 -0.000116207 2.67379 
1.00002 0.586427 -0.000480375 2.67404 
1.00038 0.589925 -0.000868202 2.67575 
1.00139 0.589148 0.000373748 2.67816 
1.00118 0.589554 0.000496098 2.67771 
1.00108 0.589758 0.000838217 2.67749 
0.908313 0.694004 0.129227 2.45993 
0.936051 0.670955 0.136508 2.53067 
0.945192 0.663284 0.118335 2.55088 
0.988573 0.611646 -0.00129542 2.64928 
0.990681 0.608288 -0.0031669 2.65418 
0.991153 0.606063 -0.00572392 2.65444 
1.00114 0.589553 0.0248107 2.67786 
1.00019 0.58942 0.0374454 2.67511 
1.00332 0.583657 0.0412311 2.68227 
0.99885 0.593555 -0.00211393 2.67239 
0.999261 0.59299 -0.00138058 2.67341 
0.999444 0.592304 -0.00146364 2.67362 
0.996927 0.597817 -0.000732434 2.66847 
0.997749 0.595823 -0.00102591 2.67002 
0.997695 0.595339 -0.0025441 2.6696 
0.963086 0.647878 -0.00766604 2.58996 
0.968796 0.640931 -0.017428 2.60385 
0.968294 0.636808 -0.0302765 2.59992 
0.999187 0.593112 0.000490162 2.67319 
0.998288 0.59442 0.00163208 2.67098 
0.998487 0.594556 0.00294047 2.67172 
0.958555 0.65381 -0.00189375 2.5793 
0.954429 0.659655 -0.0248515 2.57074 
0.949594 0.672234 -0.027673 2.56427 
1.00021 0.59031 -0.00560872 2.67515 
0.999199 0.591133 -0.00725392 2.67223 
0.998551 0.59364 -0.00552792 2.67149 
0.999633 0.592177 0.000749266 2.67412 
0.999594 0.592294 0.001573 2.67406 
0.99992 0.591683 0.00171656 2.67478 
0.999271 0.592322 0.0119749 2.67308 
0.999935 0.591963 0.00650196 2.67501 
0.998843 0.592788 0.00510185 2.67187 
1.02307 0.549139 0.0595259 2.73042 
1.01861 0.55068 0.046149 2.71542 
1.01199 0.565375 0.0475519 2.70122 
0.990232 0.59972 0.135542 2.65714 
0.998501 0.579616 0.114394 2.66975 
0.995046 0.591632 0.101503 2.66392 
1.01066 0.556666 -0.112488 2.70097 
0.997809 0.573896 -0.119813 2.66794 
0.990783 0.594078 -0.104351 2.6522 
0.98467 0.617324 0.0231476 2.64033 
0.980062 0.623731 0.0323033 2.62966 
0.98289 0.619216 0.0388557 2.63623 
1.002 0.586825 0.0196247 2.67904 
1.00479 0.583026 0.023335 2.68618 
1.00634 0.578727 0.0217672 2.6889 
0.930964 0.68602 -0.0853494 2.51873 
0.911597 0.703657 -0.0807095 2.4726 
0.907027 0.710899 -0.0583655 2.46203 
0.956854 0.656012 0.015195 2.57542 
0.946753 0.671421 0.0107411 2.55401 
0.934209 0.683613 0.0203083 2.5235 
1.00826 0.576629 0.00497492 2.69387 
1.00682 0.578931 0.00758344 2.69037 
1.00772 0.577707 0.0110237 2.69273 
1.01274 0.556976 -0.0261813 2.70102 
1.01019 0.57145 -0.0301282 2.69853 
1.00724 0.575509 -0.0226729 2.69038 
1.00898 0.567198 -0.00640108 2.69437 
1.01011 0.564731 -0.0106056 2.6962 
1.0099 0.572925 -0.014816 2.69815 
1.00053 0.582816 -0.000774206 2.67475 
1.00112 0.583211 -0.000949738 2.67629 
1.00163 0.587509 -0.00173311 2.67877 
1.0046 0.583446 -0.00725704 2.68569 
1.00618 0.579463 -0.00789675 2.68914 
1.00647 0.579012 -0.0111054 2.6897 
0.999703 0.590371 -0.00383731 2.67344 
0.999459 0.591821 -0.00322452 2.67343 
0.99954 0.591685 -0.00213204 2.67359 
1.0029 0.58648 0.000536491 2.68163 
1.00239 0.587432 0.000863125 2.68048 
1.0022 0.587764 0.00152706 2.68006 
0.956494 0.6544 0.0547278 2.57467 
0.949685 0.663015 0.0370531 2.55818 
0.939595 0.678024 0.0407105 2.53675 
0.99564 0.597026 -0.0169617 2.66408 
0.992833 0.603146 -0.0172468 2.65843 
0.991906 0.604272 -0.0127051 2.65593 
0.999468 0.592926 0.00412899 2.67402 
0.999981 0.591538 0.00375801 2.6749 
1.00019 0.591278 0.00217436 2.67544 
0.920033 0.696255 0.0552561 2.48997 
0.918723 0.697001 0.0803614 2.48888 
0.933476 0.677335 0.100791 2.52204 
1.01654 0.562124 0.0113802 2.71352 
1.01257 0.567906 0.0105168 2.70346 
1.00987 0.572235 0.014037 2.69686 
0.869509 0.731186 -0.0624028 2.36783 
0.872161 0.73793 -0.0467337 2.38025 
0.889803 0.725501 -0.0411034 2.42116 
1.00027 0.590352 -0.00166569 2.67543 
1.00008 0.59058 -0.00205335 2.67488 
0.999912 0.591088 -0.00168355 2.67453 
1.00069 0.590224 0.00296874 2.67647 
1.00066 0.59045 0.00196799 2.67653 
1.00038 0.590836 0.00173348 2.6758 
0.966748 0.625843 0.140437 2.59806 
0.971992 0.624941 0.12018 2.61125 
0.959765 0.641196 0.114585 2.5818 
1.00073 0.590374 -0.00105458 2.67682 
1.00094 0.588889 -0.000984498 2.67698 
1.00108 0.588697 -0.00147349 2.67731 
1.00162 0.588768 0.000628171 2.67873 
1.00146 0.589073 0.00105209 2.67838 
1.00167 0.588621 0.00148221 2.6788 
0.999984 0.592 -0.000121111 2.67518 
0.999959 0.591591 -0.000184119 2.67489 
0.999907 0.591663 -0.000219595 2.67476 
1.00038 0.590941 9.10836e-05 2.67588 
1.00031 0.59104 6.99341e-05 2.6757 
1.00029 0.591069 0.000168864 2.67564 
1.00376 0.585242 0.00451123 2.6838 
1.00315 0.585875 0.00264457 2.68211 
1.00258 0.587246 0.00271716 2.68102 
1.00214 0.581344 -0.00138393 2.67862 
1.00255 0.585956 -0.00301886 2.68089 
1.00181 0.58783 -0.00266941 2.67914 
0.999966 0.590745 -0.000851939 2.67459 
0.999999 0.59075 -0.00109866 2.6747 
0.999853 0.591112 -0.00126975 2.67433 
1.00074 0.590283 0.00113752 2.67666 
1.00052 0.590656 0.00113117 2.67617 
1.0004 0.590899 0.00127849 2.67592 
0.999569 0.586319 7.90452e-05 2.67282 
0.999596 0.5866 -0.000219132 2.67293 
1.00008 0.589845 -0.000170278 2.67499 
1.00082 0.59019 1.1804e-05 2.67688 
1.00072 0.590319 0.000114029 2.67664 
1.00066 0.59045 0.000174058 2.67652 
0.999792 0.586517 -0.000117718 2.67347 
1.00018 0.589724 -0.000533598 2.67523 
1.00004 0.590514 -0.000327756 2.675 
1.00089 0.590032 0.000740242 2.67702 
1.0008 0.590212 0.00039431 2.67682 
1.00071 0.590407 0.000318604 2.67665 
0.968905 0.620874 -0.133962 2.60314 
0.967035 0.630879 -0.111817 2.59861 
0.981933 0.618102 -0.102353 2.63718 
0.999908 0.59092 -0.000326377 2.67445 
0.999914 0.591058 -0.000385821 2.67452 
0.999883 0.591464 -0.00041868 2.67459 
1.00042 0.590878 0.000407241 2.67597 
1.0004 0.590923 0.000281379 2.67592 
1.00034 0.591014 0.000317639 2.67577 
0.875699 0.740354 0.0059159 2.39133 
0.896494 0.723209 0.00266078 2.4382 
0.900259 0.720802 -0.0146389 2.4473 
1.01342 0.556058 0.0814498 2.70311 
1.00717 0.571242 0.0750375 2.69011 
0.999311 0.584871 0.0828214 2.67219 
1.00431 0.583733 0.00940642 2.68479 
1.00435 0.58377 0.0139089 2.685 
1.00617 0.58079 0.0148506 2.68936 
1.01198 0.570179 0.0361296 2.70328 
1.01239 0.565592 0.0279691 2.7019 
1.01081 0.572321 0.021887 2.7002 
0.960054 0.645083 -0.0839649 2.58196 
0.96985 0.631915 -0.0792368 2.60449 
0.979099 0.619479 -0.0864567 2.62703 
1.00039 0.590903 0.000654879 2.67589 
1.00032 0.591016 0.000704636 2.67571 
1.00031 0.591064 0.00108443 2.67573 
0.999845 0.591649 -0.000533947 2.67456 
0.999861 0.591338 -0.000706219 2.67446 
0.999789 0.591477 -0.000940469 2.67431 
1.00087 0.590162 -0.0155051 2.67752 
1.00245 0.585367 -0.013479 2.67994 
1.00416 0.58193 -0.0152583 2.68369 
0.982075 0.617773 0.0896572 2.63596 
0.970013 0.63386 0.087816 2.60679 
0.96253 0.645877 0.0953993 2.5914 
1.00232 0.586366 -0.00557453 2.67995 
1.0013 0.587667 -0.00441542 2.67734 
1.00159 0.587637 -0.00322192 2.6783 
1.00309 0.584498 -0.0296711 2.68191 
1.00314 0.584538 -0.023229 2.68199 
1.00495 0.580841 -0.021001 2.68576 
1.00129 0.589175 0.0041292 2.67788 
1.00212 0.587968 0.0041557 2.67991 
1.00206 0.587712 0.00322725 2.67955 
0.997586 0.595553 -0.00653843 2.66941 
0.996838 0.596336 -0.00924172 2.66744 
0.995039 0.599893 -0.0100584 2.66361 
0.957841 0.649105 0.0724391 2.57626 
0.946528 0.666374 0.0769445 2.55241 
0.947957 0.667398 0.0881098 2.55905 
1.00053 0.591006 -0.00340812 2.67675 
1.00074 0.589757 -0.00268119 2.67669 
1.00096 0.588271 -0.00242538 2.67656 
1.00111 0.589612 0.00169466 2.67753 
1.00127 0.589259 0.00259064 2.67784 
1.00165 0.588542 0.00252574 2.67867 
1.00018 0.59123 0.000452029 2.67539 
1.00009 0.591479 0.000581354 2.67524 
1.00009 0.591481 0.00094916 2.67523 
0.999483 0.593021 -0.000423058 2.67411 
0.99955 0.592351 -0.000645608 2.67397 
0.999614 0.592051 -0.0010249 2.67404 
1.00027 0.590752 -0.000745491 2.67559 
1.00011 0.590974 -0.000615385 2.67518 
1.00004 0.590969 -0.000444861 2.67507 
1.00055 0.590589 0.000624757 2.67623 
1.00066 0.590417 0.000594921 2.6765 
1.00063 0.59046 0.000373045 2.67641 
0.985735 0.61023 0.0562578 2.6407 
0.982258 0.61544 0.0693692 2.63347 
0.984178 0.611855 0.0781406 2.63819 
0.943948 0.671045 -0.043822 2.54585 
0.951024 0.660691 -0.0539008 2.5616 
0.949137 0.660425 -0.0686125 2.5561 
0.933647 0.676074 -0.0400425 2.51665 
0.931321 0.684292 -0.0544319 2.5159 
0.920835 0.699608 -0.049227 2.49467 
0.99609 0.599317 -0.00226631 2.66662 
0.996068 0.59883 -0.00474689 2.66631 
0.994713 0.600657 -0.00571368 2.66295 
1.00376 0.582795 0.0526166 2.68378 
0.997222 0.593694 0.0576664 2.66864 
0.994715 0.598403 0.0715615 2.66418 
0.919215 0.699043 0.00822069 2.48778 
0.919151 0.697899 -0.00994602 2.4867 
0.913379 0.705571 -0.0200435 2.47469 
1.00061 0.59049 7.63913e-05 2.67638 
1.0006 0.590548 6.13377e-05 2.67637 
1.00062 0.590555 0.000137518 2.67645 
1.00056 0.590607 1.81097e-05 2.67626 
1.00055 0.590648 6.91396e-05 2.67625 
1.00057 0.590604 0.000135662 2.6763 
0.99906 0.586036 -0.000155386 2.6714 
0.999442 0.587064 -0.00012352 2.67258 
0.999788 0.58973 -0.00010651 2.67412 
0.999964 0.591164 -1.69148e-05 2.67478 
1.00008 0.590971 -0.000230531 2.67519 
0.999905 0.590748 -0.000292296 2.67466 
