0.279724 0.157797
-0.655435 0.0348047
0.572032 0.0497446
0.0691165 -0.76232
-0.0355755 -1.00463
0.927198 0.00783044
-1.02461 0.00840168
-0.112482 -0.387817
-0.346224 0.177379
-0.218397 0.116752
0.162242 -0.105287
0.417187 0.128563
0.742476 0.0192283
-0.833154 0.015689
-0.492615 0.0872851
0.0118585 -1.14846
1.12516 0.00252252
-1.22887 0.00545071
-1.44518 0.00457929
1.33554 -5.83176e-05
0.346224 0.177876
-0.572032 0.0541623
0.655435 0.0308969
0.112482 -0.406731
-0.0118585 -1.09723
1.02461 0.00506503
-0.927198 0.0110165
-0.0691165 -0.718641
-0.279724 0.185839
-0.162242 -0.0767279
0.218397 0.0945339
0.492615 0.0798897
0.833154 0.0115132
-0.742476 0.0230625
-0.417187 0.132501
0.0355755 -1.00978
1.22887 0.00202951
-1.12516 0.00651292
-1.33554 0.00486988
1.44518 -0.00108824
