0.998196 0.594527 0.0174962 2.67091 
0.97782 0.627571 -0.00899236 2.62431 
1.01884 0.549798 -0.0761801 2.7202 
0.986784 0.614701 0.000672515 2.64533 
0.999955 0.590877 -0.000304449 2.67463 
1.00049 0.590722 0.000387914 2.6761 
1.00043 0.591005 -0.00586849 2.67638 
1.00174 0.588871 0.0137265 2.67929 
0.982678 0.620206 -0.0282629 2.63596 
0.987228 0.613443 -0.00165494 2.646 
0.988669 0.610861 0.00266303 2.64914 
0.997416 0.595028 -0.0220066 2.669 
0.992315 0.604925 0.0127824 2.65761 
0.994687 0.596953 -0.0533289 2.66234 
0.98921 0.608149 0.0204089 2.64951 
1.01107 0.555221 -0.083891 2.69744 
0.999933 0.592402 -0.000105407 2.67522 
1.00003 0.591643 9.69852e-05 2.67511 
1.00435 0.58392 0.000925974 2.68497 
1.00537 0.574836 -0.00313701 2.6861 
0.901843 0.697809 -0.110993 2.44304 
0.965597 0.64299 0.0309883 2.5951 
0.87062 0.729979 0.0853586 2.37066 
1.0003 0.585159 -0.000665045 2.67458 
1.00105 0.589774 0.000200634 2.67741 
0.951019 0.643307 0.156656 2.56079 
0.99257 0.603764 -0.00278419 2.65764 
0.995795 0.597929 0.0428261 2.66576 
0.999377 0.593322 -0.000541292 2.67394 
0.998795 0.594166 -0.000767174 2.67249 
0.976856 0.630762 -0.0179902 2.6233 
0.997083 0.596972 0.00137186 2.66851 
0.960915 0.649027 -0.0386073 2.58468 
0.999563 0.591334 -0.0107579 2.67363 
0.999137 0.592772 0.00296863 2.67283 
1.00047 0.590136 0.00599657 2.67571 
1.02207 0.551565 0.0286369 2.72683 
1.01442 0.560247 0.10546 2.71122 
0.98579 0.592186 -0.138274 2.64139 
0.973746 0.633471 0.0275741 2.61502 
1.00542 0.58023 0.0326792 2.68697 
0.896267 0.718071 -0.0852866 2.43855 
0.9413 0.676093 -0.00636781 2.54018 
1.00522 0.58233 0.00698154 2.68699 
1.00523 0.579095 -0.0391178 2.68576 
1.01505 0.556546 -0.0139525 2.70891 
1.00154 0.581201 -0.000727739 2.67705 
1.00607 0.573465 -0.0053395 2.68727 
0.99873 0.593291 -0.0038709 2.67185 
1.00196 0.588089 0.00041733 2.67945 
0.956782 0.652986 0.0236324 2.57336 
0.987108 0.610688 -0.0194186 2.6442 
1.00048 0.590626 0.00414645 2.67602 
0.900267 0.715558 0.0951723 2.44893 
1.01089 0.572224 0.00394764 2.70015 
0.851167 0.74571 -0.0206143 2.32443 
1.00023 0.59053 -0.00279668 2.67538 
1.00082 0.590083 0.00164306 2.67683 
0.981017 0.610111 0.104286 2.62921 
1.00049 0.585313 -0.000857802 2.67504 
1.00113 0.58956 0.00110989 2.67754 
0.999949 0.591196 -0.000283245 2.67468 
1.00031 0.591074 1.25392e-05 2.6757 
1.00345 0.585473 0.00149059 2.6829 
1.00289 0.586411 -0.00461282 2.6817 
1.00015 0.590499 -0.00126831 2.67513 
1.00049 0.59074 0.000758869 2.67613 
0.99959 0.585843 -6.568e-05 2.67278 
1.00068 0.590413 3.42793e-05 2.67656 
1.00043 0.59091 -0.000758233 2.67611 
1.00088 0.590063 0.000239853 2.67701 
0.957154 0.650267 -0.103907 2.57848 
0.999931 0.590899 -0.000479046 2.67452 
1.00042 0.59088 0.000157253 2.67595 
0.911871 0.708534 0.0229428 2.47268 
1.00844 0.57366 0.05656 2.6943 
1.0027 0.587366 0.0162691 2.68163 
1.01702 0.557048 0.0236074 2.71272 
0.969966 0.637154 -0.0609662 2.60713 
1.00029 0.591123 0.00053952 2.67569 
0.999918 0.590979 -0.000692476 2.67451 
1.00319 0.584611 -0.00980734 2.68191 
0.967234 0.634435 0.0775763 2.59723 
1.00084 0.590307 -0.00456645 2.67736 
1.0016 0.58991 -0.0187836 2.67984 
1.0026 0.586784 0.00517697 2.68084 
0.997787 0.59378 -0.0125479 2.66917 
0.935936 0.682428 0.0565532 2.52929 
1.0005 0.590152 -0.0018409 2.67615 
1.00121 0.589797 0.00337438 2.67796 
0.999862 0.591805 0.000302437 2.67466 
0.999782 0.592029 -0.000494158 2.67456 
1.00007 0.590846 -0.000632082 2.67499 
1.00074 0.590218 0.00084748 2.67663 
0.974653 0.62617 0.0702368 2.6154 
0.962709 0.649348 -0.0488657 2.59107 
0.936792 0.676947 -0.075586 2.52916 
0.996957 0.597011 -0.0048948 2.66818 
0.992145 0.60099 0.0517654 2.65597 
0.927288 0.685282 -0.0213907 2.50285 
1.00057 0.590586 4.13175e-05 2.6763 
1.00047 0.590757 7.77046e-05 2.67607 
0.999252 0.586254 -2.46163e-05 2.67195 
0.999639 0.58882 -0.00063464 2.67359 
0.992319 0.605749 0.0164555 2.65823 
0.996506 0.598099 0.0157156 2.66743 
0.99842 0.594552 0.00829215 2.67152 
0.981601 0.62129 0.0134299 2.63261 
0.977581 0.629968 0.00186041 2.62505 
0.972411 0.639142 0.00559276 2.61436 
1.02125 0.547797 -0.0387288 2.72544 
1.01195 0.553853 -0.0540305 2.69752 
1.00474 0.578028 -0.0479472 2.68449 
0.984326 0.618289 0.00763722 2.63958 
0.983734 0.618822 0.00318881 2.63791 
0.98246 0.619763 -0.00603347 2.63443 
0.999988 0.590883 -0.000442524 2.67474 
0.999992 0.590939 -0.000361792 2.67478 
1.00005 0.591219 -0.000393377 2.6751 
1.00045 0.590798 0.000144889 2.676 
1.00049 0.590708 0.000257078 2.6761 
1.00056 0.59061 0.000260847 2.67626 
1.00036 0.590612 -0.0120579 2.67599 
1.00147 0.589776 -0.00818799 2.67917 
1.00205 0.58629 -0.00762755 2.67911 
1.00142 0.589499 0.00610926 2.67849 
1.00174 0.588298 0.00885522 2.67887 
1.00294 0.586147 0.00837674 2.68161 
0.979969 0.62232 -0.0452491 2.6293 
0.985049 0.614038 -0.0416201 2.64057 
0.991864 0.603402 -0.046995 2.65658 
0.986679 0.614442 -0.0116076 2.64498 
0.987877 0.612021 -0.00786164 2.64734 
0.990632 0.608506 -0.00963248 2.65426 
0.993105 0.603543 0.00317994 2.6593 
0.990346 0.608459 0.00293528 2.65321 
0.988771 0.611004 0.00814556 2.64964 
0.987717 0.613485 -0.0255263 2.64812 
0.99258 0.602205 -0.0277473 2.65743 
0.995095 0.595587 -0.0346543 2.66223 
0.995086 0.59979 0.00358248 2.66358 
0.995 0.599533 0.00705035 2.66315 
0.996916 0.596157 0.00692742 2.66749 
0.978126 0.625259 -0.0597006 2.62587 
0.986503 0.608992 -0.0625993 2.64305 
0.986463 0.602154 -0.0712054 2.63915 
0.998035 0.594115 0.0226443 2.67022 
0.993915 0.60157 0.0248937 2.66106 
0.992032 0.607198 0.0336386 2.65863 
1.00252 0.587158 -0.0536408 2.68217 
1.00476 0.577137 -0.0690046 2.68521 
0.999775 0.586438 -0.0804648 2.67508 
0.999602 0.592901 -0.000115386 2.67442 
0.99981 0.592473 -9.63119e-05 2.67487 
0.999775 0.592076 -0.000231347 2.67455 
1.00026 0.591126 -3.9659e-06 2.67557 
1.00019 0.591258 0.000178079 2.67541 
1.00023 0.591191 0.000258105 2.67551 
1.00676 0.579449 0.00218404 2.69045 
1.00522 0.582321 0.00291486 2.68697 
1.00457 0.583431 0.00484404 2.68545 
1.00305 0.579055 -0.00145902 2.68066 
1.00364 0.578708 -0.00269784 2.68205 
1.0039 0.583875 -0.00517575 2.68403 
0.947636 0.645484 -0.1478 2.55329 
0.934543 0.670713 -0.125982 2.52604 
0.939244 0.669851 -0.105992 2.53593 
0.982256 0.618047 0.047617 2.63376 
0.973738 0.633407 0.0456527 2.6156 
0.971175 0.639244 0.0527571 2.61173 
0.858221 0.74132 0.0422279 2.34104 
0.884659 0.732956 0.0518053 2.41282 
0.908436 0.710039 0.0397914 2.46454 
0.99998 0.585885 -0.000118573 2.67385 
1.00003 0.586477 -0.000483283 2.6741 
1.00039 0.589968 -0.000873324 2.67581 
1.00138 0.589168 0.000374656 2.67814 
1.00117 0.589572 0.000497278 2.6777 
1.00107 0.589772 0.000840026 2.67747 
0.908308 0.694035 0.129233 2.45994 
0.936047 0.670985 0.136514 2.53068 
0.945188 0.663314 0.118341 2.55089 
0.988568 0.611678 -0.0012948 2.64929 
0.990679 0.608321 -0.00316624 2.65419 
0.991152 0.606098 -0.00572302 2.65446 
1.00112 0.589585 0.0248144 2.67782 
1.00017 0.589451 0.0374476 2.67507 
1.00331 0.583687 0.0412333 2.68223 
0.998858 0.593581 -0.00211784 2.67243 
0.999269 0.593013 -0.00138442 2.67345 
0.999452 0.592326 -0.0014693 2.67366 
0.996933 0.597848 -0.000732659 2.66851 
0.997755 0.595852 -0.00102694 2.67006 
0.997702 0.595367 -0.00254672 2.66964 
0.963076 0.647908 -0.00765418 2.58995 
0.968784 0.640963 -0.0174187 2.60383 
0.96828 0.636844 -0.0302669 2.5999 
0.999176 0.593128 0.000490839 2.67316 
0.998274 0.594438 0.00163271 2.67095 
0.998473 0.594578 0.00294207 2.67169 
0.958547 0.653839 -0.00188143 2.57929 
0.954417 0.659688 -0.0248375 2.57072 
0.949581 0.672268 -0.0276596 2.56426 
1.00022 0.590332 -0.00561535 2.67519 
0.999206 0.591156 -0.00726013 2.67227 
0.998558 0.593667 -0.0055335 2.67153 
0.999623 0.592191 0.000749836 2.67409 
0.999583 0.592311 0.00157493 2.67403 
0.99991 0.5917 0.0017188 2.67476 
0.999253 0.59235 0.0119787 2.67304 
0.999918 0.591989 0.00650634 2.67497 
0.998827 0.592813 0.00510544 2.67183 
1.02306 0.549164 0.0595282 2.73039 
1.0186 0.550705 0.046151 2.71538 
1.01198 0.565402 0.0475539 2.70118 
0.990224 0.599747 0.135549 2.65714 
0.998492 0.579642 0.1144 2.66973 
0.995037 0.591659 0.101507 2.6639 
1.01065 0.556715 -0.112498 2.70095 
0.99779 0.573946 -0.119823 2.66791 
0.990763 0.594125 -0.104358 2.65217 
0.984658 0.617356 0.0231523 2.64031 
0.980052 0.62376 0.0323084 2.62964 
0.982879 0.619244 0.0388601 2.63621 
1.00198 0.586856 0.019629 2.67899 
1.00477 0.583056 0.0233384 2.68614 
1.00632 0.578756 0.0217704 2.68885 
0.930931 0.686069 -0.085349 2.51866 
0.911569 0.703704 -0.0807095 2.47255 
0.907007 0.710943 -0.0583604 2.462 
0.956847 0.656039 0.0152057 2.57541 
0.946747 0.67145 0.0107524 2.55401 
0.934205 0.683641 0.0203184 2.52351 
1.00824 0.576656 0.00497668 2.6938 
1.00679 0.578957 0.00758662 2.69031 
1.0077 0.577734 0.0110269 2.69268 
1.01274 0.557016 -0.0261833 2.70103 
1.01018 0.571491 -0.0301311 2.69855 
1.00724 0.575549 -0.0226761 2.6904 
1.00898 0.567236 -0.00640193 2.69441 
1.01011 0.56477 -0.0106069 2.69623 
1.0099 0.572965 -0.0148184 2.69818 
1.00054 0.582863 -0.000775461 2.67481 
1.00113 0.583255 -0.000952385 2.67635 
1.00164 0.587553 -0.00173745 2.67883 
1.0046 0.583485 -0.00726106 2.68574 
1.00618 0.579503 -0.00789945 2.68918 
1.00648 0.579051 -0.0111085 2.68974 
0.999711 0.590392 -0.00384481 2.67348 
0.999468 0.591844 -0.00323174 2.67347 
0.999548 0.591707 -0.0021391 2.67363 
1.00288 0.586505 0.000537844 2.68159 
1.00237 0.587456 0.000865141 2.68045 
1.00218 0.587786 0.00153068 2.68002 
0.95649 0.654426 0.0547339 2.57467 
0.949681 0.66304 0.0370614 2.55818 
0.939591 0.678052 0.0407189 2.53676 
0.995639 0.597054 -0.0169655 2.66409 
0.99283 0.603179 -0.0172469 2.65844 
0.991904 0.604305 -0.0127054 2.65595 
0.999453 0.592949 0.00413222 2.67399 
0.999968 0.59156 0.00376125 2.67487 
1.00018 0.591297 0.00217709 2.67541 
0.920031 0.696288 0.0552625 2.48998 
0.91872 0.697033 0.0803676 2.4889 
0.933473 0.677366 0.100797 2.52205 
1.01652 0.562149 0.011381 2.71347 
1.01255 0.567932 0.0105183 2.7034 
1.00985 0.572262 0.0140393 2.6968 
0.869483 0.731228 -0.0624023 2.36779 
0.872146 0.73797 -0.0467318 2.38024 
0.88979 0.725542 -0.0410969 2.42116 
1.00028 0.590378 -0.00167309 2.67548 
1.00009 0.590602 -0.00206129 2.67492 
0.99992 0.591109 -0.00169155 2.67457 
1.00067 0.590243 0.0029733 2.67643 
1.00065 0.590466 0.00197154 2.6765 
1.00037 0.590852 0.00173655 2.67578 
0.966741 0.625871 0.140444 2.59806 
0.971985 0.624969 0.120185 2.61125 
0.95976 0.641226 0.114591 2.5818 
1.00074 0.590413 -0.00106061 2.67687 
1.00095 0.588933 -0.000989848 2.67704 
1.00109 0.588739 -0.0014789 2.67737 
1.00161 0.588789 0.00062953 2.67871 
1.00145 0.589091 0.00105511 2.67835 
1.00166 0.588641 0.00148633 2.67877 
0.999985 0.592013 -0.000123951 2.67519 
0.99996 0.591605 -0.000187906 2.6749 
0.99991 0.591678 -0.000223891 2.67478 
1.00038 0.59095 9.10088e-05 2.67587 
1.00031 0.591049 6.97807e-05 2.67569 
1.00029 0.591078 0.000169002 2.67563 
1.00374 0.585268 0.00451614 2.68375 
1.00313 0.585899 0.0026485 2.68206 
1.00256 0.587269 0.00272134 2.68098 
1.00215 0.581385 -0.00138607 2.67868 
1.00256 0.585998 -0.00302292 2.68095 
1.00182 0.587872 -0.00267425 2.6792 
0.999973 0.590768 -0.000859521 2.67463 
1.00001 0.590773 -0.00110665 2.67474 
0.999861 0.591133 -0.00127773 2.67437 
1.00073 0.590296 0.00113983 2.67664 
1.00051 0.590669 0.0011334 2.67616 
1.00039 0.590914 0.00128087 2.6759 
0.999575 0.586377 7.78905e-05 2.67288 
0.999603 0.586657 -0.000220185 2.67299 
1.00009 0.589895 -0.000173084 2.67504 
1.00081 0.590206 1.21163e-05 2.67688 
1.00072 0.590332 0.000114005 2.67664 
1.00066 0.590459 0.000173733 2.67652 
0.9998 0.58657 -0.000119859 2.67353 
1.00019 0.589771 -0.000537183 2.67528 
1.00005 0.59056 -0.000331286 2.67505 
1.00088 0.590043 0.00074157 2.67701 
1.00079 0.590223 0.000394916 2.67681 
1.0007 0.590416 0.000318606 2.67664 
0.968875 0.620928 -0.133973 2.60308 
0.967005 0.630928 -0.111825 2.59854 
0.981909 0.618149 -0.10236 2.63713 
0.999909 0.590941 -0.00033056 2.67447 
0.999917 0.591077 -0.000391371 2.67454 
0.999887 0.59148 -0.000424529 2.67462 
1.00042 0.590887 0.000407891 2.67597 
1.0004 0.590932 0.000281825 2.67592 
1.00033 0.591023 0.000318224 2.67577 
0.875696 0.74039 0.00591891 2.39135 
0.89649 0.723245 0.00266705 2.43821 
0.900252 0.72084 -0.0146308 2.4473 
1.01341 0.556084 0.0814529 2.70308 
1.00716 0.571269 0.07504 2.69008 
0.9993 0.584898 0.0828242 2.67217 
1.00429 0.583761 0.00941097 2.68473 
1.00433 0.5838 0.0139136 2.68495 
1.00615 0.58082 0.0148547 2.6893 
1.01196 0.570207 0.0361314 2.70324 
1.01237 0.565619 0.027971 2.70185 
1.01079 0.572349 0.0218892 2.70015 
0.960026 0.645129 -0.0839652 2.5819 
0.969825 0.631959 -0.0792379 2.60444 
0.979076 0.619523 -0.0864612 2.62698 
1.00039 0.590914 0.000656149 2.67588 
1.00031 0.591027 0.000705978 2.6757 
1.00031 0.591078 0.00108656 2.67571 
0.999851 0.591666 -0.000540006 2.67459 
0.999868 0.591356 -0.000713305 2.67449 
0.999797 0.591497 -0.000947669 2.67434 
1.00088 0.590189 -0.0155104 2.67755 
1.00245 0.5854 -0.0134837 2.67998 
1.00417 0.581966 -0.0152624 2.68372 
0.982067 0.617801 0.0896614 2.63595 
0.970007 0.633888 0.0878204 2.60678 
0.962525 0.645906 0.0954044 2.59141 
1.00232 0.5864 -0.00557996 2.68 
1.00131 0.587699 -0.00442145 2.67739 
1.0016 0.587672 -0.00322808 2.67835 
1.00308 0.584534 -0.0296743 2.68192 
1.00314 0.584572 -0.0232333 2.682 
1.00495 0.580877 -0.0210045 2.68578 
1.00128 0.589197 0.0041346 2.67783 
1.0021 0.587992 0.00416113 2.67987 
1.00204 0.587734 0.00323203 2.67951 
0.997591 0.595582 -0.00654281 2.66945 
0.996841 0.596365 -0.00924512 2.66747 
0.99504 0.599925 -0.01006 2.66364 
0.957837 0.649134 0.0724436 2.57627 
0.946524 0.666404 0.0769499 2.55242 
0.947953 0.667428 0.0881153 2.55906 
1.00054 0.591032 -0.00341528 2.67679 
1.00075 0.589788 -0.00268822 2.67674 
1.00097 0.588306 -0.00243211 2.67661 
1.0011 0.589627 0.00169779 2.6775 
1.00126 0.589276 0.00259481 2.67781 
1.00163 0.588562 0.00253005 2.67864 
1.00018 0.59124 0.000452756 2.67538 
1.00009 0.591491 0.000581856 2.67522 
1.00008 0.591495 0.000950704 2.67521 
0.99949 0.593044 -0.000425008 2.67415 
0.999556 0.592371 -0.000649891 2.67401 
0.999621 0.592071 -0.00103074 2.67407 
1.00027 0.590784 -0.000751499 2.67564 
1.00012 0.591004 -0.000620882 2.67522 
1.00005 0.591007 -0.00044859 2.67512 
1.00055 0.590599 0.000625906 2.67623 
1.00066 0.590426 0.000595708 2.67649 
1.00063 0.590467 0.000373405 2.67641 
0.985724 0.610259 0.0562605 2.64068 
0.982248 0.615468 0.0693721 2.63346 
0.984168 0.611882 0.0781437 2.63817 
0.94393 0.671082 -0.0438104 2.54582 
0.951001 0.660732 -0.0538932 2.56156 
0.94911 0.66047 -0.0686069 2.55605 
0.933632 0.67611 -0.0400298 2.51663 
0.931301 0.684334 -0.0544217 2.51587 
0.920819 0.699649 -0.0492179 2.49465 
0.996094 0.599348 -0.00226702 2.66665 
0.996072 0.598862 -0.00474854 2.66634 
0.994715 0.60069 -0.0057144 2.66298 
1.00375 0.582823 0.0526191 2.68375 
0.997209 0.593722 0.057669 2.66862 
0.994704 0.59843 0.0715643 2.66416 
0.919211 0.699075 0.00823055 2.48779 
0.919144 0.697932 -0.00993501 2.4867 
0.91337 0.705608 -0.0200338 2.47469 
1.00061 0.590501 7.59213e-05 2.67637 
1.0006 0.590558 6.09149e-05 2.67636 
1.00062 0.590563 0.000136514 2.67645 
1.00055 0.590616 1.71891e-05 2.67625 
1.00054 0.590656 6.86155e-05 2.67625 
1.00057 0.590611 0.000135181 2.67629 
0.999062 0.586097 -0.000154009 2.67144 
0.999446 0.587122 -0.000123997 2.67263 
0.999794 0.589783 -0.000107981 2.67417 
0.999965 0.591197 -1.80914e-05 2.6748 
1.00008 0.591014 -0.000230902 2.67522 
0.999908 0.590792 -0.000293201 2.6747 
