2733
0.00317247
0.00169854
0.000997813
0.000988226
0.00112594
0.00105398
0.000861778
0.000728844
0.000729695
0.000699404
0.000734009
0.000704193
0.000654299
0.000605973
0.000535211
0.00053219
0.000507047
0.000496948
0.000508214
0.000483353
0.000456161
0.000454055
0.00044281
0.000418739
0.00043364
0.000508294
0.000546648
0.000575589
0.000596818
0.000591271
0.000564422
0.000522222
0.000483311
0.000447026
0.000445575
0.000434674
0.000428189
0.000407691
0.0003761
0.00034799
0.0003547
0.000357754
0.000397504
0.000421695
0.000453951
0.000469623
0.000469529
0.000454967
0.000427646
0.000399069
0.000385832
0.000365006
0.000338054
0.000326106
0.000315533
0.00030021
0.000282806
0.000283863
0.000283352
0.000281216
0.000287383
0.000291791
0.000294552
0.000295782
0.00029559
0.000299934
0.000307683
0.000314108
0.000319117
0.000331167
0.000346608
0.00036037
0.000372129
0.000381546
0.000392022
0.000405936
0.000416896
0.000424666
0.000429092
0.000430098
0.000437677
0.000443071
0.000444902
0.000443332
0.000438593
0.000430968
0.000420775
0.000408355
0.00039405
0.000378194
0.000361101
0.000343055
0.000324304
0.000305061
0.000295158
0.000288389
0.000283747
0.000282583
0.000280631
0.000277797
0.000274893
0.000282103
0.000289474
0.000295731
0.000300886
0.000304958
0.000307968
0.000309943
0.000310913
0.000310909
0.000309963
0.00031015
0.000315718
0.000321605
0.000325817
0.000328414
0.000329472
0.000329076
0.000327324
0.000324316
0.000325764
0.000327579
0.000328739
0.000329197
0.000328902
0.000327798
0.000325828
0.000322931
0.000319046
0.000314109
0.000311868
0.000310151
0.000306923
0.000302023
0.000295313
0.000291908
0.000288839
0.000287615
0.000284835
0.000280438
0.000274387
0.000266668
0.000257291
0.000246291
0.000234055
0.00022775
0.000220325
0.000213818
0.000212067
0.00021881
0.000225444
0.000236162
0.000245324
0.00025647
0.000269277
0.000280181
0.000289168
0.000296255
0.000301483
0.000304918
0.000308747
0.000317616
0.000324317
0.000328918
0.00033151
0.000332205
0.000331133
0.000328438
0.000324274
0.0003188
0.000312179
0.000304573
0.00029614
0.000287033
0.000277393
0.000269709
0.000261723
0.000253151
0.000244117
0.000237959
0.000239513
0.000240663
0.000241392
0.000241678
0.000241494
0.000240814
0.000239606
0.000237838
0.000235479
0.000232495
0.000228854
0.000224526
0.000219484
0.000216385
0.000215723
0.000214307
0.000212165
0.000209333
0.000205855
0.000201779
0.000197156
0.000192043
0.000186495
0.000180569
0.000174319
0.000167803
0.000164408
0.000160353
0.000155623
0.000150211
0.000149913
0.000149364
0.000152592
0.000156648
0.000160239
0.000163302
0.000165775
0.000167601
0.000168727
0.000169109
0.00016871
0.000167506
0.000165485
0.000165656
0.000168965
0.000171532
0.000173357
0.000174443
0.000175551
0.000177752
0.000179088
0.000179603
0.000179344
0.000178363
0.000176714
0.000174454
0.000171639
0.000172867
0.000173475
0.000173386
0.000172574
0.000172527
0.000179297
0.000186553
0.000193114
0.00019991
0.00020652
0.000212302
0.00021726
0.000221406
0.000224755
0.000227329
0.000229156
0.000230265
0.000233233
0.00023698
0.000239852
0.000241885
0.000243114
0.000243579
0.00024332
0.000242377
0.000241634
0.000241254
0.000240174
0.000238422
0.000236029
0.000233026
0.000229445
0.00022532
0.000220685
0.000215571
0.000211177
0.000213627
0.000215152
0.000215737
0.000215374
0.000214062
0.000211806
0.000208621
0.000204528
0.000199555
0.000196489
0.000197969
0.00019856
0.000198298
0.000197229
0.000195405
0.000192887
0.00018974
0.000186034
0.00018184
0.000177232
0.000172531
0.000169894
0.000166992
0.000163876
0.000160592
0.000157186
0.000153696
0.000150816
0.000149426
0.000147977
0.000146464
0.000144874
0.000143195
0.00014141
0.000139502
0.000140622
0.000142608
0.000144115
0.000145097
0.000145513
0.000145333
0.000144531
0.000143093
0.000141775
0.000140026
0.000138126
0.000140096
0.000141581
0.000142584
0.00014311
0.000143165
0.000142757
0.000141898
0.000140599
0.000138876
0.000136744
0.00013422
0.000131324
0.000128076
0.000124497
0.00012061
0.000116438
0.000112006
0.000107338
0.00010363
9.97894e-05
9.56852e-05
9.13444e-05
8.67947e-05
8.27556e-05
7.92383e-05
7.91494e-05
7.88168e-05
7.82478e-05
7.74505e-05
7.6434e-05
7.52083e-05
7.37841e-05
7.33562e-05
7.35244e-05
7.38304e-05
7.39448e-05
7.38664e-05
7.39826e-05
7.46079e-05
7.50199e-05
7.5662e-05
7.96878e-05
8.43595e-05
8.86195e-05
9.24055e-05
9.5692e-05
9.84584e-05
0.000100688
0.000102371
0.000103499
0.000104073
0.000104932
0.000107408
0.000109613
0.000111558
0.000113251
0.000114705
0.00011593
0.000116936
0.000117733
0.00011833
0.000118731
0.000118941
0.000118961
0.00011879
0.000118422
0.000117852
0.00011707
0.000116064
0.000114822
0.000113329
0.000111569
0.000109527
0.000107187
0.000104534
0.000101557
9.85089e-05
0.000100017
0.000101227
0.000102133
0.000102728
0.000103007
0.000102967
0.000102606
0.000101921
0.000100913
9.9584e-05
9.79371e-05
9.59776e-05
9.37124e-05
9.17971e-05
9.02035e-05
8.83223e-05
8.61538e-05
8.37006e-05
8.09683e-05
7.7965e-05
7.47021e-05
7.11933e-05
7.00521e-05
7.05748e-05
7.12916e-05
7.36146e-05
7.55946e-05
7.73007e-05
8.01891e-05
8.26314e-05
8.57869e-05
8.87495e-05
9.1304e-05
9.34478e-05
9.51804e-05
9.65033e-05
9.75527e-05
9.85508e-05
9.91906e-05
9.94809e-05
9.94315e-05
9.90522e-05
9.83533e-05
9.73453e-05
9.60386e-05
9.44441e-05
9.25729e-05
9.04363e-05
8.8046e-05
8.54142e-05
8.25539e-05
7.94787e-05
7.62031e-05
7.27429e-05
7.05966e-05
6.86566e-05
6.69291e-05
6.50868e-05
6.30873e-05
6.09366e-05
6.04377e-05
6.04426e-05
6.02878e-05
5.99764e-05
5.95126e-05
5.89006e-05
5.81455e-05
5.84717e-05
5.90602e-05
5.94965e-05
5.97796e-05
6.18577e-05
6.39292e-05
6.58497e-05
6.76131e-05
6.92138e-05
7.06464e-05
7.1906e-05
7.29881e-05
7.38888e-05
7.46048e-05
7.51333e-05
7.54721e-05
7.56197e-05
7.55753e-05
7.61169e-05
7.65967e-05
7.68879e-05
7.69895e-05
7.69009e-05
7.66219e-05
7.61534e-05
7.54963e-05
7.46527e-05
7.36248e-05
7.24158e-05
7.10292e-05
6.94695e-05
6.77414e-05
6.58506e-05
6.38031e-05
6.34294e-05
6.30273e-05
6.24833e-05
6.17976e-05
6.0971e-05
6.00048e-05
5.89007e-05
5.7661e-05
5.62885e-05
5.47866e-05
5.31593e-05
5.1781e-05
5.24143e-05
5.35805e-05
5.45409e-05
5.5291e-05
5.5828e-05
5.61501e-05
5.62572e-05
5.64784e-05
5.6895e-05
5.70887e-05
5.7063e-05
5.68228e-05
5.63742e-05
5.57249e-05
5.48836e-05
5.38602e-05
5.26656e-05
5.13118e-05
4.98113e-05
4.81776e-05
4.66884e-05
4.70745e-05
4.73735e-05
4.75852e-05
4.77097e-05
4.77477e-05
4.77e-05
4.75677e-05
4.73523e-05
4.70554e-05
4.79935e-05
4.88986e-05
4.97069e-05
5.04139e-05
5.10153e-05
5.15071e-05
5.18854e-05
5.2147e-05
5.22887e-05
5.23077e-05
5.22018e-05
5.1969e-05
5.16079e-05
5.11174e-05
5.04969e-05
4.97465e-05
4.88666e-05
4.78582e-05
4.74431e-05
4.71951e-05
4.68208e-05
4.63211e-05
4.56974e-05
4.51945e-05
4.47563e-05
4.4203e-05
4.35369e-05
4.29032e-05
4.28246e-05
4.29197e-05
4.29403e-05
4.28866e-05
4.27592e-05
4.25586e-05
4.22854e-05
4.19403e-05
4.15241e-05
4.10375e-05
4.04816e-05
4.00199e-05
4.12895e-05
4.24711e-05
4.35529e-05
4.45237e-05
4.53728e-05
4.60904e-05
4.66768e-05
4.80237e-05
4.9231e-05
5.02892e-05
5.14081e-05
5.2455e-05
5.3324e-05
5.40076e-05
5.44998e-05
5.47957e-05
5.48914e-05
5.47843e-05
5.54053e-05
5.5892e-05
5.61807e-05
5.62691e-05
5.61563e-05
5.5842e-05
5.53273e-05
5.46143e-05
5.37059e-05
5.26062e-05
5.13383e-05
5.04417e-05
4.93875e-05
4.81793e-05
4.68213e-05
4.53183e-05
4.36756e-05
4.40696e-05
4.4868e-05
4.59651e-05
4.79065e-05
4.97074e-05
5.1359e-05
5.28535e-05
5.41837e-05
5.5343e-05
5.63259e-05
5.71276e-05
5.77442e-05
5.81727e-05
5.8411e-05
5.8458e-05
5.88134e-05
5.93335e-05
5.96616e-05
5.97959e-05
5.97359e-05
5.94815e-05
5.90338e-05
5.83947e-05
5.75672e-05
5.65548e-05
5.56767e-05
5.59177e-05
5.60081e-05
5.59519e-05
5.57536e-05
5.54183e-05
5.49519e-05
5.49756e-05
5.54426e-05
5.57756e-05
5.59783e-05
5.60548e-05
5.60095e-05
5.58474e-05
5.58794e-05
5.59054e-05
5.58216e-05
5.56317e-05
5.53393e-05
5.49483e-05
5.52625e-05
5.57362e-05
5.60994e-05
5.6353e-05
5.64983e-05
5.65365e-05
5.64692e-05
5.62981e-05
5.60251e-05
5.56522e-05
5.51814e-05
5.46152e-05
5.39557e-05
5.32056e-05
5.23675e-05
5.1444e-05
5.04379e-05
5.01953e-05
5.0094e-05
4.98584e-05
4.94902e-05
4.89914e-05
4.8365e-05
4.76139e-05
4.67418e-05
4.57529e-05
4.46514e-05
4.34423e-05
4.21307e-05
4.07223e-05
3.92226e-05
3.82983e-05
3.81516e-05
3.97487e-05
4.12092e-05
4.25246e-05
4.37088e-05
4.47974e-05
4.571e-05
4.64419e-05
4.69894e-05
4.73499e-05
4.75218e-05
4.75046e-05
4.72987e-05
4.69057e-05
4.6328e-05
4.5569e-05
4.46331e-05
4.35356e-05
4.23845e-05
4.10762e-05
3.97805e-05
3.85196e-05
3.71421e-05
3.56555e-05
3.40675e-05
3.23865e-05
3.16333e-05
3.20594e-05
3.2422e-05
3.27203e-05
3.34885e-05
3.45926e-05
3.56453e-05
3.66341e-05
3.75548e-05
3.84033e-05
3.91757e-05
3.98682e-05
4.0477e-05
4.09989e-05
4.14308e-05
4.17697e-05
4.20131e-05
4.21587e-05
4.22046e-05
4.21494e-05
4.22696e-05
4.23412e-05
4.23199e-05
4.22053e-05
4.19971e-05
4.16953e-05
4.13003e-05
4.08508e-05
4.04021e-05
3.98748e-05
3.92702e-05
3.85894e-05
3.7834e-05
3.70054e-05
3.61055e-05
3.51363e-05
3.40997e-05
3.29981e-05
3.18339e-05
3.06096e-05
2.93279e-05
2.85603e-05
2.94124e-05
3.01366e-05
3.07313e-05
3.11954e-05
3.15288e-05
3.17322e-05
3.18069e-05
3.17553e-05
3.15803e-05
3.12854e-05
3.08751e-05
3.03542e-05
3.00422e-05
2.98214e-05
2.94938e-05
2.90632e-05
2.85343e-05
2.79119e-05
2.7879e-05
2.9215e-05
3.0482e-05
3.16781e-05
3.28019e-05
3.38518e-05
3.48269e-05
3.57261e-05
3.65489e-05
3.72948e-05
3.79634e-05
3.85548e-05
3.9069e-05
3.95063e-05
3.98671e-05
4.0152e-05
4.03617e-05
4.0497e-05
4.06426e-05
4.11123e-05
4.15116e-05
4.18409e-05
4.21005e-05
4.22911e-05
4.24133e-05
4.24676e-05
4.24795e-05
4.24758e-05
4.24057e-05
4.22698e-05
4.21243e-05
4.19642e-05
4.1738e-05
4.18545e-05
4.20993e-05
4.22758e-05
4.23829e-05
4.24198e-05
4.23857e-05
4.228e-05
4.2102e-05
4.18513e-05
4.15273e-05
4.11298e-05
4.06587e-05
4.01139e-05
3.94957e-05
3.88044e-05
3.80404e-05
3.72046e-05
3.62977e-05
3.53209e-05
3.42756e-05
3.31633e-05
3.19857e-05
3.10997e-05
3.03534e-05
2.95863e-05
2.88604e-05
2.80704e-05
2.72175e-05
2.71808e-05
2.76834e-05
2.83978e-05
2.90745e-05
2.96482e-05
3.01186e-05
3.04857e-05
3.07502e-05
3.1074e-05
3.13254e-05
3.14642e-05
3.14916e-05
3.14095e-05
3.122e-05
3.09259e-05
3.05302e-05
3.00366e-05
2.94489e-05
2.87715e-05
2.80091e-05
2.71665e-05
2.62491e-05
2.52623e-05
2.42119e-05
2.32421e-05
2.36535e-05
2.42237e-05
2.47193e-05
2.51404e-05
2.54873e-05
2.57607e-05
2.59618e-05
2.63441e-05
2.67645e-05
2.70984e-05
2.73467e-05
2.75107e-05
2.75921e-05
2.75928e-05
2.75152e-05
2.73622e-05
2.72533e-05
2.71153e-05
2.69072e-05
2.6632e-05
2.6293e-05
2.58936e-05
2.54375e-05
2.49285e-05
2.43705e-05
2.37677e-05
2.3124e-05
2.24439e-05
2.17314e-05
2.09908e-05
2.02263e-05
1.94421e-05
1.99905e-05
2.06121e-05
2.11956e-05
2.17005e-05
2.21236e-05
2.24619e-05
2.27131e-05
2.29022e-05
2.30736e-05
2.3162e-05
2.31652e-05
2.30819e-05
2.29111e-05
2.26523e-05
2.23054e-05
2.18708e-05
2.13496e-05
2.07433e-05
2.0275e-05
2.05709e-05
2.08114e-05
2.09962e-05
2.11252e-05
2.11988e-05
2.12174e-05
2.11816e-05
2.10925e-05
2.10759e-05
2.14373e-05
2.17678e-05
2.20651e-05
2.2327e-05
2.25513e-05
2.2736e-05
2.28792e-05
2.29789e-05
2.30334e-05
2.30411e-05
2.30006e-05
2.29106e-05
2.277e-05
2.25778e-05
2.23334e-05
2.20362e-05
2.16859e-05
2.12825e-05
2.08262e-05
2.03173e-05
1.97565e-05
1.93189e-05
1.8944e-05
1.85245e-05
1.80606e-05
1.7553e-05
1.70023e-05
1.69761e-05
1.69919e-05
1.70587e-05
1.70361e-05
1.707e-05
1.70813e-05
1.70086e-05
1.68528e-05
1.6615e-05
1.62968e-05
1.59005e-05
1.54285e-05
1.57666e-05
1.61153e-05
1.64169e-05
1.66703e-05
1.68747e-05
1.70297e-05
1.7145e-05
1.74828e-05
1.77667e-05
1.79959e-05
1.81696e-05
1.82872e-05
1.83485e-05
1.83534e-05
1.83021e-05
1.81949e-05
1.80325e-05
1.78157e-05
1.75454e-05
1.7223e-05
1.68497e-05
1.64273e-05
1.60643e-05
1.63927e-05
1.66738e-05
1.69083e-05
1.70972e-05
1.72415e-05
1.73424e-05
1.74011e-05
1.74191e-05
1.73979e-05
1.73392e-05
1.72445e-05
1.72158e-05
1.72621e-05
1.72731e-05
1.72499e-05
1.71937e-05
1.71056e-05
1.701e-05
1.69173e-05
1.68479e-05
1.67705e-05
1.6661e-05
1.65204e-05
1.63494e-05
1.61489e-05
1.59199e-05
1.56634e-05
1.55866e-05
1.5628e-05
1.56226e-05
1.55705e-05
1.54719e-05
1.53274e-05
1.51557e-05
1.50202e-05
1.48369e-05
1.46067e-05
1.43309e-05
1.41099e-05
1.4191e-05
1.42019e-05
1.42037e-05
1.42745e-05
1.4273e-05
1.41998e-05
1.40558e-05
1.38427e-05
1.35622e-05
1.35015e-05
1.34482e-05
1.33622e-05
1.32447e-05
1.30968e-05
1.292e-05
1.27155e-05
1.2485e-05
1.22298e-05
1.19515e-05
1.16516e-05
1.13317e-05
1.10448e-05
1.0894e-05
1.07198e-05
1.05238e-05
1.03074e-05
1.00724e-05
9.82018e-06
9.55239e-06
9.27061e-06
8.97637e-06
8.68474e-06
8.45288e-06
8.54963e-06
8.62419e-06
8.67635e-06
8.706e-06
8.71309e-06
8.69767e-06
8.79837e-06
9.02639e-06
9.35501e-06
9.68037e-06
9.97977e-06
1.02525e-05
1.0498e-05
1.07158e-05
1.09054e-05
1.10666e-05
1.11992e-05
1.13031e-05
1.13784e-05
1.14252e-05
1.14436e-05
1.1434e-05
1.13969e-05
1.13328e-05
1.12421e-05
1.11257e-05
1.09843e-05
1.08187e-05
1.06298e-05
1.04186e-05
1.01861e-05
9.93341e-06
9.73465e-06
9.57426e-06
9.39581e-06
9.20014e-06
9.25344e-06
9.51702e-06
9.73719e-06
9.91265e-06
1.00424e-05
1.01256e-05
1.0162e-05
1.01513e-05
1.00937e-05
9.98957e-06
9.83973e-06
9.91154e-06
9.98841e-06
1.00537e-05
1.01073e-05
1.01489e-05
1.01782e-05
1.01951e-05
1.02607e-05
1.03681e-05
1.0463e-05
1.05449e-05
1.06131e-05
1.0667e-05
1.07059e-05
1.07292e-05
1.07364e-05
1.07267e-05
1.06998e-05
1.06549e-05
1.05916e-05
1.05095e-05
1.0408e-05
1.02869e-05
1.02253e-05
1.02852e-05
1.03253e-05
1.03448e-05
1.03431e-05
1.03195e-05
1.02735e-05
1.02046e-05
1.01123e-05
1.00445e-05
9.99627e-06
9.92377e-06
9.8267e-06
9.70481e-06
9.558e-06
9.38624e-06
9.1896e-06
8.98492e-06
9.24327e-06
9.46378e-06
9.64525e-06
9.78671e-06
9.88739e-06
9.94675e-06
1.01575e-05
1.03471e-05
1.04946e-05
1.05992e-05
1.06607e-05
1.06786e-05
1.06531e-05
1.05844e-05
1.04729e-05
1.03192e-05
1.01241e-05
9.88873e-06
9.68708e-06
9.47442e-06
9.22739e-06
8.94706e-06
8.63463e-06
8.73765e-06
9.04191e-06
9.32403e-06
9.58311e-06
9.81828e-06
1.00288e-05
1.02139e-05
1.03904e-05
1.06325e-05
1.08457e-05
1.10295e-05
1.11831e-05
1.13063e-05
1.13987e-05
1.14601e-05
1.14903e-05
1.14894e-05
1.14575e-05
1.13949e-05
1.13018e-05
1.11788e-05
1.10265e-05
1.08455e-05
1.06366e-05
1.04007e-05
1.02338e-05
1.01526e-05
1.00444e-05
9.9097e-06
9.97604e-06
1.01735e-05
1.03433e-05
1.04855e-05
1.06004e-05
1.06883e-05
1.07499e-05
1.07855e-05
1.07958e-05
1.07815e-05
1.07433e-05
1.07847e-05
1.08442e-05
1.08788e-05
1.08893e-05
1.08763e-05
1.08406e-05
1.08853e-05
1.09095e-05
1.09116e-05
1.08921e-05
1.08517e-05
1.07908e-05
1.07101e-05
1.06102e-05
1.04917e-05
1.03553e-05
1.02015e-05
1.00311e-05
9.8448e-06
9.64315e-06
9.42687e-06
9.19661e-06
8.95303e-06
8.69678e-06
8.49597e-06
8.41239e-06
8.31267e-06
8.19732e-06
8.06685e-06
7.92181e-06
7.76276e-06
7.59027e-06
7.40494e-06
7.20736e-06
6.99812e-06
6.77785e-06
6.6527e-06
6.6402e-06
6.61674e-06
6.58263e-06
6.84696e-06
7.16144e-06
7.43541e-06
7.66768e-06
7.85737e-06
8.00382e-06
8.10665e-06
8.16575e-06
8.18124e-06
8.15353e-06
8.08327e-06
7.97134e-06
7.82201e-06
7.65676e-06
7.45118e-06
7.42501e-06
7.63486e-06
7.8272e-06
8.00165e-06
8.15789e-06
8.29565e-06
8.41473e-06
8.51497e-06
8.5963e-06
8.65869e-06
8.70215e-06
8.72678e-06
8.73272e-06
8.72015e-06
8.68932e-06
8.6985e-06
8.83073e-06
8.95021e-06
9.05681e-06
9.15039e-06
9.23084e-06
9.29805e-06
9.35194e-06
9.39245e-06
9.41953e-06
9.43313e-06
9.43323e-06
9.43219e-06
9.50504e-06
9.56301e-06
9.60598e-06
9.63387e-06
9.64661e-06
9.64417e-06
9.62653e-06
9.59368e-06
9.54566e-06
9.4825e-06
9.40428e-06
9.31108e-06
9.20301e-06
9.0802e-06
8.9428e-06
8.79099e-06
8.62495e-06
8.4449e-06
8.25107e-06
8.04372e-06
7.82312e-06
7.58957e-06
7.34337e-06
7.08488e-06
6.81444e-06
6.53244e-06
6.30729e-06
6.14383e-06
6.12673e-06
6.135e-06
6.12073e-06
6.0844e-06
6.0266e-06
5.94805e-06
5.84952e-06
5.73187e-06
5.71291e-06
5.69042e-06
5.6501e-06
5.59246e-06
5.53563e-06
5.54382e-06
5.53697e-06
5.52459e-06
5.5362e-06
5.53473e-06
5.52011e-06
5.76983e-06
6.11325e-06
6.43964e-06
6.74768e-06
7.03611e-06
7.30375e-06
7.54951e-06
7.77238e-06
7.97147e-06
8.14599e-06
8.29525e-06
8.41867e-06
8.5158e-06
8.58632e-06
8.63001e-06
8.7569e-06
8.87807e-06
8.97637e-06
9.05146e-06
9.14385e-06
9.22537e-06
9.28397e-06
9.31943e-06
9.33161e-06
9.32049e-06
9.2861e-06
9.22858e-06
9.14815e-06
9.12451e-06
9.09778e-06
9.04865e-06
8.97731e-06
8.88405e-06
8.76925e-06
8.63335e-06
8.47689e-06
8.30048e-06
8.10481e-06
7.90819e-06
7.73615e-06
7.54784e-06
7.34392e-06
7.12514e-06
6.89227e-06
6.64613e-06
6.38759e-06
6.11756e-06
5.83698e-06
5.54682e-06
5.32209e-06
5.13028e-06
4.92878e-06
4.71834e-06
4.82509e-06
4.95377e-06
5.14359e-06
5.32341e-06
5.49262e-06
5.65085e-06
5.79774e-06
5.93298e-06
6.08387e-06
6.22953e-06
6.3606e-06
6.47669e-06
6.57747e-06
6.66264e-06
6.73198e-06
6.7853e-06
6.82246e-06
6.84341e-06
6.8481e-06
6.83657e-06
6.80889e-06
6.7652e-06
6.70568e-06
6.63054e-06
6.55798e-06
6.49158e-06
6.40405e-06
6.2958e-06
6.16734e-06
6.01927e-06
5.85229e-06
5.66718e-06
5.47388e-06
5.27754e-06
5.06464e-06
4.83619e-06
4.60165e-06
4.39221e-06
4.17539e-06
3.95178e-06
3.72195e-06
3.54366e-06
3.56251e-06
3.58124e-06
3.59127e-06
3.59495e-06
3.62371e-06
3.64234e-06
3.65076e-06
3.64896e-06
3.63692e-06
3.61469e-06
3.58234e-06
3.53999e-06
3.48779e-06
3.42593e-06
3.35463e-06
3.27415e-06
3.1848e-06
3.09793e-06
3.0469e-06
2.98829e-06
3.00319e-06
3.15081e-06
3.27931e-06
3.38823e-06
3.47719e-06
3.54596e-06
3.59441e-06
3.6225e-06
3.63036e-06
3.61818e-06
3.63882e-06
3.77332e-06
3.89773e-06
4.01183e-06
4.11543e-06
4.20841e-06
4.29065e-06
4.36211e-06
4.42275e-06
4.47261e-06
4.51174e-06
4.54024e-06
4.55824e-06
4.56593e-06
4.5635e-06
4.55119e-06
4.52928e-06
4.49808e-06
4.45789e-06
4.40909e-06
4.35205e-06
4.28715e-06
4.21482e-06
4.13548e-06
4.04957e-06
3.95754e-06
3.85983e-06
3.75691e-06
3.64923e-06
3.53726e-06
3.42143e-06
3.30219e-06
3.17998e-06
3.05523e-06
3.19414e-06
3.32316e-06
3.44928e-06
3.56086e-06
3.65728e-06
3.73799e-06
3.80255e-06
3.85061e-06
3.8819e-06
3.89628e-06
3.89367e-06
3.87412e-06
3.83776e-06
3.78483e-06
3.71565e-06
3.63064e-06
3.55364e-06
3.54787e-06
3.53035e-06
3.50106e-06
3.46006e-06
3.40746e-06
3.34344e-06
3.34957e-06
3.40234e-06
3.44535e-06
3.47843e-06
3.55244e-06
3.62997e-06
3.69636e-06
3.7513e-06
3.79456e-06
3.82593e-06
3.84525e-06
3.85243e-06
3.84741e-06
3.83018e-06
3.8008e-06
3.75936e-06
3.70599e-06
3.6409e-06
3.56432e-06
3.47653e-06
3.46404e-06
3.47209e-06
3.46832e-06
3.45273e-06
3.42534e-06
3.38625e-06
3.33561e-06
3.27359e-06
3.20044e-06
3.11645e-06
3.02195e-06
2.91732e-06
2.84915e-06
2.77387e-06
2.68905e-06
2.59502e-06
2.57689e-06
2.64663e-06
2.70962e-06
2.76546e-06
2.81377e-06
2.85419e-06
2.8864e-06
2.91011e-06
2.92506e-06
2.95581e-06
2.9784e-06
2.99025e-06
2.99114e-06
2.98088e-06
2.95938e-06
2.92657e-06
2.88247e-06
2.83989e-06
2.84887e-06
2.84346e-06
2.82363e-06
2.78944e-06
2.84444e-06
2.91762e-06
2.98811e-06
3.04934e-06
3.10132e-06
3.14409e-06
3.17774e-06
3.20237e-06
3.21813e-06
3.22519e-06
3.22376e-06
3.21406e-06
3.19637e-06
3.17095e-06
3.13812e-06
3.09819e-06
3.05151e-06
2.99843e-06
2.93933e-06
2.87457e-06
2.85276e-06
2.82698e-06
2.79414e-06
2.75458e-06
2.70869e-06
2.67225e-06
2.63825e-06
2.59879e-06
2.55412e-06
2.50453e-06
2.45031e-06
2.39173e-06
2.32911e-06
2.31651e-06
2.35569e-06
2.41565e-06
2.46436e-06
2.4996e-06
2.52131e-06
2.52953e-06
2.52436e-06
2.506e-06
2.4747e-06
2.43083e-06
2.37478e-06
2.30705e-06
2.23714e-06
2.16056e-06
2.15453e-06
2.21029e-06
2.27616e-06
2.33481e-06
2.38606e-06
2.42974e-06
2.46574e-06
2.49396e-06
2.51434e-06
2.52686e-06
2.53152e-06
2.52838e-06
2.5175e-06
2.499e-06
2.47302e-06
2.43972e-06
2.39932e-06
2.35203e-06
2.29813e-06
2.23789e-06
2.1975e-06
2.16329e-06
2.12345e-06
2.07819e-06
2.02772e-06
1.97229e-06
1.92981e-06
1.89669e-06
1.88869e-06
1.89742e-06
1.90028e-06
1.89724e-06
1.92728e-06
1.9552e-06
1.98084e-06
2.0041e-06
2.02491e-06
2.04318e-06
2.0588e-06
2.07169e-06
2.08176e-06
2.0889e-06
2.09303e-06
2.09404e-06
2.09185e-06
2.09351e-06
2.11378e-06
2.13111e-06
2.1453e-06
2.15618e-06
2.16357e-06
2.16728e-06
2.16715e-06
2.16301e-06
2.15472e-06
2.14213e-06
2.12511e-06
2.10355e-06
2.07735e-06
2.04641e-06
2.01068e-06
2.01364e-06
2.0242e-06
2.03047e-06
2.03225e-06
2.02936e-06
2.02163e-06
2.00893e-06
1.99111e-06
1.96809e-06
1.93976e-06
1.9198e-06
1.90337e-06
1.8818e-06
1.855e-06
1.82295e-06
1.79697e-06
1.82422e-06
1.88317e-06
1.93876e-06
1.98954e-06
2.03527e-06
2.07574e-06
2.11075e-06
2.1401e-06
2.16362e-06
2.18116e-06
2.1926e-06
2.19782e-06
2.19672e-06
2.18925e-06
2.17535e-06
2.15499e-06
2.12817e-06
2.0949e-06
2.05524e-06
2.00923e-06
1.95696e-06
1.89853e-06
1.868e-06
1.85769e-06
1.89773e-06
1.93956e-06
2.00029e-06
2.05492e-06
2.10328e-06
2.14521e-06
2.1806e-06
2.20934e-06
2.23137e-06
2.24664e-06
2.25514e-06
2.25686e-06
2.25185e-06
2.24017e-06
2.2219e-06
2.19716e-06
2.16608e-06
2.12883e-06
2.11271e-06
2.11863e-06
2.17101e-06
2.22385e-06
2.2702e-06
2.30986e-06
2.34267e-06
2.36846e-06
2.38715e-06
2.40188e-06
2.44533e-06
2.4828e-06
2.52021e-06
2.56499e-06
2.6029e-06
2.65369e-06
2.69859e-06
2.73638e-06
2.76698e-06
2.79031e-06
2.80634e-06
2.81506e-06
2.81649e-06
2.81067e-06
2.79769e-06
2.80678e-06
2.81143e-06
2.80881e-06
2.79901e-06
2.78215e-06
2.75839e-06
2.72791e-06
2.69089e-06
2.64758e-06
2.5985e-06
2.56536e-06
2.52686e-06
2.48319e-06
2.43459e-06
2.38127e-06
2.32349e-06
2.2615e-06
2.19557e-06
2.12596e-06
2.05296e-06
1.97685e-06
1.89792e-06
1.81646e-06
1.73276e-06
1.6471e-06
1.57549e-06
1.53355e-06
1.50477e-06
1.47408e-06
1.44151e-06
1.40712e-06
1.37093e-06
1.33704e-06
1.3339e-06
1.32881e-06
1.32183e-06
1.31301e-06
1.37003e-06
1.42368e-06
1.4714e-06
1.51298e-06
1.54824e-06
1.57705e-06
1.59929e-06
1.61487e-06
1.62617e-06
1.63353e-06
1.63396e-06
1.62748e-06
1.61415e-06
1.59409e-06
1.56741e-06
1.5343e-06
1.49494e-06
1.45421e-06
1.45614e-06
1.4908e-06
1.52124e-06
1.54738e-06
1.56914e-06
1.58646e-06
1.5993e-06
1.60763e-06
1.61146e-06
1.61078e-06
1.60562e-06
1.59603e-06
1.58208e-06
1.56382e-06
1.57038e-06
1.59479e-06
1.61506e-06
1.63111e-06
1.64292e-06
1.65046e-06
1.65371e-06
1.65267e-06
1.64737e-06
1.63783e-06
1.63279e-06
1.6369e-06
1.63861e-06
1.6362e-06
1.62967e-06
1.61907e-06
1.60444e-06
1.58586e-06
1.5634e-06
1.53715e-06
1.50721e-06
1.49232e-06
1.48256e-06
1.47035e-06
1.4556e-06
1.43823e-06
1.41815e-06
1.39529e-06
1.36959e-06
1.34098e-06
1.30941e-06
1.27485e-06
1.23726e-06
1.19661e-06
1.15291e-06
1.16751e-06
1.19913e-06
1.22683e-06
1.25049e-06
1.27003e-06
1.2854e-06
1.29652e-06
1.30339e-06
1.30598e-06
1.30689e-06
1.30998e-06
1.31017e-06
1.30752e-06
1.30214e-06
1.29413e-06
1.28361e-06
1.27069e-06
1.25549e-06
1.23814e-06
1.21877e-06
1.19751e-06
1.1745e-06
1.14985e-06
1.12372e-06
1.16508e-06
1.21794e-06
1.27673e-06
1.33955e-06
1.39864e-06
1.45377e-06
1.5047e-06
1.55121e-06
1.597e-06
1.64339e-06
1.68505e-06
1.72181e-06
1.75352e-06
1.78007e-06
1.80136e-06
1.81731e-06
1.82787e-06
1.83301e-06
1.85131e-06
1.86711e-06
1.87734e-06
1.88197e-06
1.88102e-06
1.87453e-06
1.86254e-06
1.84515e-06
1.82245e-06
1.79458e-06
1.76168e-06
1.72393e-06
1.68151e-06
1.63465e-06
1.58355e-06
1.53335e-06
1.48723e-06
1.43776e-06
1.38514e-06
1.32961e-06
1.27138e-06
1.23182e-06
1.19285e-06
1.15117e-06
1.10695e-06
1.06041e-06
1.02448e-06
9.89711e-07
9.52846e-07
9.1406e-07
9.09348e-07
9.0543e-07
8.99514e-07
8.91646e-07
8.81878e-07
8.70266e-07
8.56872e-07
8.41764e-07
8.58474e-07
8.87382e-07
9.14951e-07
9.41064e-07
9.65605e-07
9.99991e-07
1.03434e-06
1.06641e-06
1.09603e-06
1.12303e-06
1.14727e-06
1.16861e-06
1.1869e-06
1.20203e-06
1.21839e-06
1.23358e-06
1.24491e-06
1.25229e-06
1.25563e-06
1.25488e-06
1.24999e-06
1.24095e-06
1.22776e-06
1.21043e-06
1.18902e-06
1.16357e-06
1.13418e-06
1.10094e-06
1.06398e-06
1.02344e-06
9.79474e-07
9.3226e-07
8.89885e-07
8.63918e-07
8.58777e-07
8.5262e-07
8.45531e-07
8.37588e-07
8.28863e-07
8.19427e-07
8.09342e-07
7.98667e-07
7.90687e-07
7.8201e-07
7.71725e-07
7.66571e-07
7.59936e-07
7.51842e-07
7.42315e-07
7.31381e-07
7.19072e-07
7.05421e-07
6.90465e-07
6.74245e-07
6.56802e-07
6.3818e-07
6.18427e-07
6.29242e-07
6.70252e-07
7.08001e-07
7.42396e-07
7.73366e-07
8.00854e-07
8.24827e-07
8.45268e-07
8.62181e-07
8.75586e-07
8.85524e-07
8.92052e-07
8.95243e-07
8.95188e-07
8.91992e-07
8.85776e-07
8.8087e-07
8.79397e-07
8.79117e-07
8.76783e-07
8.72465e-07
8.66239e-07
8.58183e-07
8.49122e-07
8.51893e-07
8.51659e-07
8.48397e-07
8.42098e-07
8.32771e-07
8.20441e-07
8.063e-07
7.97428e-07
7.85894e-07
7.71728e-07
7.54971e-07
7.3568e-07
7.13922e-07
6.89777e-07
6.76856e-07
6.66902e-07
6.54978e-07
6.42184e-07
6.3961e-07
6.3515e-07
6.28865e-07
6.20821e-07
6.11091e-07
5.99755e-07
5.94258e-07
6.03462e-07
6.11289e-07
6.17711e-07
6.27572e-07
6.37207e-07
6.45259e-07
6.51697e-07
6.56494e-07
6.59631e-07
6.61095e-07
6.60878e-07
6.5898e-07
6.55405e-07
6.55064e-07
6.7212e-07
6.87634e-07
7.01542e-07
7.13788e-07
7.24319e-07
7.33088e-07
7.40054e-07
7.4518e-07
7.52008e-07
7.66766e-07
7.79542e-07
7.90268e-07
7.98883e-07
8.05335e-07
8.09579e-07
8.11578e-07
8.11305e-07
8.08739e-07
8.03872e-07
7.967e-07
7.87231e-07
7.75482e-07
7.61477e-07
7.45252e-07
7.38591e-07
7.42706e-07
7.44563e-07
7.44134e-07
7.41398e-07
7.36345e-07
7.28976e-07
7.19301e-07
7.0734e-07
6.93123e-07
6.76688e-07
6.59291e-07
6.49049e-07
6.36703e-07
6.22286e-07
6.0785e-07
6.1704e-07
6.24912e-07
6.31412e-07
6.36488e-07
6.40098e-07
6.42203e-07
6.42773e-07
6.41783e-07
6.39214e-07
6.35057e-07
6.30023e-07
6.28155e-07
6.24434e-07
6.18849e-07
6.11401e-07
6.02099e-07
5.90963e-07
5.87494e-07
5.91712e-07
5.93562e-07
5.93015e-07
5.9006e-07
5.84698e-07
5.89905e-07
6.06879e-07
6.2185e-07
6.34802e-07
6.45728e-07
6.54627e-07
6.61507e-07
6.66384e-07
6.69282e-07
6.70232e-07
6.6927e-07
6.66442e-07
6.61798e-07
6.55394e-07
6.47293e-07
6.37562e-07
6.26274e-07
6.21993e-07
6.22059e-07
6.20207e-07
6.16489e-07
6.10958e-07
6.03678e-07
5.94717e-07
5.84149e-07
5.72054e-07
5.58516e-07
5.45095e-07
5.35393e-07
5.2428e-07
5.11832e-07
4.98134e-07
4.83269e-07
4.67326e-07
4.50397e-07
4.32574e-07
4.30332e-07
4.36345e-07
4.40803e-07
4.43725e-07
4.45136e-07
4.45068e-07
4.43558e-07
4.43137e-07
4.42214e-07
4.39296e-07
4.34436e-07
4.27692e-07
4.24342e-07
4.40584e-07
4.5551e-07
4.69053e-07
4.81156e-07
4.91764e-07
5.00831e-07
5.08318e-07
5.14192e-07
5.18427e-07
5.21006e-07
5.21917e-07
5.21159e-07
5.18735e-07
5.14657e-07
5.08944e-07
5.01623e-07
4.92727e-07
4.82296e-07
4.70379e-07
4.64116e-07
4.57408e-07
4.49358e-07
4.40001e-07
4.29375e-07
4.17522e-07
4.08676e-07
4.01034e-07
3.98192e-07
4.02489e-07
4.06283e-07
4.09564e-07
4.12321e-07
4.14542e-07
4.16216e-07
4.17331e-07
4.17873e-07
4.1783e-07
4.17189e-07
4.15937e-07
4.14062e-07
4.11552e-07
4.08395e-07
4.0458e-07
4.00098e-07
3.9586e-07
3.95441e-07
3.94499e-07
3.93006e-07
3.90934e-07
3.88255e-07
3.87162e-07
3.88297e-07
3.88084e-07
3.86535e-07
3.85229e-07
3.86337e-07
3.86301e-07
3.85136e-07
3.82862e-07
3.79506e-07
3.76298e-07
3.72513e-07
3.67543e-07
3.65543e-07
3.71921e-07
3.81276e-07
3.89483e-07
3.96522e-07
4.02382e-07
4.07053e-07
4.10531e-07
4.12818e-07
4.13919e-07
4.15201e-07
4.18156e-07
4.20754e-07
4.25363e-07
4.28729e-07
4.30853e-07
4.31741e-07
4.35301e-07
4.44773e-07
4.53166e-07
4.60424e-07
4.66496e-07
4.71335e-07
4.74896e-07
4.7714e-07
4.78033e-07
4.77545e-07
4.75652e-07
4.72334e-07
4.67579e-07
4.61379e-07
4.53733e-07
4.44645e-07
4.34125e-07
4.22191e-07
4.10904e-07
4.14078e-07
4.2102e-07
4.31472e-07
4.40772e-07
4.48888e-07
4.55795e-07
4.61471e-07
4.65899e-07
4.69067e-07
4.70966e-07
4.71594e-07
4.70952e-07
4.69046e-07
4.65887e-07
4.61489e-07
4.55874e-07
4.49064e-07
4.42634e-07
4.45991e-07
4.48019e-07
4.48712e-07
4.4807e-07
4.46096e-07
4.42801e-07
4.382e-07
4.32314e-07
4.25169e-07
4.17164e-07
4.21849e-07
4.37817e-07
4.53045e-07
4.66822e-07
4.79106e-07
4.89862e-07
4.99062e-07
5.06684e-07
5.12715e-07
5.17147e-07
5.19981e-07
5.27036e-07
5.3326e-07
5.37803e-07
5.40671e-07
5.41876e-07
5.41438e-07
5.39385e-07
5.35749e-07
5.30571e-07
5.23895e-07
5.15773e-07
5.06262e-07
4.95422e-07
4.84799e-07
4.75607e-07
4.65313e-07
4.53972e-07
4.41644e-07
4.2839e-07
4.14272e-07
3.99355e-07
3.83706e-07
3.67389e-07
3.50473e-07
3.37857e-07
3.25827e-07
3.13215e-07
3.00082e-07
2.89258e-07
2.90907e-07
2.92117e-07
2.92624e-07
2.92454e-07
2.91631e-07
2.90183e-07
2.88137e-07
2.87124e-07
2.8782e-07
2.87815e-07
2.87126e-07
2.85771e-07
2.8377e-07
2.81145e-07
2.77919e-07
2.75086e-07
2.72503e-07
2.69297e-07
2.74601e-07
2.85876e-07
2.96159e-07
3.05401e-07
3.13557e-07
3.20585e-07
3.26454e-07
3.31134e-07
3.34603e-07
3.36845e-07
3.37849e-07
3.37613e-07
3.36139e-07
3.33435e-07
3.29516e-07
3.24403e-07
3.25625e-07
3.28417e-07
3.30332e-07
3.31362e-07
3.31503e-07
3.30753e-07
3.29115e-07
3.26595e-07
3.23202e-07
3.23577e-07
3.26143e-07
3.28108e-07
3.29466e-07
3.30214e-07
3.30348e-07
3.29866e-07
3.28769e-07
3.27056e-07
3.24728e-07
3.21789e-07
3.20762e-07
3.20335e-07
3.19514e-07
3.1829e-07
3.16653e-07
3.14593e-07
3.12101e-07
3.09166e-07
3.05779e-07
3.0193e-07
2.97611e-07
2.92813e-07
2.87528e-07
2.81751e-07
2.75476e-07
2.68698e-07
2.62771e-07
2.59865e-07
2.56458e-07
2.52549e-07
2.48138e-07
2.43223e-07
2.37807e-07
2.31893e-07
2.25485e-07
2.19222e-07
2.18438e-07
2.26618e-07
2.33981e-07
2.40492e-07
2.46121e-07
2.50842e-07
2.54632e-07
2.57477e-07
2.59362e-07
2.60282e-07
2.60233e-07
2.59219e-07
2.57247e-07
2.54328e-07
2.5048e-07
2.47869e-07
2.45866e-07
2.43081e-07
2.39529e-07
2.35228e-07
2.30199e-07
2.33355e-07
2.40392e-07
2.50512e-07
2.60196e-07
2.69421e-07
2.78163e-07
2.86402e-07
2.94116e-07
3.01286e-07
3.08235e-07
3.15021e-07
3.21187e-07
3.26719e-07
3.31599e-07
3.35816e-07
3.39356e-07
3.42211e-07
3.44372e-07
3.48799e-07
3.52821e-07
3.56058e-07
3.585e-07
3.60144e-07
3.60986e-07
3.61026e-07
3.60264e-07
3.58707e-07
3.56361e-07
3.53234e-07
3.49338e-07
3.44687e-07
3.39296e-07
3.33184e-07
3.26371e-07
3.19418e-07
3.1201e-07
3.03999e-07
2.95411e-07
2.86274e-07
2.76618e-07
2.66472e-07
2.55869e-07
2.46099e-07
2.38986e-07
2.314e-07
2.23369e-07
2.15317e-07
2.08789e-07
2.01856e-07
1.99522e-07
1.98277e-07
1.96576e-07
1.94433e-07
1.91863e-07
1.88882e-07
1.88935e-07
1.89638e-07
1.92294e-07
1.95775e-07
1.98915e-07
2.01704e-07
2.04132e-07
2.06192e-07
2.07875e-07
2.09175e-07
2.10085e-07
2.12427e-07
2.15483e-07
2.18485e-07
2.21317e-07
2.23632e-07
2.25416e-07
2.26656e-07
2.27341e-07
2.27464e-07
2.27017e-07
2.25996e-07
2.244e-07
2.22228e-07
2.19482e-07
2.16168e-07
2.12292e-07
2.11291e-07
2.11787e-07
2.11694e-07
2.11021e-07
2.09782e-07
2.0799e-07
2.05662e-07
2.02814e-07
2.00789e-07
1.98605e-07
1.95943e-07
1.92825e-07
1.89271e-07
1.85304e-07
1.80947e-07
1.76963e-07
1.73708e-07
1.70134e-07
1.66259e-07
1.62102e-07
1.5768e-07
1.53012e-07
1.48119e-07
1.45399e-07
1.43066e-07
1.40187e-07
1.36767e-07
1.34974e-07
1.32815e-07
1.30183e-07
1.27082e-07
1.26504e-07
1.26339e-07
1.26109e-07
1.25606e-07
1.32053e-07
1.40404e-07
1.48297e-07
1.55713e-07
1.62637e-07
1.69053e-07
1.74949e-07
1.80315e-07
1.85143e-07
1.89426e-07
1.93159e-07
1.96342e-07
1.98973e-07
2.01054e-07
2.02589e-07
2.03583e-07
2.04044e-07
2.0398e-07
2.0395e-07
2.03646e-07
2.02893e-07
2.017e-07
2.00078e-07
1.98036e-07
1.95587e-07
1.93487e-07
1.91051e-07
1.88224e-07
1.85015e-07
1.81433e-07
1.77488e-07
1.73191e-07
1.68555e-07
1.63592e-07
1.58317e-07
1.52745e-07
1.49834e-07
1.49092e-07
1.47839e-07
1.46089e-07
1.43854e-07
1.41151e-07
1.40084e-07
1.39138e-07
1.37748e-07
1.35925e-07
1.33682e-07
1.31034e-07
1.27999e-07
1.27536e-07
1.27573e-07
1.27239e-07
1.26538e-07
1.25472e-07
1.24047e-07
1.23076e-07
1.22121e-07
1.22326e-07
1.23136e-07
1.25907e-07
1.28589e-07
1.30994e-07
1.33112e-07
1.34936e-07
1.36458e-07
1.3767e-07
1.38566e-07
1.3914e-07
1.3939e-07
1.39309e-07
1.38897e-07
1.39732e-07
1.41211e-07
1.42358e-07
1.43162e-07
1.43615e-07
1.43709e-07
1.43438e-07
1.42797e-07
1.41781e-07
1.40388e-07
1.38617e-07
1.36468e-07
1.33942e-07
1.31042e-07
1.27772e-07
1.25969e-07
1.26758e-07
1.27197e-07
1.27274e-07
1.26981e-07
1.26313e-07
1.25263e-07
1.23828e-07
1.22006e-07
1.19797e-07
1.17202e-07
1.14224e-07
1.12389e-07
1.10724e-07
1.0869e-07
1.06287e-07
1.03518e-07
1.02477e-07
1.06263e-07
1.09718e-07
1.12826e-07
1.15572e-07
1.17941e-07
1.19921e-07
1.21502e-07
1.22718e-07
1.2482e-07
1.26501e-07
1.27753e-07
1.28572e-07
1.28953e-07
1.28894e-07
1.28397e-07
1.27463e-07
1.26097e-07
1.24304e-07
1.22094e-07
1.20757e-07
1.22966e-07
1.26005e-07
1.29575e-07
1.3277e-07
1.35583e-07
1.3801e-07
1.40046e-07
1.41689e-07
1.42938e-07
1.43794e-07
1.44256e-07
1.4433e-07
1.44019e-07
1.43328e-07
1.42264e-07
1.40836e-07
1.39051e-07
1.36921e-07
1.37017e-07
1.37687e-07
1.3794e-07
1.37778e-07
1.37208e-07
1.36234e-07
1.34867e-07
1.33114e-07
1.30988e-07
1.28499e-07
1.26654e-07
1.25034e-07
1.23052e-07
1.20717e-07
1.18044e-07
1.15047e-07
1.1174e-07
1.0814e-07
1.04263e-07
1.00129e-07
