1.00321 0.584588 0.0179347 2.68176 
0.9814 0.623091 -0.00385539 2.6339 
1.01097 0.522102 -0.0781915 2.6942 
0.989989 0.61147 0.00143862 2.65408 
0.999494 0.584525 -0.000160127 2.6717 
1.00431 0.58371 0.00048003 2.68472 
0.999266 0.583305 -0.00554621 2.67086 
1.00591 0.580183 0.0138137 2.68816 
0.980786 0.613262 -0.0272537 2.62691 
0.9892 0.611333 -0.000312439 2.65139 
0.993551 0.607778 0.00274887 2.66351 
0.993753 0.590073 -0.021825 2.65629 
0.997277 0.598311 0.0150251 2.67018 
0.987105 0.597949 -0.0525098 2.64406 
0.996328 0.599282 0.0225152 2.66786 
0.998558 0.521012 -0.0867977 2.65203 
0.999915 0.592946 -0.000131927 2.67588 
1.00392 0.584706 5.04449e-05 2.68397 
1.00785 0.576284 0.00095938 2.69227 
1.00314 0.548823 -0.00500862 2.67803 
0.887101 0.652789 -0.0990069 2.37319 
0.977224 0.632586 0.0349755 2.62748 
0.889456 0.701858 0.0878335 2.4104 
0.997589 0.564568 -0.00159041 2.66538 
1.00488 0.582581 0.000245675 2.68596 
0.97602 0.620356 0.151316 2.62958 
0.991764 0.604568 -0.00135676 2.65575 
1.0031 0.583973 0.0424695 2.68204 
0.999091 0.594183 -0.000460244 2.67386 
0.998397 0.595477 -0.000541611 2.67229 
0.977875 0.622903 -0.0139406 2.62264 
1.00174 0.590674 0.00091736 2.68024 
0.961638 0.654876 -0.0332946 2.59385 
0.998502 0.584599 -0.00994454 2.66765 
1.00311 0.58635 0.0035086 2.68228 
1.00453 0.583606 0.00677028 2.68545 
1.02693 0.544694 0.0272046 2.7399 
1.02963 0.551692 0.101399 2.75908 
0.959405 0.553287 -0.130447 2.5459 
0.982243 0.620779 0.0313966 2.63539 
1.01059 0.572119 0.0313011 2.69978 
0.894665 0.683672 -0.071233 2.41422 
0.949236 0.664057 0.00566772 2.55987 
1.00888 0.57426 0.00730305 2.69465 
0.997315 0.564686 -0.0384995 2.66149 
1.01041 0.527317 -0.0156782 2.69295 
0.997351 0.557048 -0.000975981 2.66267 
1.00249 0.545622 -0.00797306 2.67387 
0.998315 0.590012 -0.0034123 2.66922 
1.00579 0.580806 0.000395825 2.68797 
0.967609 0.645423 0.0313902 2.60496 
0.984921 0.604074 -0.0179883 2.63379 
1.0044 0.583409 0.00446578 2.68489 
0.923432 0.691116 0.100699 2.50754 
1.01359 0.565176 0.00380151 2.70532 
0.859558 0.708412 -0.00967009 2.32457 
0.999495 0.583568 -0.00273786 2.67101 
1.00472 0.583185 0.00202266 2.68578 
0.995317 0.590963 0.102385 2.66606 
0.99706 0.563864 -0.00226497 2.6631 
1.00506 0.582263 0.00138894 2.68639 
0.99965 0.588659 -0.000607324 2.67328 
1.00416 0.584138 4.10497e-05 2.68445 
1.00732 0.577801 0.0016172 2.69139 
0.999351 0.570432 -0.00514542 2.67081 
0.999131 0.582851 -0.00114101 2.67049 
1.00433 0.583782 0.000872259 2.68483 
0.996097 0.566381 -0.000155116 2.66119 
1.00453 0.583403 4.04004e-05 2.6853 
0.997835 0.575994 -0.00100206 2.66723 
1.00474 0.58291 0.000327793 2.68571 
0.944642 0.630285 -0.0948805 2.53374 
0.999412 0.585941 -0.000906264 2.67162 
1.00426 0.584004 0.000199984 2.68473 
0.925029 0.691313 0.0338576 2.50578 
1.01561 0.559929 0.0535894 2.71098 
1.00681 0.578339 0.0156945 2.69015 
1.02125 0.547179 0.0217311 2.72184 
0.962895 0.640677 -0.059734 2.59072 
1.00415 0.584248 0.000607182 2.68448 
0.999417 0.586088 -0.00124973 2.67166 
1.00084 0.578118 -0.0102392 2.6762 
0.984362 0.619603 0.0818897 2.64524 
0.999622 0.582728 -0.00479398 2.67225 
0.998231 0.585284 -0.0186988 2.6689 
1.00668 0.579184 0.00515525 2.69005 
0.996192 0.586499 -0.0125838 2.66093 
0.952751 0.663654 0.0615846 2.57283 
0.998878 0.580481 -0.00143799 2.67038 
1.00514 0.582393 0.00380833 2.68675 
1.00373 0.585019 0.000308573 2.68357 
0.999659 0.591735 -0.000858192 2.67448 
0.999238 0.583868 -0.00108335 2.67092 
1.0046 0.583302 0.00106268 2.68547 
0.987296 0.608786 0.0724628 2.64695 
0.958318 0.652316 -0.0445392 2.58246 
0.934427 0.662734 -0.0623558 2.51793 
0.996509 0.59707 -0.00502653 2.66715 
1.00214 0.589 0.0528208 2.68245 
0.935268 0.668806 -0.00867551 2.51957 
1.00441 0.583642 4.09242e-05 2.68501 
1.00433 0.583808 9.81476e-05 2.68484 
0.995805 0.56778 -0.000150406 2.66069 
0.997064 0.573629 -0.00177584 2.66471 
0.998259 0.594917 0.018396 2.67145 
1.00177 0.590996 0.0165928 2.68074 
1.00278 0.586737 0.01001 2.68146 
0.988645 0.613746 0.0139654 2.65143 
0.982558 0.619424 0.00632949 2.63526 
0.979103 0.630314 0.00971118 2.63136 
1.01332 0.521417 -0.0433551 2.70027 
1.00338 0.523222 -0.0552159 2.66739 
0.997067 0.565425 -0.0517737 2.66197 
0.989271 0.611473 0.00922421 2.65186 
0.987783 0.613745 0.00442747 2.64835 
0.985149 0.614393 -0.00183806 2.64026 
0.99935 0.58426 -0.000946624 2.67129 
0.999289 0.583842 -0.00067385 2.67101 
0.998755 0.580091 -0.00119863 2.66946 
1.00429 0.583799 0.000203764 2.6847 
1.00432 0.583747 0.000334556 2.68478 
1.00439 0.583593 0.000349075 2.6849 
0.998719 0.583556 -0.010778 2.66912 
0.999944 0.58332 -0.00740882 2.67344 
0.999622 0.578489 -0.00746288 2.67183 
1.00549 0.581296 0.00710264 2.6873 
1.006 0.58103 0.00959352 2.68889 
1.00695 0.577418 0.00906896 2.68998 
0.975798 0.619685 -0.0422276 2.61655 
0.979975 0.60957 -0.0389431 2.62378 
0.986371 0.602254 -0.0458694 2.64134 
0.986835 0.611948 -0.00733643 2.64429 
0.988652 0.609689 -0.00539786 2.64876 
0.990453 0.608378 -0.00700872 2.65392 
0.99852 0.598639 0.00231745 2.67435 
0.99541 0.603617 0.00459168 2.6671 
0.993753 0.605683 0.0091352 2.66301 
0.984237 0.606305 -0.0234086 2.63385 
0.989087 0.597058 -0.0274869 2.6451 
0.990393 0.594918 -0.0332048 2.6498 
0.999788 0.594215 0.00439073 2.6759 
0.999732 0.593591 0.00746714 2.67535 
1.00149 0.590018 0.00819572 2.67909 
0.969363 0.63121 -0.0575579 2.60529 
0.977598 0.613026 -0.0638759 2.6223 
0.975953 0.602694 -0.070212 2.61257 
1.00386 0.586157 0.0230669 2.68504 
1.00027 0.590844 0.0255634 2.6759 
0.999473 0.598277 0.0345669 2.67823 
0.993979 0.574899 -0.0549767 2.65652 
0.995201 0.562993 -0.0694975 2.65683 
0.986753 0.571643 -0.0828844 2.63435 
0.99956 0.593715 -8.36132e-05 2.67514 
0.999735 0.593144 -0.000166516 2.6754 
0.999671 0.591673 -0.000422766 2.67445 
1.00412 0.584204 1.19015e-05 2.68437 
1.00405 0.584392 0.00018247 2.68426 
1.00407 0.584214 0.00026238 2.68422 
1.00971 0.571937 0.00187224 2.69605 
1.00882 0.57443 0.00296691 2.69447 
1.0084 0.576054 0.00452231 2.69399 
0.999524 0.554336 -0.00251943 2.66855 
0.999681 0.553592 -0.00407589 2.66839 
1.00066 0.568154 -0.00642715 2.6744 
0.922942 0.602949 -0.132625 2.45753 
0.920367 0.633102 -0.114311 2.46496 
0.929153 0.644603 -0.0987813 2.4949 
0.993215 0.607953 0.0481813 2.66426 
0.985248 0.616886 0.0476589 2.64369 
0.984218 0.626481 0.054358 2.64738 
0.874813 0.709111 0.0502015 2.3702 
0.900803 0.709484 0.0620051 2.44933 
0.921564 0.688366 0.0507482 2.4934 
0.996631 0.565912 -0.000758386 2.66274 
0.996702 0.566377 -0.0011591 2.66299 
0.997856 0.57505 -0.00152471 2.66712 
1.00517 0.581882 0.000393145 2.68656 
1.00505 0.582286 0.000577899 2.68639 
1.00496 0.582563 0.000912623 2.68625 
0.935508 0.668729 0.124704 2.53064 
0.957736 0.650914 0.133745 2.58997 
0.964822 0.636139 0.117302 2.59838 
0.99007 0.610416 -0.000493561 2.65369 
0.990937 0.608536 -0.00248802 2.65543 
0.991008 0.605597 -0.00451382 2.65403 
1.00641 0.578764 0.0255795 2.6893 
1.00658 0.580474 0.0372237 2.69137 
1.00886 0.571099 0.0402829 2.69377 
0.998528 0.593151 -0.00228209 2.67155 
0.999027 0.592695 -0.001269 2.67292 
0.999286 0.591409 -0.00154403 2.67312 
0.995993 0.598953 -0.000838038 2.66637 
0.997366 0.596887 -0.00103358 2.66971 
0.997426 0.595474 -0.00235901 2.66921 
0.968183 0.638351 -0.00172495 2.60146 
0.970487 0.635144 -0.0128611 2.607 
0.967956 0.63086 -0.0238152 2.59687 
1.00335 0.58633 0.000369835 2.68307 
1.00254 0.587836 0.00189657 2.68125 
1.00263 0.587702 0.0031862 2.68146 
0.966174 0.653877 5.14627e-06 2.60612 
0.95964 0.655606 -0.0181907 2.58736 
0.955795 0.67087 -0.0201327 2.58635 
0.999452 0.584255 -0.00548069 2.67062 
0.998423 0.58458 -0.00686936 2.6672 
0.99817 0.59037 -0.00577588 2.669 
1.0036 0.585326 0.000894885 2.68331 
1.00344 0.585882 0.00181712 2.6831 
1.00369 0.585001 0.00222486 2.68342 
1.00407 0.584992 0.012715 2.68479 
1.00405 0.584394 0.00791162 2.68428 
1.00312 0.586565 0.00679831 2.68245 
1.03191 0.542717 0.0572373 2.7576 
1.02486 0.539381 0.0426454 2.73083 
1.01859 0.557906 0.0445745 2.71945 
1.01338 0.584909 0.134854 2.72825 
1.0141 0.565318 0.110396 2.71492 
1.00856 0.577565 0.100793 2.70202 
0.987447 0.517356 -0.105037 2.61779 
0.975623 0.533731 -0.111339 2.5871 
0.97379 0.574366 -0.105252 2.59694 
0.991946 0.606509 0.0254785 2.65784 
0.98875 0.614724 0.0338789 2.65301 
0.991128 0.607169 0.0409 2.65633 
1.00668 0.578685 0.0197786 2.69001 
1.00954 0.5737 0.0218179 2.69679 
1.01056 0.57134 0.0196991 2.69883 
0.927642 0.667829 -0.0720112 2.50209 
0.908272 0.679612 -0.0638285 2.4502 
0.909652 0.690537 -0.0424812 2.46046 
0.964984 0.649503 0.0218046 2.59908 
0.954443 0.661341 0.0221307 2.57433 
0.945247 0.665772 0.0320929 2.54874 
1.0114 0.568861 0.00489891 2.70003 
1.01057 0.571565 0.0069653 2.6988 
1.0113 0.568764 0.0120601 2.69972 
1.0046 0.525613 -0.0272204 2.67219 
1.00297 0.555219 -0.0314371 2.67704 
1.0013 0.55615 -0.0238282 2.67136 
1.00557 0.53736 -0.00688934 2.68146 
1.00459 0.534369 -0.0114073 2.67625 
1.00456 0.554654 -0.0152067 2.68223 
0.996275 0.559481 -0.000943906 2.66019 
0.99671 0.559412 -0.0013061 2.66132 
0.997945 0.569666 -0.00241314 2.66713 
1.001 0.568626 -0.00902585 2.67512 
1.00312 0.562897 -0.00984837 2.68053 
1.00326 0.561986 -0.0150045 2.68011 
0.999028 0.58406 -0.00344824 2.66898 
0.999096 0.588105 -0.00316931 2.67093 
0.999277 0.587862 -0.00186652 2.67134 
1.00662 0.578987 0.00055105 2.68973 
1.00629 0.580033 0.00100132 2.68921 
1.00622 0.580409 0.00167719 2.6892 
0.971573 0.640657 0.0590727 2.61598 
0.962357 0.650681 0.0431725 2.59236 
0.954595 0.662863 0.0492633 2.57672 
0.992766 0.590642 -0.0181219 2.65215 
0.990304 0.597965 -0.0159038 2.6478 
0.990248 0.601028 -0.012896 2.64905 
1.00349 0.585793 0.00446789 2.68323 
1.00397 0.584628 0.00426113 2.68414 
1.00407 0.584227 0.00265477 2.68424 
0.938123 0.678035 0.0624283 2.53791 
0.938524 0.668142 0.0846578 2.5337 
0.954267 0.653941 0.100471 2.5751 
1.01942 0.554566 0.0109841 2.71931 
1.01582 0.559296 0.0105751 2.70974 
1.01403 0.565276 0.0138359 2.70697 
0.867363 0.691204 -0.0507644 2.33653 
0.882539 0.704012 -0.0334823 2.39047 
0.898648 0.696781 -0.0274645 2.43118 
0.999239 0.582575 -0.00156113 2.67074 
0.999349 0.583555 -0.00181428 2.67046 
0.999467 0.585993 -0.00189482 2.67143 
1.00469 0.583276 0.00364705 2.68574 
1.00456 0.583394 0.00239024 2.68536 
1.00426 0.583908 0.00226075 2.68467 
0.987665 0.606801 0.14011 2.65718 
0.988484 0.606703 0.123879 2.65667 
0.978226 0.621339 0.114686 2.63163 
0.998172 0.5762 -0.00163124 2.66832 
0.998255 0.572955 -0.00151211 2.66838 
0.998333 0.572928 -0.00294092 2.66844 
1.00549 0.581456 0.000690375 2.68737 
1.00544 0.581693 0.00113298 2.68734 
1.00562 0.58115 0.00185476 2.68761 
0.999849 0.591724 -0.000416675 2.67507 
0.999863 0.590402 -0.000380606 2.67451 
0.999727 0.59049 -0.000791348 2.67411 
1.00421 0.584028 0.00011055 2.68458 
1.00416 0.584114 9.61069e-05 2.68444 
1.00413 0.584144 0.000227743 2.68439 
1.00757 0.57754 0.0045688 2.69211 
1.00713 0.578647 0.00259467 2.69121 
1.00662 0.579653 0.00279364 2.6901 
0.997596 0.556871 -0.00187879 2.66318 
0.998988 0.568806 -0.00392949 2.66985 
0.99823 0.57054 -0.00353939 2.66783 
0.99931 0.584717 -0.00111424 2.67104 
0.999378 0.584661 -0.00137965 2.67124 
0.999478 0.586006 -0.00135796 2.67144 
1.00458 0.58333 0.00130317 2.68541 
1.00436 0.583745 0.00133278 2.68491 
1.00423 0.583937 0.00149234 2.68461 
0.996148 0.567428 -0.000368467 2.66169 
0.996133 0.567306 -0.000472452 2.66144 
0.997112 0.573524 -0.000750727 2.66509 
1.00466 0.58316 4.61061e-05 2.68556 
1.00458 0.583304 0.000131597 2.68539 
1.00452 0.583521 0.0001875 2.68533 
0.996144 0.566638 -0.000401352 2.66136 
0.997377 0.573576 -0.00125075 2.6658 
0.997225 0.574209 -0.00114508 2.6654 
1.00475 0.582898 0.000933408 2.68572 
1.00467 0.583187 0.000511078 2.68561 
1.00456 0.58335 0.000431345 2.68533 
0.949403 0.58105 -0.122592 2.52746 
0.952396 0.609229 -0.10646 2.54732 
0.967008 0.599014 -0.0971713 2.58695 
0.999422 0.586459 -6.04518e-05 2.67185 
0.999493 0.586735 -0.00078438 2.67214 
0.999585 0.589481 -0.000852267 2.67329 
1.00425 0.584006 0.000475953 2.6847 
1.00423 0.584026 0.000357945 2.68466 
1.00419 0.584192 0.000383081 2.68459 
0.892343 0.711658 0.0174407 2.42503 
0.909617 0.697961 0.0152536 2.4644 
0.914159 0.69989 -0.00173949 2.48003 
1.02352 0.54265 0.0774444 2.73053 
1.01651 0.561653 0.0720172 2.71658 
1.01028 0.568465 0.078694 2.69991 
1.00851 0.574895 0.0094276 2.69376 
1.00867 0.574189 0.0140473 2.69398 
1.00983 0.571843 0.0141484 2.69654 
1.01673 0.559699 0.0335317 2.71361 
1.01704 0.55991 0.0253799 2.71446 
1.01503 0.563206 0.0199967 2.70937 
0.95091 0.636715 -0.0783996 2.55308 
0.960642 0.626888 -0.0736023 2.57746 
0.967831 0.613284 -0.0847965 2.5936 
1.00422 0.584 0.000812241 2.6846 
1.00415 0.584261 0.000801927 2.68451 
1.0041 0.584268 0.00135726 2.68436 
0.999544 0.589653 -0.0011902 2.67319 
0.999541 0.588083 -0.00111919 2.67253 
0.999567 0.588279 -0.0015692 2.6727 
0.999261 0.584774 -0.0152458 2.67193 
1.00065 0.579544 -0.0144998 2.67611 
1.00176 0.575457 -0.016893 2.67834 
0.996295 0.604446 0.0923033 2.67623 
0.985907 0.61498 0.0891489 2.64825 
0.98188 0.632255 0.10129 2.64841 
1.00008 0.577623 -0.00583138 2.67368 
0.999218 0.578654 -0.00488346 2.67105 
0.999315 0.57769 -0.00422218 2.6717 
0.997329 0.582175 -0.031165 2.6666 
0.999456 0.580498 -0.0239382 2.67226 
1.00132 0.574837 -0.0236805 2.67678 
1.00541 0.582016 0.00456276 2.68742 
1.00614 0.579983 0.00431111 2.6887 
1.00612 0.580263 0.003201 2.68878 
0.996981 0.592298 -0.00671973 2.66609 
0.995213 0.593277 -0.00959089 2.66088 
0.993586 0.59747 -0.00948087 2.65791 
0.975414 0.629429 0.0751353 2.62187 
0.966966 0.650092 0.082693 2.60999 
0.967342 0.645114 0.0925791 2.60898 
0.999367 0.582836 -0.00312692 2.67133 
0.999248 0.580765 -0.00259593 2.67167 
0.998931 0.577941 -0.00261775 2.67035 
1.00503 0.582321 0.00197722 2.68632 
1.00524 0.582105 0.00311146 2.68691 
1.00556 0.580849 0.00277235 2.68724 
1.00402 0.584391 0.000488458 2.68417 
1.0039 0.584589 0.000630818 2.68388 
1.00387 0.584785 0.00110842 2.68387 
0.999503 0.593846 -0.00042181 2.67503 
0.999591 0.59221 -0.00093658 2.67452 
0.999525 0.591309 -0.00117987 2.67385 
0.998867 0.581125 -0.0011675 2.66996 
0.998805 0.581489 -0.0010528 2.66975 
0.99837 0.57934 -0.00150272 2.66851 
1.00438 0.583678 0.000766168 2.68494 
1.00448 0.583394 0.000746941 2.68512 
1.00447 0.583507 0.000512186 2.68515 
0.995803 0.595608 0.0574444 2.6656 
0.994059 0.602917 0.0714494 2.66558 
0.995988 0.594633 0.0787959 2.66754 
0.944805 0.664151 -0.0363932 2.54741 
0.948455 0.658678 -0.046485 2.55581 
0.945062 0.653132 -0.0566822 2.54312 
0.936022 0.661448 -0.0299533 2.51774 
0.930894 0.669862 -0.0401048 2.50985 
0.922622 0.681211 -0.0346567 2.49238 
0.994713 0.600932 -0.00218541 2.66332 
0.994958 0.599477 -0.0046099 2.66341 
0.993275 0.601692 -0.0064518 2.65921 
1.01167 0.572609 0.0516243 2.70474 
1.00647 0.57816 0.0563723 2.69072 
1.00589 0.586288 0.0713316 2.69493 
0.930298 0.679672 0.0230021 2.51233 
0.927641 0.680744 0.00127991 2.50511 
0.922113 0.687904 -0.00582193 2.49417 
1.00444 0.583508 8.24612e-05 2.68504 
1.00445 0.583607 9.68873e-05 2.68512 
1.00447 0.583596 0.000168772 2.68519 
1.00439 0.58369 3.13752e-05 2.68498 
1.00439 0.583708 8.13182e-05 2.68498 
1.00441 0.58367 0.00017591 2.68504 
0.995375 0.568245 -0.000311236 2.65952 
0.995966 0.568807 -0.000363511 2.66153 
0.996777 0.573553 -0.000746722 2.66418 
0.998699 0.581528 -0.00116796 2.66942 
0.997885 0.577624 -0.00102682 2.66721 
0.998021 0.577505 -0.00179873 2.66769 
