1.00509 0.581692 0.0163243 2.68634 
0.988191 0.6169 0.0101222 2.65294 
1.00368 0.533423 -0.0655797 2.67898 
0.991607 0.61023 0.00358835 2.6591 
0.998494 0.575297 -0.00124284 2.66738 
1.00704 0.578627 0.000410496 2.69091 
0.99731 0.573246 -0.00841565 2.66324 
1.00916 0.573197 0.0110312 2.69502 
0.979727 0.607033 -0.0354676 2.62299 
0.989287 0.608992 -0.00164404 2.65065 
0.999937 0.601217 0.006472 2.68092 
0.986216 0.592066 -0.026459 2.63517 
1.00278 0.588859 0.0116354 2.68285 
0.971844 0.607654 -0.0577691 2.60473 
1.00408 0.588963 0.0276596 2.68795 
0.985147 0.537991 -0.0825703 2.61991 
0.999856 0.591936 -0.000261265 2.67581 
1.00668 0.579379 2.46532e-06 2.69013 
1.01113 0.569301 0.00196858 2.69935 
1.00162 0.551613 -0.00734211 2.67811 
0.897245 0.615449 -0.0986398 2.38422 
0.993533 0.613044 0.0448366 2.6698 
0.908087 0.680485 0.0741972 2.45201 
0.996234 0.561851 -0.00137004 2.66198 
1.00763 0.577201 0.000507896 2.6921 
0.98162 0.616351 0.128393 2.6433 
0.992366 0.607799 -0.0012424 2.66008 
1.01103 0.56941 0.0360708 2.70001 
0.998492 0.592424 -0.00142269 2.67167 
0.996229 0.597962 -0.00220471 2.66708 
0.975777 0.622567 -0.00953042 2.61721 
1.00566 0.58356 0.000795007 2.68915 
0.96781 0.655994 -0.0142691 2.61646 
0.997605 0.580901 -0.00734425 2.66358 
1.0065 0.580364 0.00233733 2.69012 
1.0065 0.580704 0.0100392 2.6904 
1.03115 0.546702 0.0389337 2.75617 
1.03142 0.563372 0.109258 2.77457 
0.953763 0.54434 -0.114466 2.52521 
0.994266 0.602424 0.0333032 2.66367 
1.01179 0.567484 0.023758 2.70106 
0.910602 0.664356 -0.05205 2.45015 
0.962428 0.648924 0.0281131 2.59313 
1.0132 0.563671 0.00941503 2.7033 
0.993529 0.534164 -0.0334643 2.64413 
1.00564 0.532455 -0.0135539 2.68491 
0.995521 0.556674 -0.00172588 2.66045 
1.00058 0.547439 -0.0127337 2.67182 
0.997992 0.581581 -0.00292774 2.66489 
1.00889 0.574787 0.000846503 2.6949 
0.976735 0.636855 0.0518489 2.63148 
0.986319 0.594039 -0.0175169 2.63353 
1.00688 0.57937 0.00357753 2.6908 
0.955367 0.66313 0.0953349 2.58966 
1.01837 0.557068 0.00804705 2.71707 
0.874014 0.674862 -0.0149727 2.34498 
0.998616 0.577183 -0.0023842 2.66717 
1.00732 0.578372 0.0029574 2.69172 
0.998203 0.597114 0.114005 2.68385 
0.995851 0.561536 -0.002144 2.66038 
1.00801 0.576351 0.00153095 2.69285 
0.999195 0.587704 -0.00128126 2.67229 
1.00686 0.579146 0.000154997 2.69061 
1.01012 0.572762 0.00343486 2.69791 
0.99552 0.556289 -0.00364801 2.6596 
0.998331 0.57711 -0.0017925 2.6661 
1.00715 0.578561 0.00122321 2.69123 
0.995068 0.562953 -0.000383199 2.65879 
1.00727 0.578411 3.35304e-05 2.69154 
0.995279 0.563216 -0.000890698 2.65936 
1.0074 0.577895 0.000689514 2.69169 
0.942961 0.579861 -0.101306 2.50747 
0.99867 0.583091 -0.00102991 2.66932 
1.0069 0.579158 0.000404216 2.69076 
0.922293 0.686639 0.0290654 2.50043 
1.02418 0.544071 0.0653912 2.7327 
1.01073 0.568932 0.0128998 2.69791 
1.02225 0.545939 0.0239036 2.7248 
0.954492 0.627029 -0.0753374 2.56131 
1.00688 0.579193 0.00119389 2.69069 
0.999034 0.583754 -0.00309865 2.67062 
0.999156 0.57119 -0.0166594 2.66915 
1.00059 0.609587 0.0922246 2.69548 
0.997879 0.56929 -0.00566542 2.66503 
0.993123 0.571645 -0.0266865 2.64985 
1.00862 0.575587 0.00437188 2.69447 
0.994289 0.585475 -0.0114691 2.65468 
0.981669 0.63072 0.0741048 2.64556 
0.997022 0.570148 -0.00227324 2.66217 
1.00798 0.57646 0.0028397 2.69285 
1.00656 0.580013 0.000689261 2.69012 
0.999419 0.591843 -0.00148418 2.67438 
0.997711 0.573391 -0.00206694 2.6649 
1.00719 0.578488 0.000915226 2.69133 
1.00163 0.587641 0.0683372 2.68157 
0.951486 0.651435 -0.0428016 2.56412 
0.935109 0.658421 -0.0357314 2.519 
0.993388 0.601693 -0.00559209 2.65996 
1.012 0.573624 0.0577067 2.70744 
0.940796 0.667929 0.0152321 2.54036 
1.00712 0.578602 0.000139101 2.69117 
1.00706 0.578746 0.000110983 2.69106 
0.994443 0.563258 -0.000229351 2.65694 
0.997001 0.570181 -0.00231278 2.66375 
