1186
0.00783595
0.00353986
0.00311725
0.00473632
0.00535734
0.00506836
0.00417052
0.00298615
0.00234365
0.00216442
0.00227444
0.00232912
0.00225196
0.00206421
0.00189607
0.00195132
0.00192728
0.00184404
0.00172117
0.00157639
0.00160413
0.00154535
0.0014685
0.00132423
0.00133659
0.00139364
0.00146565
0.00131697
0.00129542
0.00129356
0.00130101
0.00129691
0.00128158
0.00140528
0.00154589
0.00154125
0.00141806
0.00127132
0.00129295
0.00133072
0.00137012
0.00139496
0.00141258
0.00143741
0.00145245
0.00145752
0.00145268
0.00143813
0.00141423
0.00141376
0.00144729
0.0015177
0.00160089
0.00167231
0.00172928
0.00176943
0.00179081
0.00179196
0.001772
0.00173065
0.00166821
0.00158557
0.00148414
0.00138861
0.00133471
0.00126627
0.00118494
0.0010926
0.000991219
0.00088284
0.000771533
0.000771134
0.000859675
0.000939218
0.00100912
0.00106892
0.00111833
0.00115731
0.00118597
0.00120468
0.00121396
0.0012145
0.00120712
0.00119273
0.00120211
0.00121436
0.00121959
0.00121876
0.00121273
0.00120223
0.00118792
0.00117344
0.00115753
0.00113761
0.00111392
0.00108658
0.00105567
0.00102119
0.000983122
0.000941394
0.000895933
0.000847846
0.000825257
0.000796865
0.000762865
0.000723514
0.00067913
0.000702028
0.000727627
0.000748475
0.000763726
0.000772635
0.00077457
0.000769043
0.000758369
0.000741949
0.000716111
0.000681198
0.000637762
0.000586545
0.000581644
0.00063337
0.000684372
0.000727743
0.000763024
0.000789875
0.000808088
0.000817583
0.000818414
0.000810769
0.000794956
0.000771408
0.000740661
0.000703349
0.000660186
0.000611952
0.000559474
0.000508435
0.00052768
0.000550688
0.000569733
0.000585168
0.000597355
0.000606655
0.000613407
0.00061792
0.000620458
0.000621233
0.000620402
0.000618057
0.000614231
0.000608898
0.000601977
0.000593342
0.000582829
0.000570252
0.000555411
0.000538108
0.00051816
0.000495415
0.000469758
0.000441128
0.000409525
0.000375014
0.000337732
0.000297891
0.00026509
0.000252714
0.000239388
0.000225268
0.000210492
0.000212239
0.000218657
0.000223424
0.000226517
0.000227929
0.000248676
0.000270691
0.000297518
0.000320443
0.000339235
0.000353736
0.000363864
0.000369611
0.000371045
0.000368305
0.000361592
0.000351171
0.00034015
0.000326588
0.000310232
0.000291513
0.000270874
0.000257525
0.000265775
0.00027234
0.000277174
0.00028099
0.000283419
0.000284334
0.00028379
0.00028186
0.000278635
0.000274217
0.00026872
0.000262265
0.000254978
0.000246987
0.000238419
0.000229397
0.000220039
0.000211943
0.000204092
0.000196027
0.000187839
0.000179606
0.000176599
0.000176449
0.000174881
0.000171984
0.000167852
0.000162586
0.000156287
0.000153905
0.000151225
0.000149344
0.000151624
0.000152857
0.000153047
0.000152209
0.000153753
0.000155958
0.000157003
0.000160538
0.000165621
0.00016944
0.000171973
0.000173209
0.000173149
0.000171806
0.000172943
0.00017487
0.000175465
0.000174738
0.000172711
0.000169417
0.0001649
0.000159215
0.000152425
0.000144604
0.000135833
0.000130378
0.00013195
0.00013325
0.000134012
0.000136556
0.000139728
0.000142369
0.000144433
0.000145881
0.000146681
0.000147971
0.000152816
0.000157186
0.000161035
0.000164323
0.000167011
0.00016907
0.000170475
0.000171208
0.000171258
0.000170621
0.000169301
0.000167308
0.000167101
0.000166239
0.000164705
0.000162501
0.000159637
0.000156125
0.000151985
0.000147244
0.00014193
0.000136077
0.000132518
0.000131999
0.000131453
0.000131384
0.000130644
0.000129225
0.000127127
0.000124353
0.000120912
0.00011682
0.000112093
0.000106754
0.000100832
9.43549e-05
9.17765e-05
8.9899e-05
8.74159e-05
8.43382e-05
8.06828e-05
7.64722e-05
7.35125e-05
7.46955e-05
7.62164e-05
7.71009e-05
7.73567e-05
7.81681e-05
8.27072e-05
8.76666e-05
9.28895e-05
9.76204e-05
0.000101831
0.000105494
0.000108585
0.000111081
0.000112964
0.000114217
0.00011483
0.000114795
0.000116755
0.000119741
0.000121947
0.000123356
0.000123956
0.000123746
0.00012273
0.00012092
0.000118336
0.000115006
0.000110963
0.000106325
0.000101606
9.62827e-05
9.04073e-05
8.52681e-05
8.51241e-05
8.48234e-05
8.43735e-05
8.37805e-05
8.30489e-05
8.21818e-05
8.11808e-05
8.0046e-05
7.87767e-05
7.73709e-05
7.5826e-05
7.41392e-05
7.23074e-05
7.07964e-05
6.95262e-05
6.80248e-05
6.62862e-05
6.43066e-05
6.20852e-05
5.96242e-05
5.90218e-05
5.84089e-05
5.76269e-05
5.68288e-05
5.72153e-05
5.70151e-05
5.62425e-05
5.49158e-05
5.30567e-05
5.09705e-05
4.85066e-05
4.78981e-05
4.79097e-05
4.7683e-05
4.72224e-05
4.65339e-05
4.56253e-05
4.45063e-05
4.44439e-05
4.71033e-05
4.93887e-05
5.12873e-05
5.27902e-05
5.45013e-05
5.78172e-05
6.08966e-05
6.37213e-05
6.62744e-05
6.85403e-05
7.05048e-05
7.21551e-05
7.34799e-05
7.44697e-05
7.51168e-05
7.54155e-05
7.56992e-05
7.77849e-05
7.94431e-05
8.06651e-05
8.14454e-05
8.17818e-05
8.16753e-05
8.11303e-05
8.01546e-05
7.87589e-05
7.70649e-05
7.53811e-05
7.33321e-05
7.09378e-05
6.822e-05
6.52024e-05
6.19105e-05
5.8371e-05
5.48013e-05
5.28857e-05
5.07549e-05
4.84277e-05
4.59239e-05
4.3264e-05
4.04687e-05
3.77968e-05
3.65501e-05
3.51936e-05
3.47971e-05
3.47256e-05
3.45302e-05
3.42149e-05
3.60683e-05
3.82852e-05
4.02757e-05
4.20379e-05
4.35716e-05
4.50119e-05
4.64623e-05
4.766e-05
4.86099e-05
4.9318e-05
4.97919e-05
5.00403e-05
5.00731e-05
4.9901e-05
4.95356e-05
4.89888e-05
4.82733e-05
4.74019e-05
4.63876e-05
4.52436e-05
4.39827e-05
4.26177e-05
4.11612e-05
3.96253e-05
3.80216e-05
3.63612e-05
3.48645e-05
3.60205e-05
3.7047e-05
3.7848e-05
3.84199e-05
3.87612e-05
3.88725e-05
3.87562e-05
3.84168e-05
3.78604e-05
3.70949e-05
3.61296e-05
3.49753e-05
3.36438e-05
3.21481e-05
3.0502e-05
2.87199e-05
2.68166e-05
2.48076e-05
2.2708e-05
2.05333e-05
1.88229e-05
1.84093e-05
1.7939e-05
1.74158e-05
1.6844e-05
1.62279e-05
1.56224e-05
1.51327e-05
1.46027e-05
1.42709e-05
1.41034e-05
1.38459e-05
1.35014e-05
1.30735e-05
1.34437e-05
1.48451e-05
1.61363e-05
1.73143e-05
1.83766e-05
1.95161e-05
2.06982e-05
2.17703e-05
2.27314e-05
2.3581e-05
2.4319e-05
2.49457e-05
2.54619e-05
2.58686e-05
2.61673e-05
2.63598e-05
2.64485e-05
2.64358e-05
2.63248e-05
2.61187e-05
2.58211e-05
2.54362e-05
2.49683e-05
2.44219e-05
2.38022e-05
2.31143e-05
2.26796e-05
2.23784e-05
2.20275e-05
2.19394e-05
2.19182e-05
2.18467e-05
2.17246e-05
2.15523e-05
2.13302e-05
2.10595e-05
2.07417e-05
2.03789e-05
1.99733e-05
1.95278e-05
1.90455e-05
1.85297e-05
1.7984e-05
1.74123e-05
1.68183e-05
1.62061e-05
1.55794e-05
1.49422e-05
1.42979e-05
1.36502e-05
1.35265e-05
1.35369e-05
1.35044e-05
1.34287e-05
1.33096e-05
1.31471e-05
1.29416e-05
1.30996e-05
1.32227e-05
1.3271e-05
1.32449e-05
1.31453e-05
1.30866e-05
1.31685e-05
1.31777e-05
1.31149e-05
1.29816e-05
1.27793e-05
1.25106e-05
1.2178e-05
1.17847e-05
1.13342e-05
1.08304e-05
1.02774e-05
9.67966e-06
9.06704e-06
8.80757e-06
8.62678e-06
8.4129e-06
8.16655e-06
7.88859e-06
7.594e-06
7.66805e-06
7.7137e-06
7.72979e-06
7.71542e-06
7.66989e-06
7.59271e-06
7.48365e-06
7.44362e-06
7.57469e-06
7.70673e-06
7.80985e-06
7.88231e-06
7.93413e-06
7.98427e-06
8.00289e-06
7.98851e-06
7.93978e-06
8.14552e-06
8.51112e-06
8.84772e-06
9.15179e-06
9.41998e-06
9.64922e-06
9.83665e-06
9.97975e-06
1.00763e-05
1.01243e-05
1.01223e-05
1.00691e-05
9.96377e-06
9.80592e-06
9.59548e-06
9.33277e-06
9.0185e-06
8.65379e-06
8.49687e-06
8.36014e-06
8.18301e-06
7.96594e-06
7.85702e-06
7.86769e-06
7.86667e-06
7.85388e-06
7.82918e-06
7.86609e-06
8.08972e-06
8.36746e-06
8.80467e-06
9.2134e-06
9.59089e-06
9.93456e-06
1.02421e-05
1.05632e-05
1.09443e-05
1.12781e-05
1.15626e-05
1.17962e-05
1.19779e-05
1.21068e-05
1.21823e-05
1.22043e-05
1.21731e-05
1.20892e-05
1.19534e-05
1.1767e-05
1.15315e-05
1.12487e-05
1.09205e-05
1.07916e-05
1.06979e-05
1.05512e-05
1.0353e-05
1.01052e-05
9.80983e-06
9.46928e-06
9.08614e-06
8.7381e-06
8.36059e-06
7.94607e-06
7.49755e-06
7.0182e-06
6.5113e-06
5.98021e-06
5.52838e-06
5.25108e-06
4.98022e-06
4.68648e-06
4.37209e-06
4.03938e-06
3.99285e-06
3.9926e-06
3.98385e-06
3.96637e-06
4.09924e-06
4.51232e-06
4.90326e-06
5.27125e-06
5.61556e-06
5.93629e-06
6.244e-06
6.52041e-06
6.7654e-06
6.97898e-06
7.16132e-06
7.32253e-06
7.46322e-06
7.57824e-06
7.66793e-06
7.73271e-06
7.77313e-06
7.78987e-06
7.7837e-06
7.7555e-06
7.70626e-06
7.63708e-06
7.54914e-06
7.44369e-06
7.3221e-06
7.18576e-06
7.03615e-06
6.87476e-06
6.70313e-06
6.55108e-06
6.61839e-06
6.65979e-06
6.67531e-06
6.66514e-06
6.62955e-06
6.56896e-06
6.49155e-06
6.41974e-06
6.3333e-06
6.23278e-06
6.11877e-06
5.99185e-06
5.85265e-06
5.70178e-06
5.53988e-06
5.3676e-06
5.1856e-06
4.99455e-06
4.79515e-06
4.58809e-06
4.3741e-06
4.16839e-06
3.99206e-06
3.81215e-06
3.66133e-06
3.54095e-06
3.42016e-06
3.29902e-06
3.17756e-06
3.05587e-06
2.93402e-06
2.8121e-06
2.75427e-06
2.75626e-06
2.75113e-06
2.73913e-06
2.72055e-06
2.6957e-06
2.66493e-06
2.62862e-06
2.58714e-06
2.54091e-06
2.63655e-06
2.74903e-06
2.84365e-06
2.92056e-06
2.98008e-06
3.02258e-06
3.04858e-06
3.05866e-06
3.05351e-06
3.03388e-06
3.00063e-06
2.95463e-06
2.89684e-06
2.82825e-06
2.74989e-06
2.66279e-06
2.56803e-06
2.46667e-06
2.35976e-06
2.2767e-06
2.24348e-06
2.20464e-06
2.16048e-06
2.11133e-06
2.05754e-06
2.0206e-06
2.01397e-06
2.00463e-06
1.99262e-06
1.978e-06
1.96086e-06
1.94129e-06
1.91939e-06
1.89529e-06
1.87234e-06
1.85627e-06
1.83517e-06
1.8092e-06
1.79569e-06
1.78419e-06
1.77085e-06
1.75576e-06
1.73901e-06
1.7248e-06
1.77233e-06
1.81659e-06
1.85734e-06
1.89437e-06
1.9275e-06
1.95654e-06
1.98135e-06
2.00181e-06
2.01782e-06
2.02931e-06
2.03624e-06
2.03859e-06
2.03635e-06
2.02956e-06
2.01826e-06
2.00252e-06
1.98242e-06
1.95805e-06
1.92953e-06
1.89697e-06
1.86051e-06
1.82027e-06
1.77641e-06
1.753e-06
1.74728e-06
1.73887e-06
1.72775e-06
1.7139e-06
1.69728e-06
1.67785e-06
1.6638e-06
1.65954e-06
1.65209e-06
1.64367e-06
1.63234e-06
1.61696e-06
1.59744e-06
1.57369e-06
1.54565e-06
1.51327e-06
1.47651e-06
1.43536e-06
1.38979e-06
1.33985e-06
1.28555e-06
1.22696e-06
1.16804e-06
1.16267e-06
1.15599e-06
1.14803e-06
1.13886e-06
1.12853e-06
1.11709e-06
1.10461e-06
1.09114e-06
1.07677e-06
1.06156e-06
1.04558e-06
1.02889e-06
1.02372e-06
1.08838e-06
1.15017e-06
1.20901e-06
1.26481e-06
1.3175e-06
1.36706e-06
1.41345e-06
1.45667e-06
1.49672e-06
1.53365e-06
1.56749e-06
1.5983e-06
1.62614e-06
1.684e-06
1.75654e-06
1.82497e-06
1.88913e-06
1.94885e-06
2.00401e-06
2.05448e-06
2.10018e-06
2.14102e-06
2.17694e-06
2.20788e-06
2.23383e-06
2.25476e-06
2.27068e-06
2.28161e-06
2.28759e-06
2.28865e-06
2.28488e-06
2.27634e-06
2.26315e-06
2.2454e-06
2.22322e-06
2.19676e-06
2.16618e-06
2.13163e-06
2.09331e-06
2.05141e-06
2.00615e-06
1.95774e-06
1.90642e-06
1.86466e-06
1.82755e-06
1.78618e-06
1.74083e-06
1.69179e-06
1.6394e-06
1.58398e-06
1.52589e-06
1.46547e-06
1.40309e-06
1.33912e-06
1.27394e-06
1.20792e-06
1.14144e-06
1.09312e-06
1.05438e-06
1.01438e-06
9.79546e-07
9.62755e-07
9.44665e-07
9.25425e-07
9.05183e-07
8.84093e-07
8.63696e-07
8.58281e-07
8.51373e-07
8.43065e-07
8.33455e-07
8.22649e-07
8.10752e-07
7.97877e-07
7.84137e-07
7.70813e-07
7.75564e-07
7.78796e-07
7.8049e-07
7.80637e-07
7.79235e-07
7.76292e-07
7.71823e-07
7.65855e-07
7.58418e-07
7.49553e-07
7.3931e-07
7.27742e-07
7.36043e-07
7.56068e-07
7.73241e-07
7.87516e-07
7.98865e-07
8.07275e-07
8.12747e-07
8.153e-07
8.14967e-07
8.11799e-07
8.05859e-07
7.97227e-07
7.85997e-07
7.72276e-07
7.56186e-07
7.37858e-07
7.17435e-07
6.95071e-07
6.70927e-07
6.45173e-07
6.17983e-07
5.99946e-07
5.91764e-07
5.82514e-07
5.72286e-07
5.6117e-07
5.49256e-07
5.36633e-07
5.2339e-07
5.09611e-07
5.06623e-07
5.04198e-07
5.00914e-07
4.96756e-07
4.91716e-07
4.85792e-07
4.83158e-07
4.8312e-07
4.82505e-07
4.81279e-07
4.79415e-07
4.76891e-07
4.7369e-07
4.698e-07
4.65213e-07
4.59929e-07
4.5395e-07
4.47285e-07
4.39946e-07
4.38373e-07
4.42055e-07
4.44329e-07
4.45157e-07
4.5142e-07
4.55971e-07
4.58723e-07
4.59665e-07
4.58795e-07
4.56122e-07
4.51662e-07
4.45441e-07
4.37493e-07
4.27862e-07
4.16599e-07
4.03762e-07
3.89414e-07
3.73629e-07
3.56481e-07
3.38054e-07
3.18432e-07
3.18377e-07
3.20636e-07
3.24253e-07
3.27779e-07
3.31176e-07
3.34408e-07
3.37442e-07
3.40243e-07
3.42782e-07
3.4503e-07
3.4696e-07
3.48548e-07
3.49774e-07
3.50617e-07
3.51061e-07
3.51094e-07
3.50703e-07
3.4988e-07
3.4862e-07
3.46921e-07
3.52332e-07
3.6875e-07
3.84674e-07
4.00078e-07
4.14938e-07
4.29229e-07
4.42928e-07
4.56012e-07
4.68458e-07
4.80244e-07
4.91349e-07
5.01754e-07
5.11439e-07
5.20387e-07
5.31405e-07
5.4277e-07
5.53241e-07
5.62816e-07
5.71492e-07
5.79268e-07
5.86146e-07
5.92128e-07
5.97219e-07
6.01425e-07
6.04753e-07
6.07212e-07
6.08814e-07
6.09571e-07
6.09496e-07
6.08606e-07
6.06916e-07
6.04445e-07
6.01214e-07
5.97241e-07
5.92549e-07
5.87162e-07
5.81102e-07
5.74394e-07
5.67064e-07
5.59137e-07
5.50639e-07
5.41598e-07
5.32039e-07
5.21991e-07
5.1148e-07
5.00533e-07
4.89179e-07
4.77442e-07
4.65352e-07
4.52934e-07
4.40214e-07
4.2722e-07
4.13977e-07
4.00722e-07
3.91853e-07
3.84662e-07
3.77177e-07
3.69406e-07
3.61358e-07
3.53043e-07
3.44471e-07
3.35655e-07
3.27227e-07
3.19519e-07
3.11554e-07
3.03347e-07
2.94916e-07
2.88303e-07
2.86623e-07
2.84717e-07
2.82588e-07
2.8024e-07
2.77677e-07
2.74907e-07
2.71935e-07
2.68769e-07
2.65417e-07
2.6189e-07
2.58196e-07
2.54347e-07
2.53099e-07
2.51651e-07
2.50002e-07
2.48158e-07
2.46124e-07
2.43907e-07
2.41514e-07
2.38954e-07
2.36234e-07
2.33365e-07
2.30356e-07
2.27218e-07
2.23962e-07
2.20599e-07
2.17141e-07
2.136e-07
2.09989e-07
2.06319e-07
2.02604e-07
1.98857e-07
1.95088e-07
1.91312e-07
1.87539e-07
1.83783e-07
1.80054e-07
1.76364e-07
1.72724e-07
1.69924e-07
1.69521e-07
1.68763e-07
1.67659e-07
1.66217e-07
1.64446e-07
1.62357e-07
1.59958e-07
1.57261e-07
1.54276e-07
1.51014e-07
1.48927e-07
1.48153e-07
1.47346e-07
1.46509e-07
1.45643e-07
1.44746e-07
1.43822e-07
1.4287e-07
1.41892e-07
1.40889e-07
1.39861e-07
1.3881e-07
1.37738e-07
1.36646e-07
1.35535e-07
1.34407e-07
1.33265e-07
1.3211e-07
1.30944e-07
1.29769e-07
1.28589e-07
1.27405e-07
1.2622e-07
1.25036e-07
1.23857e-07
1.22684e-07
1.21521e-07
1.2037e-07
1.19234e-07
1.18116e-07
1.17017e-07
1.1594e-07
1.14888e-07
1.13863e-07
1.12866e-07
1.11898e-07
1.10963e-07
1.1006e-07
1.0919e-07
1.08355e-07
1.07554e-07
1.06788e-07
1.06057e-07
1.0536e-07
1.04696e-07
1.04064e-07
1.03463e-07
1.02891e-07
1.02347e-07
1.01827e-07
1.01331e-07
1.00854e-07
1.00395e-07
