0.998074 0.595206 0.0135157 2.67077 
0.977819 0.630126 0.00334239 2.62605 
1.01548 0.557962 -0.0626124 2.71466 
0.9849 0.617147 -0.00135379 2.64082 
1.0001 0.589728 -0.000438081 2.67442 
1.00126 0.589299 0.000248342 2.67783 
1.00086 0.586018 -0.00873023 2.67478 
1.00287 0.586794 0.0106065 2.6818 
0.985253 0.61516 -0.0359306 2.64135 
0.988808 0.612625 -0.00763558 2.65079 
0.992288 0.606827 0.00897135 2.65865 
0.992638 0.603473 -0.0247081 2.65788 
0.995674 0.597836 0.00928923 2.66439 
0.985223 0.607566 -0.0547274 2.63666 
0.994157 0.602784 0.0253563 2.66281 
1.00384 0.5653 -0.0774421 2.68055 
0.999636 0.592777 -0.000148182 2.67474 
1.00084 0.590265 0.000107785 2.67701 
1.00657 0.579988 0.00247401 2.69008 
1.00238 0.576501 -0.0029191 2.67936 
0.926411 0.664478 -0.112024 2.49759 
0.974494 0.631313 0.040991 2.61716 
0.8703 0.723516 0.0688986 2.36475 
0.99946 0.583274 -0.000507908 2.67245 
1.00197 0.588291 0.000404214 2.6796 
0.939816 0.656329 0.139405 2.53088 
0.990131 0.607449 -0.00339233 2.65199 
1.00124 0.589913 0.0373426 2.67878 
0.998878 0.593781 -0.00152823 2.67264 
0.998076 0.596125 -0.00120341 2.67144 
0.969658 0.635781 -0.0196532 2.60362 
0.998525 0.59465 0.00112552 2.67189 
0.958294 0.655964 -0.0227909 2.58058 
1.00019 0.591404 -0.0078237 2.67548 
1.00008 0.590772 0.00236996 2.67476 
0.999946 0.58969 0.00912056 2.67376 
1.01939 0.556458 0.0415164 2.72115 
1.00339 0.587 0.111291 2.69014 
0.992591 0.577972 -0.120821 2.65729 
0.981433 0.622762 0.0278462 2.63333 
1.00393 0.579647 0.0278269 2.68164 
0.910804 0.705048 -0.0692951 2.4733 
0.947684 0.665088 0.012793 2.55279 
1.00869 0.575534 0.00904863 2.69477 
1.00362 0.564018 -0.036314 2.67653 
1.01314 0.55871 -0.0105871 2.7064 
1.0004 0.58001 -0.00171421 2.67531 
1.00443 0.573858 -0.00572746 2.68412 
0.999071 0.592341 -0.00379264 2.67222 
1.00344 0.585489 0.000552623 2.68285 
0.953179 0.656468 0.0376685 2.56478 
0.990135 0.605455 -0.0148486 2.65064 
1.00085 0.5901 0.00329157 2.67691 
0.921578 0.698944 0.0882504 2.50244 
1.01428 0.565759 0.00793011 2.70784 
0.862891 0.728115 -0.0350133 2.34726 
1.00031 0.58965 -0.00211668 2.67495 
1.00128 0.58887 0.00195979 2.67766 
0.966707 0.628794 0.117914 2.59815 
0.999794 0.583221 -0.000983678 2.67324 
1.00229 0.587516 0.00121353 2.68021 
0.999944 0.592037 1.05627e-05 2.67497 
1.00105 0.589761 0.000241447 2.67739 
1.00443 0.584202 0.00404705 2.68542 
1.00131 0.579465 -0.00286906 2.67677 
1.0002 0.590264 -0.00137706 2.67459 
1.00131 0.589193 0.000945898 2.67794 
0.999066 0.584113 0.000201843 2.67156 
1.00149 0.589107 -5.22055e-05 2.67847 
0.999148 0.584205 -0.000382649 2.67185 
1.00159 0.588794 0.000465759 2.67862 
0.971331 0.617925 -0.107105 2.60936 
1.00007 0.591363 -0.000392991 2.67466 
1.00116 0.589449 0.000387848 2.67759 
0.899632 0.724112 0.014658 2.45172 
1.00728 0.566944 0.0666066 2.6871 
1.00533 0.584465 0.0144296 2.68863 
1.01466 0.560411 0.0280408 2.70676 
0.96879 0.635127 -0.0715787 2.60381 
1.00114 0.589472 0.000891632 2.67754 
0.999981 0.591758 -0.000979398 2.67472 
1.00374 0.58174 -0.0146154 2.68304 
0.975564 0.625913 0.0853302 2.61967 
1.00211 0.584211 -0.00449126 2.67889 
1.00122 0.583049 -0.0239772 2.67549 
1.0023 0.587064 0.00470839 2.68 
0.996981 0.596101 -0.0100289 2.66765 
0.954021 0.663948 0.0614586 2.57416 
1.00029 0.586548 -0.00249697 2.67368 
1.00206 0.588454 0.00253394 2.68 
1.00072 0.590404 0.000547522 2.67667 
0.999731 0.592804 -0.000930947 2.67487 
0.999794 0.587926 -0.000892996 2.67367 
1.00139 0.589048 0.00062668 2.67811 
0.982722 0.610175 0.0686232 2.63138 
0.950481 0.661374 -0.0542099 2.56055 
0.930085 0.686415 -0.0552857 2.51551 
0.996019 0.598705 -0.00234583 2.66614 
0.997371 0.590255 0.0552028 2.66715 
0.924071 0.69384 -0.00761768 2.5001 
1.00134 0.58921 0.000125279 2.67805 
1.00129 0.589299 6.11713e-05 2.67792 
0.998244 0.583398 -6.77639e-05 2.66951 
0.999395 0.586872 -0.00079115 2.6726 
