0.998062 0.59523 0.0135153 2.67075 
0.977805 0.630152 0.0033395 2.62602 
1.01547 0.557998 -0.062618 2.71467 
0.984888 0.617169 -0.00135607 2.6408 
1.0001 0.589752 -0.000438848 2.67443 
1.00125 0.589323 0.000247998 2.6778 
1.00086 0.586044 -0.00873279 2.67478 
1.00285 0.586819 0.0106061 2.68178 
0.985243 0.615187 -0.0359375 2.64134 
0.988798 0.612646 -0.00763841 2.65077 
0.992276 0.60685 0.00897177 2.65862 
0.992631 0.603497 -0.0247132 2.65787 
0.995662 0.597859 0.00928895 2.66436 
0.985215 0.607598 -0.0547353 2.63666 
0.994144 0.60281 0.0253567 2.66278 
1.00383 0.565335 -0.0774489 2.68055 
0.999634 0.592788 -0.000148072 2.67475 
1.00083 0.590288 0.000107649 2.67698 
1.00655 0.580014 0.00247382 2.69006 
1.00237 0.576542 -0.00291975 2.67937 
0.926392 0.664515 -0.112032 2.49756 
0.974478 0.631343 0.0409915 2.61713 
0.870265 0.72355 0.0689006 2.36467 
0.999457 0.583316 -0.000508791 2.67247 
1.00196 0.588315 0.000403931 2.67957 
0.939795 0.65636 0.139413 2.53084 
0.990122 0.607467 -0.00339341 2.65197 
1.00123 0.589939 0.0373439 2.67875 
0.998875 0.593795 -0.001529 2.67264 
0.998072 0.596139 -0.0012038 2.67144 
0.969643 0.635809 -0.0196585 2.60359 
0.998513 0.594673 0.00112543 2.67187 
0.958276 0.655999 -0.0227973 2.58055 
1.00018 0.591424 -0.00782604 2.67548 
1.00006 0.590795 0.00236987 2.67473 
0.999934 0.589714 0.00912018 2.67373 
1.01938 0.556485 0.0415181 2.72113 
1.00338 0.587029 0.111297 2.69012 
0.992585 0.57801 -0.12083 2.65729 
0.981419 0.622789 0.0278461 2.6333 
1.00392 0.579673 0.0278275 2.68162 
0.910779 0.705085 -0.0693021 2.47326 
0.947663 0.665123 0.0127917 2.55275 
1.00868 0.575561 0.00904864 2.69475 
1.00361 0.564055 -0.0363179 2.67653 
1.01314 0.55875 -0.0105886 2.70641 
1.0004 0.580053 -0.00171423 2.67533 
1.00443 0.573896 -0.0057284 2.68413 
0.999067 0.592359 -0.00379432 2.67222 
1.00343 0.585514 0.000552445 2.68283 
0.953159 0.656502 0.0376701 2.56474 
0.990127 0.605477 -0.0148522 2.65063 
1.00084 0.590123 0.00329122 2.67688 
0.921554 0.698977 0.0882546 2.50239 
1.01427 0.565786 0.00793012 2.70782 
0.862857 0.72815 -0.0350169 2.34719 
1.00031 0.589672 -0.00211834 2.67495 
1.00127 0.588894 0.00195936 2.67764 
0.966691 0.628824 0.117921 2.59812 
0.999791 0.583261 -0.000984688 2.67326 
1.00228 0.587541 0.00121322 2.68018 
0.999943 0.59205 1.01918e-05 2.67497 
1.00103 0.589784 0.000241263 2.67736 
1.00441 0.584227 0.00404691 2.68539 
1.00131 0.579504 -0.00286989 2.67678 
1.00019 0.590285 -0.00137768 2.6746 
1.0013 0.589217 0.000945574 2.67792 
0.999065 0.584156 0.000199419 2.67158 
1.00147 0.589131 -5.19699e-05 2.67844 
0.999147 0.584246 -0.000383762 2.67187 
1.00157 0.588818 0.000465645 2.67859 
0.97132 0.61796 -0.107115 2.60934 
1.00007 0.591381 -0.000394701 2.67466 
1.00115 0.589472 0.000387689 2.67756 
0.899602 0.724147 0.0146562 2.45166 
1.00727 0.566971 0.0666099 2.68708 
1.00532 0.58449 0.0144294 2.68861 
1.01465 0.560437 0.0280418 2.70674 
0.968779 0.63516 -0.0715883 2.60379 
1.00113 0.589495 0.000891242 2.67751 
0.999979 0.591774 -0.000980324 2.67472 
1.00374 0.581768 -0.014618 2.68305 
0.975548 0.625944 0.0853348 2.61964 
1.00211 0.58424 -0.00449297 2.67889 
1.00121 0.583077 -0.0239802 2.67549 
1.00229 0.587089 0.00470798 2.67998 
0.996976 0.59612 -0.0100318 2.66765 
0.954001 0.663981 0.0614624 2.57413 
1.00029 0.586578 -0.00249948 2.67369 
1.00204 0.588479 0.00253354 2.67997 
1.0007 0.590427 0.000547462 2.67664 
0.999729 0.592817 -0.000931844 2.67487 
0.999793 0.587955 -0.00089306 2.67368 
1.00138 0.589072 0.000626481 2.67808 
0.982708 0.610204 0.0686266 2.63135 
0.950463 0.661408 -0.0542192 2.56052 
0.930063 0.686449 -0.0552947 2.51547 
0.996013 0.598721 -0.00234687 2.66613 
0.997359 0.590282 0.0552055 2.66712 
0.924046 0.693875 -0.00762192 2.50005 
1.00133 0.589235 0.000125371 2.67802 
1.00127 0.589323 6.08839e-05 2.67789 
0.998244 0.583446 -6.87066e-05 2.66955 
0.999394 0.586908 -0.00078922 2.67262 
